#
#            Case A.S1       Station=  1
#            X= -330.2 mm      Tunnel Run#= 632   Ue/Uref=   1.000      Date= 426.88  Time=15.21
#            Bias Corrected data using 1/sqrt(U*U + V*V + W*W + (.01Ur)^2)
#
#                                |<---- normalized by 0.001 Ue^2 ----->|  |<------------- normalized by 0.0001 Ue^3 --------------->|
#LR  Y(mm)  U/Ue   V/Ue   W/Ue    uu     vv     ww     uv     vw     uw     uuu   uvv   uww   vuu   vvv   vww   wuu   wvv   www   uvw
 1  0.00  0.000  0.000  1.000   0.00   0.00   0.00  -2.44   2.66   0.00   0.00  0.00  0.00  0.00  0.00  0.00  0.00  0.00  0.00  0.00
 2  0.25  0.568  0.013  0.356  15.26   3.34  19.13  -1.80   1.79  -7.60  -2.29 -0.10 -6.94  1.15  0.38  1.96  5.37  0.19  5.24 -1.13
 3  0.38  0.608  0.012  0.315  13.16   4.07  16.04  -1.83   1.92  -5.19  -1.43 -0.55 -2.90  0.99  0.43  1.51  2.59  0.36  2.73 -0.73
 4  0.51  0.634  0.000  0.293  12.20   3.94  14.66  -1.99   1.94  -4.27  -1.49 -0.62 -2.82  1.09  0.74  2.01  2.18  0.76  3.32 -1.01
 5  0.63  0.650  0.002  0.280  11.74   4.13  14.14  -1.99   2.01  -4.12  -1.38 -0.60 -2.32  0.99  0.76  1.40  1.58  0.40  2.60 -0.75
 6  0.76  0.663  0.002  0.263  11.20   4.15  13.84  -1.98   1.97  -3.85  -0.56 -0.43 -1.92  0.96  0.65  1.43  1.00  0.38  2.53 -0.50
 7  1.02  0.683  0.002  0.240  11.01   4.04  13.02  -1.99   1.75  -4.10  -1.30 -0.60 -1.90  0.94  0.72  1.53  1.44  0.53  2.40 -0.63
 8  1.27  0.702  0.003  0.224  10.96   4.16  12.32  -2.17   2.07  -4.20  -1.49 -0.62 -1.44  1.06  0.80  1.47  1.28  0.55  2.01 -0.59
 9  1.52  0.712  0.001  0.211  10.07   4.27  11.77  -2.11   2.18  -4.16  -1.70 -0.54 -1.66  1.04  0.91  1.34  1.36  0.61  2.61 -0.52
10  1.78  0.728  0.002  0.199   9.99   4.20  11.06  -2.13   2.13  -3.99  -1.64 -0.63 -1.63  0.99  0.70  1.30  1.56  0.61  2.12 -0.67
11  2.03  0.738  0.003  0.190   9.67   4.29  10.89  -2.09   2.21  -3.98  -1.45 -0.70 -1.56  1.00  0.96  1.57  1.25  0.88  2.40 -0.64
12  2.29  0.743  0.003  0.183   9.41   4.35  10.02  -2.24   2.11  -3.64  -1.16 -0.61 -1.56  0.89  0.76  1.46  1.17  0.82  2.28 -0.62
13  2.54  0.750  0.002  0.176   9.51   4.17  10.35  -2.25   2.20  -3.79  -1.77 -0.73 -1.58  1.06  0.72  1.48  1.45  0.86  2.53 -0.85
14  2.79  0.758  0.005  0.170   8.85   4.37   9.87  -2.27   2.19  -3.44  -1.70 -0.65 -1.12  0.93  0.89  1.39  1.13  0.79  2.80 -0.61
15  3.30  0.774  0.003  0.157   8.38   4.27   9.43  -2.21   2.00  -3.39  -1.57 -0.51 -1.18  0.68  0.63  1.09  1.04  0.62  1.77 -0.51
16  3.81  0.785  0.002  0.150   7.77   4.19   8.72  -2.06   1.99  -3.04  -1.22 -0.62 -1.26  0.75  0.65  1.03  1.13  0.69  2.23 -0.61
17  4.32  0.795  0.005  0.144   7.88   4.38   8.56  -2.19   2.12  -2.84  -1.26 -0.52 -0.94  0.70  0.73  1.10  0.82  0.70  2.03 -0.53
18  4.83  0.807  0.005  0.137   7.46   4.30   8.41  -2.17   2.13  -2.86  -1.54 -0.56 -1.17  0.71  0.84  1.40  1.12  0.87  2.27 -0.65
19  5.59  0.820  0.004  0.126   7.33   4.22   7.83  -1.98   2.01  -2.44  -1.74 -0.57 -0.94  0.58  0.80  1.24  0.67  0.84  2.42 -0.42
20  6.35  0.831  0.004  0.117   6.97   4.23   7.43  -2.09   1.94  -2.25  -1.32 -0.76 -0.92  0.59  1.02  1.06  0.81  0.71  1.67 -0.47
21  7.11  0.843  0.005  0.110   6.56   3.99   7.22  -1.95   1.90  -2.20  -1.81 -0.64 -1.13  0.69  0.92  1.16  0.77  0.88  1.99 -0.62
22  8.38  0.866  0.008  0.095   6.31   3.61   6.27  -1.83   1.66  -1.95  -2.06 -0.68 -0.96  0.70  0.97  0.84  0.85  0.74  2.09 -0.40
23 10.16  0.895  0.007  0.075   5.34   3.10   5.42  -1.62   1.51  -1.73  -2.22 -0.75 -0.97  0.85  1.02  0.97  0.91  0.82  2.15 -0.46
24 12.70  0.938  0.008  0.044   3.87   2.34   3.74  -1.13   0.95  -1.30  -2.20 -0.81 -1.03  0.85  0.97  0.75  0.93  0.63  1.96 -0.45
25 15.24  0.973  0.008  0.019   2.15   1.59   2.07  -0.66   0.51  -0.67  -1.51 -0.52 -0.70  0.64  0.75  0.53  0.62  0.42  1.24 -0.24
26 17.78  0.991  0.006  0.005   0.82   0.84   0.87  -0.24   0.20  -0.21  -0.60 -0.23 -0.28  0.27  0.41  0.24  0.23  0.16  0.51 -0.08
27 20.32  0.997  0.006  0.000   0.24   0.39   0.28  -0.06   0.06  -0.06  -0.11 -0.06 -0.04  0.08  0.17  0.06  0.05  0.06  0.06 -0.02
28 22.86  1.000  0.005  0.000   0.09   0.16   0.15   0.00   0.00  -0.02   0.00  0.00  0.00  0.00  0.02  0.01  0.00  0.00  0.00  0.00
29 25.40  1.001  0.006  0.000   0.07   0.13   0.13   0.00   0.01  -0.01   0.00  0.00  0.00  0.00  0.03  0.00  0.00  0.00  0.01  0.00
30 38.10  1.001  0.008 -0.001   0.05   0.09   0.12   0.00   0.00  -0.01   0.00  0.00  0.00  0.00  0.00  0.00  0.00  0.00  0.00  0.00
31 50.80  1.002  0.008 -0.001   0.05   0.09   0.12   0.00   0.00  -0.01   0.00  0.00  0.00  0.00  0.00  0.00  0.00  0.00  0.01  0.00
