#
#            Case B.S0       Station=  1
#            X= -457.2 mm      Tunnel Run#= 688   Ue/Uref=   0.999      Date= 510.88  Time=11.45
#            Bias Corrected data using 1/sqrt(U*U + V*V + W*W + (.01Ur)^2)
#          The Y-position has been corrected by adding   0.254 to each measured Y-position in this profile.
#
#                                |<---- normalized by 0.001 Ur^2 ----->|  |<-------------- normalized by 0.0001 Ur^3 -------------->|
#LR  Y(mm)  U/Ur   V/Ur   W/Ur    uu     vv     ww     uv     vw     uw     uuu   uvv   uww   vuu   vvv   vww   wuu   wvv   www   uvw
 1  0.00  0.000  0.000  0.000   0.00   0.00   0.00  -1.60   0.00   0.00   0.00  0.00  0.00  0.00  0.00  0.00  0.00  0.00  0.00  0.00
 1  0.51  0.583 -0.001  0.008   8.78   1.62   5.98  -1.40  -0.35  -0.52  -1.49 -0.16 -0.15  0.60  0.02  0.15  0.13 -0.04  0.33  0.04
 2  0.63  0.608  0.000  0.006   8.03   1.92   5.62  -1.49  -0.33  -0.44  -1.32 -0.18 -0.15  0.58  0.14  0.14  0.16 -0.03  0.08  0.02
 3  0.76  0.627 -0.001  0.002   7.19   1.93   5.33  -1.34  -0.32  -0.43  -0.44 -0.11 -0.08  0.27  0.07  0.11  0.06 -0.03 -0.21  0.04
 4  0.89  0.644  0.000  0.006   6.79   2.06   5.09  -1.39  -0.32  -0.35  -0.41 -0.17 -0.11  0.31  0.26  0.20 -0.08 -0.07 -0.24  0.07
 5  1.02  0.651  0.000  0.003   7.03   2.14   4.95  -1.55  -0.32  -0.29  -0.56 -0.24  0.03  0.47  0.22  0.13 -0.04 -0.01 -0.32  0.00
 6  1.27  0.674 -0.001  0.003   6.32   2.24   4.65  -1.50  -0.26  -0.36  -0.13 -0.11  0.02  0.24  0.19  0.15 -0.02 -0.02 -0.24  0.01
 7  1.52  0.692 -0.001  0.002   5.97   2.24   4.26  -1.48  -0.22  -0.23  -0.15 -0.17 -0.11  0.19  0.28  0.17 -0.05 -0.07 -0.09  0.01
 8  1.78  0.707 -0.001  0.003   5.82   2.23   4.11  -1.48  -0.25  -0.12  -0.32 -0.15 -0.05  0.28  0.19  0.13 -0.20 -0.05 -0.12  0.06
 9  2.03  0.724 -0.001  0.002   5.58   2.27   3.78  -1.52  -0.17  -0.11  -0.41 -0.18 -0.02  0.31  0.20  0.14  0.03  0.01 -0.17  0.00
10  2.29  0.738 -0.002  0.003   5.54   2.17   3.64  -1.42  -0.08  -0.15  -0.57 -0.15 -0.11  0.30  0.17  0.14  0.02 -0.02 -0.11 -0.01
11  2.54  0.748 -0.001  0.004   5.37   2.18   3.59  -1.44  -0.19  -0.11  -0.38 -0.16 -0.06  0.23  0.17  0.10 -0.06 -0.04 -0.25  0.03
12  2.79  0.762 -0.003  0.001   5.02   2.08   3.41  -1.35  -0.10  -0.02  -0.69 -0.09 -0.15  0.20  0.14  0.09 -0.09 -0.01 -0.01  0.03
13  3.05  0.771 -0.002  0.002   4.84   2.04   3.42  -1.31  -0.07  -0.19  -0.49 -0.12 -0.14  0.18  0.13  0.16 -0.01 -0.01  0.00  0.02
14  3.56  0.788 -0.002  0.001   4.53   1.98   3.17  -1.26  -0.09  -0.07  -0.64 -0.16 -0.11  0.24  0.23  0.13  0.03  0.02 -0.10  0.01
15  4.06  0.815 -0.003  0.001   4.30   1.94   3.21  -1.24  -0.09  -0.11  -0.68 -0.17 -0.07  0.26  0.18  0.07 -0.02 -0.02 -0.24  0.00
16  4.57  0.831 -0.002  0.002   3.89   1.87   2.93  -1.13  -0.14   0.03  -0.62 -0.17 -0.16  0.22  0.25  0.10 -0.03  0.01 -0.12  0.03
17  5.08  0.847 -0.003  0.001   3.61   1.76   2.83  -1.06  -0.12   0.02  -0.60 -0.17 -0.21  0.21  0.19  0.15 -0.01 -0.02 -0.12  0.01
18  5.84  0.872 -0.003  0.003   3.33   1.59   2.53  -1.01  -0.12  -0.06  -0.84 -0.23 -0.21  0.29  0.27  0.08  0.03 -0.01  0.02  0.02
19  6.60  0.892 -0.003  0.001   2.88   1.46   2.16  -0.84  -0.04  -0.03  -0.78 -0.24 -0.26  0.27  0.34  0.14  0.02 -0.01 -0.08  0.00
20  7.37  0.913 -0.003  0.002   2.45   1.29   1.83  -0.76  -0.04  -0.04  -0.75 -0.24 -0.21  0.29  0.24  0.11  0.03 -0.01 -0.05 -0.01
21  8.64  0.944 -0.003  0.001   1.76   0.93   1.32  -0.52  -0.05   0.02  -0.61 -0.18 -0.21  0.23  0.19  0.13  0.01  0.01 -0.03  0.00
22 10.41  0.975 -0.002  0.003   0.87   0.57   0.67  -0.25  -0.01  -0.02  -0.39 -0.12 -0.11  0.14  0.11  0.07  0.01  0.00  0.02  0.00
23 12.95  0.996 -0.003  0.002   0.15   0.21   0.22  -0.02   0.01  -0.02  -0.03 -0.01  0.00  0.01  0.03  0.01  0.01  0.00  0.02  0.00
24 15.49  0.998 -0.003  0.002   0.07   0.11   0.15   0.00   0.00  -0.01   0.00  0.00  0.00  0.00  0.00  0.00  0.00  0.00  0.01  0.00
25 18.03  0.998 -0.004  0.002   0.05   0.11   0.13   0.00   0.00  -0.01   0.00  0.00  0.00  0.00  0.10  0.00  0.00  0.01  0.00  0.00
26 20.57  0.997 -0.004  0.001   0.05   0.08   0.14   0.00   0.00  -0.01   0.00  0.00  0.01  0.00  0.00  0.00  0.00  0.00  0.01  0.00
27 23.11  0.999 -0.004  0.000   0.05   0.09   0.14   0.00   0.00  -0.01   0.00  0.00  0.01  0.00  0.00  0.00  0.00  0.00  0.00  0.00
28 25.65  0.999 -0.004 -0.001   0.05   0.08   0.14   0.00   0.00  -0.01   0.00  0.00  0.00  0.00  0.00  0.00  0.00  0.00  0.01  0.00
29 28.19  1.001 -0.004 -0.001   0.05   0.09   0.14   0.00   0.00  -0.01   0.00  0.00  0.00  0.00  0.00  0.00  0.00  0.00  0.01  0.00
30 30.73  1.001 -0.005 -0.003   0.05   0.12   0.13   0.00   0.00  -0.01   0.00  0.00  0.00  0.00  0.17  0.00  0.00  0.00  0.01  0.00
31 33.27  1.002 -0.004 -0.002   0.06   0.08   0.16   0.00   0.00   0.01   0.00  0.00  0.01  0.00  0.00  0.00  0.00  0.00  0.01  0.00
32 35.81  0.997 -0.004 -0.003   0.05   0.08   0.12   0.00   0.00  -0.01   0.00  0.00  0.00  0.00  0.00  0.00  0.00  0.00  0.00  0.00
33 38.35  0.998 -0.003 -0.003   0.05   0.09   0.12   0.00   0.00  -0.01   0.00  0.00  0.00  0.00  0.00  0.00  0.00  0.00  0.00  0.00
34 40.89  0.999 -0.003 -0.002   0.04   0.09   0.12   0.00   0.00  -0.01   0.00  0.00  0.00  0.00  0.00  0.00  0.00  0.00  0.00  0.00
35 45.97  1.000 -0.003  0.000   0.04   0.09   0.11   0.00   0.00  -0.01   0.00  0.00  0.00  0.00  0.00  0.00  0.00  0.00  0.00  0.00
36 51.05  1.001  0.004  0.001   0.05   0.48   0.14   0.00   0.00  -0.01   0.00  0.00  0.00  0.00  0.04  0.00  0.00  0.00  0.01  0.00
37 56.13  1.001  0.004  0.000   0.05   0.48   0.12   0.00   0.00  -0.01   0.00  0.00  0.00  0.00  0.00  0.00  0.00  0.00  0.00  0.00
38 61.21  1.002  0.000 -0.004   0.05   0.00   0.12   0.00   0.00  -0.01   0.00  0.00  0.00  0.00  0.00  0.00  0.00  0.00  0.00  0.00
39 66.29  1.001  0.000 -0.004   0.05   0.00   0.12   0.00   0.00   0.00   0.00  0.00  0.00  0.00  0.00  0.00  0.00  0.00  0.00  0.00
