#
#            Case B.S1       Station=  8
#            X= 228.6 mm      Tunnel Run#= 626   Ue/Uref=   0.453      Date= 418.88  Time= 8.38
#            Bias Corrected data using 1/sqrt(U*U + V*V + W*W + (.01Ur)^2)
#
#                                |<---- normalized by 0.001 Ur^2 ----->|  |<-------------- normalized by 0.0001 Ur^3 -------------->|
#LR  Y(mm)  U/Ur   V/Ur   W/Ur    uu     vv     ww     uv     vw     uw     uuu   uvv   uww   vuu   vvv   vww   wuu   wvv   www   uvw
 1  0.00  0.000  0.000  0.000   0.00   0.00   0.00  -0.43  -0.13   0.00   0.00  0.00  0.00  0.00  0.00  0.00  0.00  0.00  0.00  0.00
 1  0.19  0.187  0.000  0.032   6.54   0.00   3.39   0.00   0.00   0.86   2.45  0.00  1.47  0.00  0.00  0.00  0.14  0.00  0.64  0.00
 2  0.25  0.220  0.008  0.040   6.99   0.66   3.86  -0.28  -0.08   0.79   2.42  0.10  1.40 -0.09 -0.02  0.02  0.02  0.03  0.71 -0.04
 3  0.38  0.247  0.009  0.042   7.29   0.87   4.39  -0.39  -0.13   0.79   2.02  0.11  1.41 -0.03 -0.04  0.04  0.17  0.00  0.67 -0.05
 4  0.51  0.269  0.002  0.045   7.17   0.68   4.85  -0.53  -0.16   0.50   1.74  0.06  1.40 -0.04 -0.01  0.01  0.12  0.00  0.76 -0.02
 5  0.63  0.277  0.002  0.047   6.77   0.85   5.01  -0.58  -0.18   0.48   1.90  0.06  1.33 -0.07 -0.04  0.05  0.10  0.02  0.69 -0.04
 6  0.76  0.289  0.002  0.049   6.94   0.98   4.99  -0.60  -0.20   0.54   1.31  0.08  1.15 -0.05 -0.01  0.08  0.13  0.00  0.69 -0.03
 7  1.02  0.303  0.002  0.051   6.58   1.20   4.94  -0.68  -0.16   0.50   1.07  0.11  1.05 -0.11 -0.06  0.06  0.29  0.01  0.63 -0.04
 8  1.27  0.316  0.002  0.053   7.10   1.34   5.22  -0.70  -0.24   0.56   1.36  0.10  1.18 -0.05 -0.04  0.11  0.28  0.00  0.94  0.00
 9  1.52  0.325  0.002  0.055   7.09   1.56   5.42  -0.78  -0.20   0.42   1.71  0.07  1.24 -0.15 -0.03  0.20  0.43  0.00  0.65 -0.03
10  1.78  0.336  0.002  0.054   7.07   1.62   5.24  -0.80  -0.11   0.25   1.40  0.07  1.00 -0.01 -0.05  0.07  0.34  0.04  0.67 -0.03
11  2.03  0.340  0.002  0.058   7.31   1.75   5.40  -0.93  -0.10   0.34   1.36  0.05  1.24 -0.05 -0.06  0.06  0.34  0.04  0.60 -0.01
12  2.29  0.344  0.002  0.061   7.60   1.85   5.44  -0.98  -0.17   0.23   1.74  0.11  1.08 -0.06 -0.11  0.15  0.60 -0.01  0.56 -0.10
13  2.54  0.350  0.001  0.059   7.38   1.95   5.36  -0.96  -0.12   0.34   1.39  0.14  0.95 -0.11 -0.14  0.09  0.39  0.03  0.21 -0.06
14  2.79  0.356  0.002  0.059   7.83   2.03   5.47  -0.95  -0.10   0.25   1.11  0.12  1.18  0.03 -0.15  0.08  0.45 -0.07  0.39 -0.02
15  3.30  0.364  0.003  0.058   8.13   2.21   5.52  -1.10  -0.15   0.51   1.14  0.12  1.17 -0.06 -0.15  0.15  0.51 -0.05  0.56  0.02
16  3.81  0.368  0.003  0.059   8.23   2.29   5.31  -1.10  -0.10   0.48   1.95  0.10  0.93 -0.08 -0.12  0.03  0.73 -0.03  0.45  0.01
17  4.32  0.378  0.002  0.061   7.88   2.50   5.55  -1.15  -0.03   0.29   0.70  0.14  0.94  0.05 -0.18  0.08  0.62 -0.02  0.23  0.04
18  4.83  0.387  0.002  0.064   7.94   2.58   5.49  -1.26  -0.01   0.33   0.87  0.18  0.87 -0.09 -0.25  0.03  0.50 -0.01  0.13  0.00
 1  5.59  0.409 -0.002  0.068   8.71   2.76   5.49  -1.39  -0.02   0.33   1.15  0.10  0.65  0.15 -0.12  0.16  0.78  0.02  0.28  0.04
 2  6.35  0.420 -0.002  0.067   8.58   2.87   5.71  -1.42   0.01   0.34   0.87  0.03  0.75  0.09 -0.06  0.11  0.68 -0.01 -0.24  0.04
 3  7.11  0.428 -0.002  0.074   8.74   3.07   5.69  -1.66   0.03   0.46   0.59 -0.04  0.45  0.20 -0.08  0.29  0.62 -0.06  0.08  0.11
 4  8.38  0.447 -0.001  0.072   9.26   3.09   5.60  -1.68   0.09   0.37   0.39 -0.08  0.41  0.19 -0.07  0.16  0.57 -0.09  0.09  0.12
 5 10.16  0.466 -0.001  0.073   9.16   3.24   5.47  -1.75   0.31   0.11  -0.44 -0.12  0.18  0.54 -0.05  0.15  0.65  0.00 -0.01 -0.02
 6 12.70  0.491 -0.001  0.078   8.06   3.31   5.25  -1.74   0.36   0.08  -0.49 -0.27 -0.16  0.63  0.29  0.27  0.31  0.11  0.08  0.06
 7 15.24  0.520 -0.001  0.080   7.78   3.28   4.88  -1.47   0.56  -0.23  -1.50 -0.41 -0.27  0.74  0.24  0.20  0.36  0.05  0.28 -0.05
 8 17.78  0.542 -0.001  0.077   7.12   3.20   4.61  -1.39   0.67  -0.53  -1.98 -0.56 -0.50  0.90  0.39  0.25  0.50  0.19  0.44 -0.02
 9 20.32  0.564  0.004  0.075   6.46   3.07   4.30  -1.30   0.78  -0.47  -2.20 -0.42 -0.55  0.88  0.52  0.31  0.42  0.21  0.62 -0.10
10 22.86  0.582  0.004  0.068   5.41   2.69   4.08  -1.04   0.71  -0.63  -1.31 -0.45 -0.58  0.69  0.48  0.35  0.52  0.31  0.70 -0.15
11 25.40  0.595  0.008  0.061   4.97   2.60   3.62  -0.92   0.75  -0.62  -1.73 -0.45 -0.58  0.61  0.49  0.34  0.44  0.32  0.87 -0.13
12 27.94  0.607  0.010  0.056   4.16   2.37   3.57  -0.76   0.73  -0.58  -1.13 -0.31 -0.52  0.57  0.50  0.41  0.40  0.34  0.98 -0.13
13 30.48  0.620  0.012  0.049   3.74   2.32   3.06  -0.67   0.64  -0.56  -1.14 -0.35 -0.41  0.49  0.54  0.33  0.31  0.36  0.95 -0.12
14 33.02  0.636  0.010  0.037   3.23   1.87   2.45  -0.58   0.49  -0.58  -1.24 -0.38 -0.44  0.55  0.38  0.39  0.38  0.33  0.75 -0.19
15 35.56  0.649  0.008  0.027   2.40   1.50   1.92  -0.40   0.32  -0.41  -1.04 -0.30 -0.34  0.42  0.35  0.30  0.35  0.28  0.69 -0.17
16 38.10  0.656  0.010  0.022   1.86   1.31   1.57  -0.30   0.19  -0.32  -0.68 -0.28 -0.29  0.35  0.35  0.24  0.24  0.23  0.56 -0.10
17 40.64  0.662  0.010  0.015   1.67   1.10   1.28  -0.26   0.19  -0.30  -0.90 -0.26 -0.26  0.30  0.25  0.24  0.24  0.24  0.46 -0.12
18 45.72  0.678  0.014  0.007   0.84   0.75   0.84  -0.07   0.02  -0.15  -0.33 -0.13 -0.11  0.16  0.17  0.11  0.13  0.12  0.24 -0.05
19 50.80  0.680  0.016  0.001   0.49   0.55   0.64   0.01  -0.09  -0.09  -0.05 -0.06  0.01  0.07  0.10  0.04  0.04  0.05  0.17 -0.01
20 55.88  0.682  0.025 -0.001   0.33   0.67   0.51   0.08  -0.14  -0.06   0.03 -0.01  0.09  0.02  0.02  0.00 -0.01  0.01  0.07 -0.01
21 60.96  0.684  0.025 -0.001   0.34   0.58   0.59   0.09  -0.15  -0.08   0.04 -0.01  0.17  0.00 -0.02 -0.01 -0.03  0.02  0.16  0.00
22 66.04  0.683  0.000 -0.002   0.38   0.00   0.63   0.00   0.00  -0.05   0.06  0.00  0.09  0.00  0.00  0.00  0.02  0.00  0.16  0.00
23 71.12  0.682  0.000 -0.003   0.41   0.00   0.69   0.00   0.00  -0.08   0.07  0.00  0.27  0.00  0.00  0.00  0.01  0.00  0.17  0.00
