#
#            Case C.S0       Station=  2
#            X= -330.2 mm      Tunnel Run#= 686   Ue/Uref=   1.011      Date= 510.88  Time= 9.49
#            Bias Corrected data using 1/sqrt(U*U + V*V + W*W + (.01Ur)^2)
#          The Y-position has been corrected by adding   0.254 to each measured Y-position in this profile.
#
#                                |<---- normalized by 0.001 Ur^2 ----->|  |<-------------- normalized by 0.0001 Ur^3 -------------->|
#LR  Y(mm)  U/Ur   V/Ur   W/Ur    uu     vv     ww     uv     vw     uw     uuu   uvv   uww   vuu   vvv   vww   wuu   wvv   www   uvw
 1  0.00  0.000  0.000  0.000   0.00   0.00   0.00  -1.60   0.00   0.00   0.00  0.00  0.00  0.00  0.00  0.00  0.00  0.00  0.00  0.00
 1  0.51  0.586 -0.002  0.005   8.83   1.67   5.59  -1.42  -0.35  -0.46  -1.59 -0.21 -0.47  0.67  0.03  0.16 -0.05 -0.02  0.90  0.06
 2  0.63  0.609 -0.002  0.004   7.93   1.95   5.18  -1.49  -0.38  -0.17  -0.90 -0.19 -0.21  0.45  0.17  0.11 -0.10 -0.06  0.30  0.13
 3  0.76  0.625 -0.001  0.003   7.34   2.03   5.12  -1.50  -0.28  -0.32  -0.54 -0.24 -0.22  0.42  0.24  0.14 -0.11  0.02  0.13  0.06
 4  0.89  0.639 -0.001  0.002   7.04   2.12   4.70  -1.48  -0.34  -0.16  -0.54 -0.21 -0.29  0.37  0.21  0.22  0.04 -0.07  0.17  0.05
 5  1.02  0.652 -0.001  0.002   6.81   2.12   4.62  -1.47  -0.32  -0.09  -0.26 -0.16 -0.02  0.34  0.17  0.21 -0.05 -0.05  0.12  0.06
 6  1.27  0.673  0.000  0.003   6.47   2.20   4.31  -1.51  -0.27  -0.21  -0.33 -0.18 -0.12  0.23  0.16  0.22 -0.09  0.00  0.03  0.06
 7  1.52  0.691 -0.001  0.002   6.00   2.18   4.27  -1.42  -0.20  -0.20  -0.14 -0.06  0.05  0.19  0.16  0.18 -0.02 -0.03 -0.31 -0.02
 8  1.78  0.707 -0.002  0.001   5.90   2.21   3.86  -1.43  -0.24  -0.13  -0.15 -0.19 -0.07  0.21  0.18  0.16 -0.06 -0.03  0.01 -0.01
 9  2.03  0.724 -0.002  0.001   5.70   2.17   3.72  -1.45  -0.17  -0.20  -0.61 -0.19 -0.13  0.29  0.24  0.15 -0.06 -0.03  0.03  0.02
10  2.29  0.736 -0.001  0.000   5.61   2.13   3.69  -1.43  -0.18  -0.16  -0.50 -0.18 -0.11  0.32  0.18  0.10  0.01 -0.01 -0.06 -0.01
11  2.54  0.743 -0.001  0.001   5.55   2.09   3.63  -1.42  -0.19  -0.18  -0.58 -0.14 -0.01  0.28  0.19  0.12  0.01  0.00 -0.18 -0.01
12  2.79  0.755 -0.002  0.002   5.31   2.11   3.42  -1.39  -0.16  -0.16  -0.63 -0.15 -0.19  0.28  0.14  0.12  0.14  0.01  0.00  0.02
13  3.05  0.769 -0.002  0.002   5.18   2.10   3.47  -1.39  -0.13  -0.12  -0.67 -0.15 -0.12  0.29  0.14  0.09  0.00  0.00 -0.03 -0.02
14  3.56  0.787 -0.002  0.003   4.84   2.04   3.16  -1.38  -0.11  -0.14  -0.80 -0.20 -0.11  0.30  0.24  0.07  0.09  0.00  0.04 -0.01
15  4.06  0.803 -0.002  0.002   4.68   1.98   3.17  -1.33  -0.08  -0.11  -0.86 -0.23 -0.13  0.35  0.23  0.11 -0.01 -0.01 -0.07 -0.02
16  4.57  0.820 -0.002  0.002   4.29   1.88   3.10  -1.23  -0.12  -0.08  -0.76 -0.22 -0.17  0.36  0.24  0.12 -0.04  0.01  0.03 -0.01
17  5.08  0.835 -0.002  0.002   3.98   1.86   2.81  -1.16  -0.11  -0.08  -0.79 -0.19 -0.13  0.29  0.17  0.08  0.01  0.01 -0.06  0.00
18  5.84  0.855 -0.002  0.002   3.74   1.74   2.65  -1.12  -0.12  -0.10  -0.91 -0.20 -0.21  0.31  0.30  0.10  0.05  0.01 -0.01 -0.01
19  6.60  0.876  0.000  0.002   3.26   1.61   2.46  -0.99  -0.09  -0.03  -0.77 -0.18 -0.23  0.24  0.30  0.10  0.05 -0.02 -0.03 -0.01
20  7.37  0.896 -0.001  0.002   2.87   1.40   2.18  -0.84  -0.09  -0.02  -0.85 -0.19 -0.20  0.29  0.19  0.09 -0.01 -0.03  0.05  0.03
21  8.64  0.925 -0.001  0.002   2.27   1.19   1.70  -0.70  -0.07  -0.02  -0.68 -0.23 -0.23  0.25  0.30  0.10  0.03 -0.01  0.06  0.01
22 10.41  0.959 -0.001  0.003   1.46   0.80   1.06  -0.43  -0.04  -0.02  -0.53 -0.16 -0.15  0.20  0.14  0.08  0.01 -0.01 -0.02  0.01
23 12.95  0.991  0.000  0.003   0.47   0.39   0.42  -0.13   0.01  -0.01  -0.20 -0.06 -0.04  0.08  0.07  0.04  0.00  0.00  0.05  0.01
24 15.49  1.003 -0.001  0.003   0.11   0.17   0.18  -0.01   0.00  -0.01   0.00 -0.01  0.01  0.01  0.02  0.00  0.01  0.00  0.02  0.00
25 18.03  1.005 -0.001  0.003   0.07   0.12   0.15   0.00   0.00  -0.01   0.00  0.00  0.01  0.00  0.03  0.00  0.00  0.00  0.01  0.00
26 20.57  1.005 -0.001  0.003   0.06   0.10   0.15   0.00   0.00   0.00   0.00  0.00  0.01  0.00  0.00  0.00  0.01  0.00  0.02  0.00
27 23.11  1.005  0.000  0.002   0.06   0.10   0.15   0.00   0.00  -0.01   0.00  0.00  0.01  0.00  0.00  0.00  0.00  0.00  0.02  0.00
28 25.65  1.004  0.000  0.002   0.06   0.10   0.16   0.00   0.00   0.00   0.00  0.00  0.01  0.00  0.00  0.00  0.01  0.00  0.02  0.00
29 28.19  1.003  0.000  0.001   0.06   0.10   0.15   0.00   0.00  -0.01   0.00  0.00  0.01  0.00  0.01  0.00  0.00  0.00  0.01  0.00
30 30.73  1.004  0.000  0.000   0.06   0.12   0.15   0.00   0.00  -0.01   0.00  0.00  0.01  0.00  0.09  0.00  0.00  0.00  0.01  0.00
31 33.27  1.005  0.000  0.000   0.06   0.09   0.16   0.00   0.00  -0.01   0.01  0.00  0.01  0.00  0.00  0.00  0.01  0.00  0.02  0.00
32 35.81  1.008  0.001  0.000   0.06   0.09   0.15   0.00   0.00  -0.01   0.00  0.00  0.00  0.00  0.00  0.00  0.00  0.00  0.01  0.00
33 38.35  1.007  0.002  0.000   0.06   0.09   0.16   0.00   0.00  -0.01   0.00  0.00  0.01  0.00  0.00  0.00  0.00  0.00  0.01  0.00
34 40.89  1.009  0.003 -0.001   0.06   0.09   0.15   0.00   0.00  -0.01   0.00  0.00  0.01  0.00  0.00  0.00  0.00  0.00  0.00  0.00
35 45.97  1.013  0.003  0.000   0.05   0.10   0.15   0.00   0.00   0.00   0.00  0.00  0.01  0.00  0.00  0.00  0.00  0.00  0.01  0.00
36 51.05  1.013  0.005 -0.003   0.06   0.52   0.14   0.00   0.00   0.00   0.00  0.00  0.01  0.00  0.12  0.00  0.01  0.00  0.01  0.00
37 56.13  1.015  0.003 -0.004   0.05   0.46   0.13   0.00   0.00  -0.01   0.00  0.00  0.01  0.00 -0.01  0.00  0.00  0.00  0.00  0.00
38 61.21  1.019  0.000 -0.008   0.06   0.00   0.14   0.00   0.00   0.01   0.00  0.00  0.01  0.00  0.00  0.00  0.01  0.00  0.02  0.00
39 66.29  1.017  0.000 -0.005   0.06   0.00   0.14   0.00   0.00   0.00   0.00  0.00  0.01  0.00  0.00  0.00  0.00  0.00  0.01  0.00
