#
#            Case C.S1       Station=  3
#            X= -228.6 mm      Tunnel Run#= 683   Ue/Uref=   0.991      Date= 509.88  Time=19.42
#            Bias Corrected data using 1/sqrt(U*U + V*V + W*W + (.01Ur)^2)
#
#                                |<---- normalized by 0.001 Ur^2 ----->|  |<-------------- normalized by 0.0001 Ur^3 -------------->|
#LR  Y(mm)  U/Ur   V/Ur   W/Ur    uu     vv     ww     uv     vw     uw     uuu   uvv   uww   vuu   vvv   vww   wuu   wvv   www   uvw
 1  0.00  0.000  0.000  1.000   0.00   0.00   0.00  -2.02   2.64   0.00   0.00  0.00  0.00  0.00  0.00  0.00  0.00  0.00  0.00  0.00
 2  0.25  0.541 -0.024  0.354  15.21   3.14  19.20  -1.83   1.36  -7.17  -1.14 -0.32 -5.35  0.73  0.05  1.61  3.26  0.31  7.75 -0.74
 3  0.38  0.572 -0.023  0.324  13.66   3.72  16.35  -1.61   1.27  -5.15  -1.15 -0.61 -2.70  0.91  0.50  1.25  2.05  0.44  3.54 -0.38
 4  0.51  0.590 -0.021  0.304  13.51   3.89  15.94  -1.78   1.46  -4.77  -1.73 -0.56 -2.59  0.96  0.54  1.37  2.01  0.55  4.32 -0.44
 5  0.63  0.611 -0.019  0.283  12.95   4.10  15.00  -1.95   1.58  -4.64  -0.34 -0.56 -2.19  0.87  0.69  0.88  1.43  0.48  3.57 -0.35
 6  0.76  0.625 -0.019  0.271  12.86   4.06  14.67  -2.08   1.75  -4.52  -1.13 -0.52 -2.36  0.88  0.71  1.26  1.66  0.57  3.03 -0.41
 7  1.02  0.645 -0.018  0.249  12.21   4.14  14.17  -2.01   1.92  -4.50  -0.97 -0.84 -1.90  1.17  0.94  1.51  1.24  0.93  3.04 -0.67
 8  1.27  0.666 -0.017  0.230  11.71   4.18  13.36  -2.12   1.96  -4.57  -1.38 -0.57 -1.89  1.11  0.82  1.40  1.87  0.79  3.10 -0.57
 9  1.52  0.678 -0.014  0.219  11.90   4.36  12.91  -2.31   2.04  -4.54  -1.87 -0.80 -2.15  1.29  0.77  1.52  1.90  0.80  4.10 -0.67
10  1.78  0.692 -0.013  0.204  11.61   4.28  12.24  -2.32   2.08  -4.71  -2.05 -0.99 -2.18  1.34  0.88  1.59  1.85  0.90  3.82 -0.78
11  2.03  0.698 -0.011  0.194  11.22   4.25  12.27  -2.34   2.02  -4.75  -1.56 -0.91 -2.23  1.05  1.00  1.49  1.68  0.88  3.71 -0.58
12  2.29  0.708 -0.011  0.184  10.49   4.31  11.51  -2.28   2.11  -4.31  -2.00 -0.73 -1.59  0.99  0.90  1.37  1.64  0.90  2.93 -0.69
13  2.54  0.715 -0.009  0.176  10.65   4.16  11.42  -2.41   2.16  -4.59  -2.54 -0.77 -2.08  1.37  0.84  1.71  2.01  0.85  3.74 -0.84
14  2.79  0.724 -0.009  0.169  10.24   4.18  10.97  -2.31   2.14  -4.29  -1.97 -0.90 -1.80  1.20  0.71  1.52  1.77  1.15  2.77 -0.96
15  3.30  0.736 -0.008  0.159   9.52   4.28  10.59  -2.16   2.12  -3.99  -2.01 -0.70 -1.53  0.95  0.78  1.54  1.54  0.87  3.30 -0.71
16  3.81  0.744 -0.006  0.153   9.49   4.29  10.39  -2.28   2.08  -3.94  -2.18 -0.88 -1.83  1.17  0.96  1.54  1.54  1.00  3.28 -0.90
17  4.32  0.750 -0.003  0.148   9.28   4.39  10.26  -2.41   2.21  -3.98  -2.31 -0.68 -1.08  0.99  0.85  1.16  1.25  0.87  2.42 -0.62
18  4.83  0.760 -0.003  0.141   8.85   4.52   9.97  -2.42   2.24  -3.61  -1.71 -0.73 -1.34  0.91  0.74  1.33  1.12  0.89  2.87 -0.69
19  5.59  0.772  0.000  0.134   8.44   4.37   9.67  -2.28   2.10  -3.34  -1.87 -0.61 -0.80  0.96  0.77  1.04  0.84  0.77  2.21 -0.59
20  6.35  0.782  0.002  0.128   8.27   4.37   9.13  -2.33   2.17  -3.11  -1.75 -0.57 -0.99  0.79  0.81  1.10  1.13  0.83  2.59 -0.59
21  7.11  0.794  0.004  0.120   7.68   4.08   8.62  -2.14   2.03  -2.82  -1.72 -0.63 -0.96  0.77  0.76  0.95  0.80  0.69  2.24 -0.50
22  8.38  0.812  0.007  0.108   7.28   4.14   7.93  -2.26   1.90  -2.51  -1.96 -0.72 -1.15  0.87  0.94  1.02  1.03  0.77  1.88 -0.52
23 10.16  0.842  0.011  0.092   6.83   3.67   7.25  -1.96   1.75  -2.33  -2.29 -0.72 -1.07  0.83  1.07  0.96  1.00  0.80  2.44 -0.48
24 12.70  0.878  0.016  0.068   5.60   3.09   5.93  -1.63   1.35  -1.96  -2.31 -0.75 -1.17  0.82  0.86  0.85  1.07  0.70  2.38 -0.45
25 15.24  0.912  0.020  0.043   4.40   2.37   4.49  -1.29   1.08  -1.62  -2.53 -0.78 -1.33  0.93  0.81  0.96  1.18  0.70  2.43 -0.58
26 17.78  0.944  0.024  0.022   2.80   1.69   2.70  -0.79   0.70  -0.96  -2.04 -0.61 -0.90  0.76  0.66  0.64  0.91  0.53  1.72 -0.38
27 20.32  0.965  0.027  0.007   1.37   1.04   1.42  -0.44   0.34  -0.46  -1.03 -0.37 -0.45  0.44  0.49  0.39  0.46  0.30  0.96 -0.19
28 22.86  0.975  0.029 -0.001   0.55   0.60   0.63  -0.17   0.13  -0.12  -0.34 -0.16 -0.16  0.19  0.36  0.18  0.13  0.17  0.35 -0.07
28 25.40  0.979  0.031 -0.007   0.24   0.30   0.29  -0.05   0.03  -0.03  -0.06 -0.04 -0.02  0.05  0.10  0.04  0.03  0.02  0.05 -0.01
30 27.94  0.983  0.033 -0.005   0.11   0.16   0.18  -0.01   0.00   0.00   0.00 -0.01  0.00  0.01  0.04  0.01  0.00  0.00  0.01  0.00
31 30.48  0.985  0.035 -0.006   0.07   0.11   0.15   0.00   0.00   0.00   0.00  0.00  0.01  0.00  0.01  0.00  0.00  0.00  0.01  0.00
32 33.02  0.986  0.037 -0.006   0.06   0.09   0.14   0.00   0.00   0.00   0.00  0.00  0.00  0.00  0.00  0.00  0.00  0.00  0.01  0.00
33 35.56  0.987  0.040 -0.006   0.06   0.08   0.14   0.00   0.00   0.00   0.00  0.00  0.01  0.00  0.00  0.00  0.00  0.00  0.02  0.00
34 38.10  0.989  0.042 -0.006   0.05   0.07   0.13   0.00   0.00  -0.01   0.00  0.00  0.00  0.00  0.00  0.00  0.00  0.00  0.00  0.00
35 40.64  0.990  0.045 -0.006   0.05   0.07   0.13   0.00   0.00   0.00   0.00  0.00  0.01  0.00  0.00  0.00  0.01  0.00  0.02  0.00
36 45.72  0.994  0.053 -0.005   0.06   0.08   0.15   0.00   0.00   0.00   0.00  0.00  0.01  0.00  0.00  0.00  0.00  0.00  0.01  0.00
37 50.80  0.999  0.063 -0.004   0.06   0.39   0.16   0.00   0.00   0.00   0.00  0.00  0.01  0.00  0.00  0.00  0.01  0.00  0.02  0.00
38 55.88  1.003  0.071 -0.005   0.06   0.38   0.15   0.00   0.00   0.00   0.00  0.00  0.01  0.00  0.00  0.00  0.01  0.00  0.02  0.00
39 60.96  1.011  0.081 -0.007   0.05   0.36   0.12   0.00   0.00   0.00   0.00  0.00  0.01  0.00  0.00  0.00  0.00  0.00  0.01  0.00
40 66.04  1.022  0.000 -0.010   0.05   0.00   0.13   0.00   0.00   0.00   0.00  0.00  0.00  0.00  0.00  0.00  0.00  0.00  0.01  0.00
