#
#            Case C.S1       Station=  2
#            X= -330.2 mm      Tunnel Run#= 685   Ue/Uref=   1.012      Date= 510.88  Time= 9.09
#            Bias Corrected data using 1/sqrt(U*U + V*V + W*W + (.01Ur)^2)
#
#                                |<---- normalized by 0.001 Ur^2 ----->|  |<-------------- normalized by 0.0001 Ur^3 -------------->|
#LR  Y(mm)  U/Ur   V/Ur   W/Ur    uu     vv     ww     uv     vw     uw     uuu   uvv   uww   vuu   vvv   vww   wuu   wvv   www   uvw
 1  0.00  0.000  0.000  1.000   0.00   0.00   0.00  -2.46   2.74   0.00   0.00  0.00  0.00  0.00  0.00  0.00  0.00  0.00  0.00  0.00
 1  0.25  0.613 -0.030  0.336  13.94   3.79  17.30  -1.92   1.42  -5.81  -1.76 -0.53 -3.00  1.02  0.47  1.33  2.10  0.63  4.11 -0.48
 2  0.38  0.633 -0.027  0.310  13.06   4.00  15.93  -1.87   1.46  -4.94  -0.89 -0.57 -2.50  0.92  0.80  1.35  1.60  0.37  3.66 -0.38
 3  0.51  0.648 -0.025  0.290  12.73   4.03  14.85  -1.97   1.41  -4.75  -1.18 -0.58 -2.13  1.04  0.74  1.09  1.13  0.49  3.85 -0.35
 4  0.63  0.664 -0.025  0.274  12.04   4.11  14.33  -1.93   1.52  -4.36  -2.11 -0.61 -1.87  1.12  0.92  1.13  1.62  0.42  2.77 -0.34
 5  0.76  0.674 -0.023  0.264  11.95   4.00  13.90  -1.79   1.55  -4.56  -0.43 -0.51 -1.69  0.79  0.64  1.09  1.07  0.45  2.48 -0.32
 6  1.02  0.692 -0.020  0.245  11.41   4.05  13.62  -2.06   1.86  -4.81  -1.05 -0.39 -2.01  0.96  0.66  1.54  1.26  0.53  3.25 -0.46
 7  1.27  0.707 -0.019  0.231  10.87   4.23  13.37  -1.99   2.01  -4.61  -1.42 -0.58 -2.03  0.99  0.85  1.40  1.63  0.71  3.86 -0.53
 8  1.52  0.722 -0.017  0.216  10.40   4.07  12.69  -1.99   1.96  -4.51  -0.82 -0.61 -2.01  0.83  0.73  1.45  1.19  0.66  3.93 -0.52
 9  1.78  0.732 -0.016  0.208  10.31   4.11  12.29  -2.01   1.91  -4.55  -1.30 -0.54 -1.51  0.87  0.52  1.00  1.14  0.60  2.84 -0.51
10  2.03  0.739 -0.014  0.198  10.21   4.28  11.67  -2.18   1.99  -4.36  -1.72 -0.61 -1.52  1.05  0.68  1.46  1.34  0.64  3.44 -0.75
11  2.29  0.746 -0.013  0.191   9.85   4.29  11.27  -2.13   1.90  -4.23  -1.06 -0.59 -1.61  1.01  0.80  1.29  1.23  0.67  2.95 -0.54
12  2.54  0.755 -0.013  0.186   9.54   4.32  11.18  -2.20   1.99  -3.98  -1.66 -0.71 -1.49  1.09  0.93  1.19  1.18  0.90  3.28 -0.63
13  2.79  0.762 -0.013  0.178   9.42   4.29  10.59  -2.24   2.03  -4.00  -1.57 -0.53 -1.88  0.88  0.54  1.12  1.62  0.65  3.69 -0.68
14  3.30  0.772 -0.012  0.168   8.75   4.28  10.07  -2.21   2.05  -3.52  -1.28 -0.69 -1.23  0.78  0.59  1.21  1.02  0.74  2.92 -0.62
15  3.81  0.784 -0.010  0.163   8.40   4.49   9.94  -2.17   2.03  -3.49  -1.30 -0.52 -1.10  0.65  0.69  1.19  1.04  0.75  2.66 -0.52
16  4.32  0.792 -0.008  0.153   8.11   4.39   9.47  -2.17   1.96  -3.22  -1.15 -0.62 -1.16  0.77  0.75  1.22  0.95  0.79  2.54 -0.50
17  4.83  0.803 -0.007  0.147   8.18   4.39   9.01  -2.34   2.06  -3.21  -1.68 -0.52 -0.97  0.63  0.66  1.11  0.91  0.70  2.42 -0.51
18  5.59  0.817 -0.006  0.138   7.81   4.40   8.86  -2.25   2.09  -3.05  -1.58 -0.48 -1.00  0.73  0.82  0.97  1.07  0.69  2.05 -0.44
19  6.35  0.828 -0.004  0.128   7.47   4.23   8.41  -2.21   1.87  -2.69  -1.87 -0.50 -0.84  0.71  0.73  0.77  0.87  0.54  2.27 -0.31
20  7.11  0.845 -0.005  0.119   7.18   3.92   7.86  -2.12   1.86  -2.54  -1.76 -0.69 -0.95  0.73  0.80  0.86  0.77  0.68  2.13 -0.46
21  8.38  0.869 -0.003  0.104   6.45   3.62   7.08  -1.87   1.61  -2.08  -1.83 -0.63 -0.93  0.66  0.82  0.88  0.86  0.63  2.25 -0.41
22 10.16  0.899  0.000  0.081   5.78   3.33   6.04  -1.80   1.46  -1.99  -2.41 -0.84 -1.07  1.00  0.97  0.92  1.06  0.79  2.30 -0.52
23 12.70  0.942  0.001  0.053   4.16   2.51   4.27  -1.24   1.06  -1.51  -2.38 -0.80 -1.23  0.94  0.94  0.87  1.12  0.79  2.32 -0.51
24 15.24  0.975  0.003  0.027   2.43   1.78   2.45  -0.78   0.61  -0.83  -1.72 -0.63 -0.91  0.71  0.76  0.63  0.79  0.51  1.55 -0.36
25 17.78  0.997  0.003  0.012   1.04   1.12   1.13  -0.36   0.32  -0.31  -0.71 -0.34 -0.37  0.37  0.59  0.37  0.33  0.30  0.76 -0.17
26 20.32  1.005  0.000  0.005   0.33   0.47   0.36  -0.08   0.09  -0.05  -0.12 -0.07 -0.05  0.09  0.24  0.09  0.05  0.09  0.13 -0.03
27 22.86  1.005 -0.001  0.003   0.09   0.17   0.16  -0.01   0.01  -0.01   0.00  0.00  0.00  0.01  0.03  0.01  0.00  0.01  0.01  0.00
28 25.40  1.006 -0.002  0.003   0.06   0.12   0.13   0.00   0.00  -0.01   0.00  0.00  0.00  0.00  0.01  0.00  0.00  0.00  0.00  0.00
29 27.94  1.008 -0.002  0.001   0.06   0.11   0.14   0.00   0.00   0.00   0.00  0.00  0.01  0.00  0.00  0.00  0.00  0.00  0.01  0.00
30 30.48  1.010 -0.002  0.001   0.05   0.10   0.13   0.00   0.00  -0.01   0.00  0.00  0.00  0.00  0.00  0.00  0.00  0.00  0.01  0.00
31 33.02  1.009 -0.002  0.001   0.05   0.11   0.13   0.00   0.00  -0.01   0.00  0.00  0.01  0.00  0.08  0.00  0.00  0.00  0.01  0.00
32 35.56  1.008 -0.001  0.001   0.05   0.09   0.13   0.00   0.00   0.00   0.00  0.00  0.01  0.00  0.00  0.00  0.00  0.00  0.01  0.00
33 38.10  1.008  0.000  0.001   0.05   0.09   0.14   0.00   0.00   0.00   0.00  0.00  0.01  0.00  0.00  0.00  0.00  0.00  0.01  0.00
34 40.64  1.011  0.000  0.000   0.05   0.09   0.14   0.00   0.00  -0.01   0.00  0.00  0.01  0.00  0.00  0.00  0.00  0.00  0.00  0.00
35 45.72  1.013  0.000  0.000   0.05   0.09   0.15   0.00   0.00   0.00   0.00  0.00  0.01  0.00  0.00  0.00  0.01  0.00  0.02  0.00
36 50.80  1.019  0.003 -0.003   0.06   0.58   0.15   0.00   0.00   0.01   0.01  0.00  0.02  0.00  0.80  0.00  0.01  0.00  0.04  0.00
37 55.88  1.020  0.004 -0.004   0.05   0.47   0.12   0.00   0.00   0.00   0.00  0.00  0.00  0.00 -0.01  0.00  0.00  0.00  0.00  0.00
38 60.96  1.021  0.000 -0.005   0.05   0.00   0.13   0.00   0.00   0.01   0.00  0.00  0.01  0.00  0.00  0.00  0.01  0.00  0.02  0.00
39 66.04  1.018  0.000 -0.005   0.05   0.00   0.14   0.00   0.00  -0.01   0.00  0.00  0.00  0.00  0.00  0.00  0.00  0.00  0.00  0.00
