#CenterlineCutNondim.dat - contains hump coordinates,
#   nondimensionalized so the chordlength of the hump model 
#   is 1.0 and floor is at y=0 (flow from left to right)
variables="index","x","y"
zone
1     0.000000000e+00     0.000000000e+00
2     2.642555636e-04     2.118387155e-05
3     1.196187107e-03     1.013596154e-04
4     2.391164127e-03     2.169787857e-04
5     3.584294872e-03     3.468466981e-04
6     4.776214925e-03     4.909525339e-04
7     5.966346759e-03     6.492854802e-04
8     7.154056604e-03     8.218347242e-04
9     8.339978834e-03     1.008585855e-03
10     9.530686986e-03     1.210739175e-03
11     1.072508708e-02     1.428518166e-03
12     1.192427371e-02     1.662160734e-03
13     1.311982704e-02     1.910459349e-03
14     1.431238147e-02     2.173406815e-03
15     1.550193638e-02     2.450992308e-03
16     1.668780056e-02     2.743194201e-03
17     1.786951258e-02     3.050012494e-03
18     1.905843372e-02     3.374449776e-03
19     2.025398706e-02     3.716834053e-03
20     2.145559567e-02     4.077255437e-03
21     2.265299468e-02     4.452304040e-03
22     2.384612542e-02     4.841594176e-03
23     2.503446964e-02     5.244732940e-03
24     2.621791183e-02     5.661338268e-03
25     2.739720126e-02     6.091013649e-03
26     2.858427673e-02     6.538326034e-03
27     2.977988752e-02     7.003300653e-03
28     3.098270743e-02     7.485969956e-03
29     3.218068275e-02     7.981010033e-03
30     3.337323718e-02     8.488049619e-03
31     3.456158140e-02     9.006706628e-03
32     3.574444666e-02     9.536609797e-03
33     3.692246734e-02     1.007737704e-02
34     3.810838957e-02     1.063481889e-02
35     3.930209724e-02     1.120887045e-02
36     4.050434023e-02     1.179944160e-02
37     4.170173924e-02     1.239987117e-02
38     4.289365929e-02     1.300967974e-02
39     4.408136913e-02     1.362840955e-02
40     4.526486877e-02     1.425559200e-02
41     4.644410015e-02     1.489072966e-02
42     4.763002238e-02     1.553935551e-02
43     4.882257680e-02     1.620121362e-02
44     5.002233974e-02     1.687615980e-02
45     5.121795114e-02     1.755788973e-02
46     5.240987059e-02     1.824609701e-02
47     5.359821480e-02     1.894044282e-02
48     5.478286829e-02     1.964062438e-02
49     5.596457970e-02     2.034632088e-02
50     5.715044388e-02     2.106187580e-02
51     5.834178761e-02     2.178704401e-02
52     5.953734035e-02     2.252149752e-02
53     6.073052915e-02     2.326012148e-02
54     6.192123791e-02     2.400246172e-02
55     6.311015905e-02     2.474807488e-02
56     6.429665760e-02     2.549651399e-02
57     6.548257922e-02     2.624732490e-02
58     6.666965469e-02     2.700199266e-02
59     6.785921021e-02     2.776013519e-02
60     6.905055334e-02     2.852149658e-02
61     7.024189647e-02     2.928394293e-02
62     7.143202830e-02     3.004724716e-02
63     7.262210269e-02     3.081119662e-02
64     7.381165820e-02     3.157558940e-02
65     7.500121372e-02     3.234022734e-02
66     7.619007680e-02     3.310437502e-02
67     7.737847847e-02     3.386785948e-02
68     7.856618832e-02     3.463032023e-02
69     7.975447508e-02     3.539180777e-02
70     8.094403000e-02     3.615196887e-02
71     8.213416243e-02     3.691037816e-02
72     8.332602443e-02     3.766672559e-02
73     8.451927068e-02     3.842053546e-02
74     8.570997944e-02     3.916872226e-02
75     8.689826621e-02     3.991091832e-02
76     8.808355346e-02     4.064725340e-02
77     8.927126330e-02     4.138038046e-02
78     9.046081882e-02     4.211048690e-02
79     9.165210389e-02     4.283744293e-02
80     9.284592707e-02     4.356137840e-02
81     9.404090348e-02     4.428222843e-02
82     9.523161224e-02     4.499607114e-02
83     9.641690010e-02     4.570276973e-02
84     9.759861151e-02     4.640148786e-02
85     9.878205370e-02     4.709542636e-02
86     9.996976355e-02     4.778343900e-02
87     1.011604723e-01     4.846462459e-02
88     1.023560256e-01     4.913800286e-02
89     1.035564236e-01     4.980249228e-02
90     1.046353622e-01     5.038915247e-02
91     1.055920356e-01     5.090009581e-02
92     1.064247127e-01     5.133834998e-02
93     1.072593511e-01     5.177243731e-02
94     1.080957190e-01     5.220271101e-02
95     1.089343947e-01     5.262971906e-02
96     1.097737615e-01     5.305387949e-02
97     1.106156664e-01     5.347562490e-02
98     1.114652993e-01     5.389943205e-02
99     1.123246214e-01     5.432558940e-02
100     1.131923633e-01     5.475411135e-02
101     1.140614895e-01     5.518087429e-02
102     1.149310770e-01     5.560582767e-02
103     1.158019340e-01     5.602884188e-02
104     1.166733666e-01     5.644992406e-02
105     1.175459537e-01     5.686895164e-02
106     1.184282293e-01     5.729003376e-02
107     1.193203090e-01     5.771304797e-02
108     1.202225393e-01     5.813787883e-02
109     1.211254620e-01     5.856041003e-02
110     1.220295380e-01     5.898058384e-02
111     1.229347672e-01     5.939846519e-02
112     1.238412651e-01     5.981403963e-02
113     1.247490318e-01     6.022732156e-02
114     1.256670646e-01     6.064271573e-02
115     1.265965167e-01     6.106029429e-02
116     1.275375030e-01     6.147998508e-02
117     1.284784894e-01     6.189731134e-02
118     1.294212059e-01     6.231246766e-02
119     1.303646142e-01     6.272550449e-02
120     1.313092918e-01     6.313642902e-02
121     1.322544303e-01     6.354541439e-02
122     1.332117961e-01     6.395742751e-02
123     1.341811569e-01     6.437246125e-02
124     1.351633218e-01     6.479027772e-02
125     1.361465246e-01     6.520597468e-02
126     1.371305346e-01     6.561937199e-02
127     1.381150060e-01     6.603035422e-02
128     1.391013232e-01     6.643885651e-02
129     1.400883321e-01     6.684464104e-02
130     1.410903362e-01     6.725350383e-02
131     1.421081422e-01     6.766521416e-02
132     1.431410589e-01     6.807994517e-02
133     1.441751288e-01     6.849237641e-02
134     1.452098905e-01     6.890287562e-02
135     1.462445374e-01     6.931180330e-02
136     1.472804530e-01     6.971964237e-02
137     1.483163685e-01     7.012675334e-02
138     1.497647581e-01     7.069521065e-02
139     1.516249311e-01     7.142512967e-02
140     1.538975780e-01     7.231501084e-02
141     1.561719551e-01     7.320113615e-02
142     1.584488697e-01     7.408151580e-02
143     1.607280914e-01     7.495410240e-02
144     1.630110039e-01     7.581688469e-02
145     1.652981846e-01     7.666787290e-02
146     1.673862790e-01     7.743093924e-02
147     1.692736726e-01     7.810842660e-02
148     1.709596740e-01     7.870386032e-02
149     1.726480975e-01     7.929172444e-02
150     1.743390584e-01     7.987245884e-02
151     1.760323264e-01     8.044653921e-02
152     1.777273246e-01     8.101444862e-02
153     1.794248603e-01     8.157661964e-02
154     1.811193965e-01     8.213195642e-02
155     1.828102425e-01     8.268087713e-02
156     1.844980890e-01     8.322345388e-02
157     1.861870894e-01     8.376106352e-02
158     1.878779348e-01     8.429366287e-02
159     1.895706259e-01     8.482111498e-02
160     1.912644709e-01     8.534331164e-02
161     1.929601609e-01     8.586018084e-02
162     1.946541207e-01     8.637046089e-02
163     1.963449661e-01     8.687415187e-02
164     1.980345434e-01     8.737131140e-02
165     1.997248119e-01     8.786320829e-02
166     2.014175030e-01     8.834996512e-02
167     2.031107710e-01     8.883169728e-02
168     2.048064617e-01     8.930853443e-02
169     2.065027280e-01     8.978054150e-02
170     2.081966884e-01     9.024679574e-02
171     2.098881108e-01     9.070742690e-02
172     2.115765342e-01     9.116255033e-02
173     2.132668027e-01     9.161320412e-02
174     2.149576488e-01     9.205938826e-02
175     2.166503399e-01     9.250114606e-02
176     2.183436079e-01     9.293856400e-02
177     2.200381440e-01     9.337155553e-02
178     2.217307202e-01     9.379947190e-02
179     2.234222581e-01     9.422242842e-02
180     2.251112579e-01     9.464048278e-02
181     2.268015270e-01     9.505448563e-02
182     2.284929493e-01     9.546449464e-02
183     2.301850635e-01     9.587063959e-02
184     2.318783315e-01     9.627303582e-02
185     2.335721765e-01     9.667174101e-02
186     2.352648676e-01     9.706633704e-02
187     2.369562899e-01     9.745706896e-02
188     2.386459821e-01     9.784385034e-02
189     2.403368275e-01     9.822725788e-02
190     2.420276730e-01     9.860740689e-02
191     2.437197877e-01     9.898421089e-02
192     2.454130558e-01     9.935782851e-02
193     2.471063238e-01     9.972823085e-02
194     2.487983224e-01     1.000949998e-01
195     2.504898603e-01     1.004583950e-01
196     2.521801294e-01     1.008182144e-01
197     2.538709748e-01     1.011750781e-01
198     2.555623972e-01     1.015288419e-01
199     2.572545120e-01     1.018797221e-01
200     2.589465106e-01     1.022275600e-01
201     2.606397787e-01     1.025724423e-01
202     2.623324698e-01     1.029141813e-01
203     2.640233158e-01     1.032527195e-01
204     2.657141612e-01     1.035881146e-01
205     2.674050067e-01     1.039207126e-01
206     2.690958527e-01     1.042505999e-01
207     2.707879669e-01     1.045777045e-01
208     2.724806580e-01     1.049021563e-01
209     2.741739260e-01     1.052239406e-01
210     2.758659253e-01     1.055428702e-01
211     2.775586164e-01     1.058590891e-01
212     2.792501542e-01     1.061725253e-01
213     2.809421529e-01     1.064834960e-01
214     2.826348440e-01     1.067918427e-01
215     2.843281120e-01     1.070976661e-01
216     2.860213800e-01     1.074010096e-01
217     2.877159168e-01     1.077018588e-01
218     2.894086079e-01     1.079999974e-01
219     2.911000302e-01     1.082953532e-01
220     2.927908757e-01     1.085880562e-01
221     2.944822980e-01     1.088783224e-01
222     2.961738359e-01     1.091662962e-01
223     2.978652582e-01     1.094519775e-01
224     2.995579493e-01     1.097353663e-01
225     3.012506404e-01     1.100165058e-01
226     3.029426397e-01     1.102952953e-01
227     3.046341776e-01     1.105717778e-01
228     3.063250230e-01     1.108459678e-01
229     3.080158690e-01     1.111180383e-01
230     3.097072914e-01     1.113880615e-01
231     3.113994055e-01     1.116560229e-01
232     3.130914048e-01     1.119219224e-01
233     3.147840959e-01     1.121858900e-01
234     3.164762101e-01     1.124477525e-01
235     3.181676324e-01     1.127074811e-01
236     3.198584785e-01     1.129651623e-01
237     3.215493239e-01     1.132208539e-01
238     3.232407463e-01     1.134743539e-01
239     3.249328610e-01     1.137258064e-01
240     3.266249752e-01     1.139750818e-01
241     3.283175508e-01     1.142221225e-01
242     3.300090887e-01     1.144667986e-01
243     3.317005110e-01     1.147090524e-01
244     3.333913570e-01     1.149488984e-01
245     3.350828943e-01     1.151865671e-01
246     3.367743166e-01     1.154219868e-01
247     3.384663159e-01     1.156553590e-01
248     3.401584307e-01     1.158866118e-01
249     3.418505449e-01     1.161158028e-01
250     3.435431205e-01     1.163430039e-01
251     3.452352352e-01     1.165682155e-01
252     3.469273494e-01     1.167913653e-01
253     3.486199256e-01     1.170124533e-01
254     3.503126167e-01     1.172314938e-01
255     3.520058847e-01     1.174484149e-01
256     3.536991522e-01     1.176631589e-01
257     3.553924202e-01     1.178756681e-01
258     3.570851113e-01     1.180858127e-01
259     3.587772261e-01     1.182934773e-01
260     3.604680715e-01     1.184987918e-01
261     3.621594938e-01     1.187019147e-01
262     3.638510317e-01     1.189028173e-01
263     3.655430310e-01     1.191016580e-01
264     3.672351451e-01     1.192984370e-01
265     3.689271444e-01     1.194931686e-01
266     3.706192586e-01     1.196858960e-01
267     3.723106809e-01     1.198765761e-01
268     3.740015270e-01     1.200652521e-01
269     3.756930642e-01     1.202518806e-01
270     3.773844866e-01     1.204363753e-01
271     3.790766014e-01     1.206188370e-01
272     3.807680237e-01     1.207990495e-01
273     3.824607148e-01     1.209769551e-01
274     3.841527141e-01     1.211525682e-01
275     3.858435595e-01     1.213257735e-01
276     3.875350974e-01     1.214966142e-01
277     3.892265197e-01     1.216652201e-01
278     3.909179421e-01     1.218315767e-01
279     3.926100562e-01     1.219958860e-01
280     3.943014786e-01     1.221580181e-01
281     3.959941703e-01     1.223182182e-01
282     3.976855926e-01     1.224763565e-01
283     3.993777068e-01     1.226324907e-01
284     4.010685522e-01     1.227867073e-01
285     4.027599746e-01     1.229388044e-01
286     4.044515125e-01     1.230888396e-01
287     4.061435117e-01     1.232367555e-01
288     4.078350496e-01     1.233823788e-01
289     4.095277407e-01     1.235258251e-01
290     4.112191630e-01     1.236668490e-01
291     4.129105854e-01     1.238055084e-01
292     4.146021232e-01     1.239418176e-01
293     4.162935456e-01     1.240758343e-01
294     4.179849679e-01     1.242077316e-01
295     4.196770821e-01     1.243374373e-01
296     4.213690814e-01     1.244651101e-01
297     4.230611956e-01     1.245907642e-01
298     4.247533104e-01     1.247145009e-01
299     4.264453090e-01     1.248363487e-01
300     4.281380007e-01     1.249562212e-01
301     4.298306918e-01     1.250740175e-01
302     4.315233829e-01     1.251897088e-01
303     4.332166509e-01     1.253030931e-01
304     4.349092265e-01     1.254141273e-01
305     4.366026095e-01     1.255227393e-01
306     4.382951857e-01     1.256287415e-01
307     4.399872998e-01     1.257321052e-01
308     4.416787222e-01     1.258329025e-01
309     4.433702600e-01     1.259313064e-01
310     4.450616824e-01     1.260273314e-01
311     4.467537972e-01     1.261212512e-01
312     4.484452195e-01     1.262129939e-01
313     4.501372182e-01     1.263027902e-01
314     4.518293330e-01     1.263907265e-01
315     4.535207553e-01     1.264767740e-01
316     4.552122932e-01     1.265609616e-01
317     4.569037155e-01     1.266431451e-01
318     4.585951379e-01     1.267231514e-01
319     4.602872521e-01     1.268009229e-01
320     4.619786744e-01     1.268762722e-01
321     4.636707892e-01     1.269490839e-01
322     4.653126131e-01     1.270172385e-01
323     4.669036847e-01     1.270807937e-01
324     4.684451584e-01     1.271401244e-01
325     4.699860553e-01     1.271971482e-01
326     4.715275290e-01     1.272520525e-01
327     4.727346166e-01     1.272935336e-01
328     4.733841255e-01     1.273153771e-01
329     4.739967241e-01     1.273355769e-01
330     4.746093227e-01     1.273554595e-01
331     4.752213443e-01     1.273750538e-01
332     4.758339429e-01     1.273942876e-01
333     4.764465415e-01     1.274132763e-01
334     4.770585631e-01     1.274319046e-01
335     4.776711617e-01     1.274502301e-01
336     4.782837603e-01     1.274682527e-01
337     4.790681078e-01     1.274908604e-01
338     4.800247811e-01     1.275178367e-01
339     4.811532033e-01     1.275486772e-01
340     4.822816255e-01     1.275784939e-01
341     4.834101633e-01     1.276072870e-01
342     4.845385855e-01     1.276350419e-01
343     4.856670077e-01     1.276617732e-01
344     4.867954300e-01     1.276874086e-01
345     4.879245446e-01     1.277120782e-01
346     4.890529669e-01     1.277357239e-01
347     4.901813891e-01     1.277582883e-01
348     4.913105037e-01     1.277797569e-01
349     4.924389260e-01     1.278002596e-01
350     4.935667719e-01     1.278196664e-01
351     4.946946172e-01     1.278379919e-01
352     4.958224631e-01     1.278552792e-01
353     4.969497315e-01     1.278714852e-01
354     4.980774619e-01     1.278866098e-01
355     4.992053078e-01     1.279006964e-01
356     5.003331531e-01     1.279137016e-01
357     5.014609990e-01     1.279255533e-01
358     5.025888443e-01     1.279363813e-01
359     5.037166903e-01     1.279460559e-01
360     5.048445356e-01     1.279546491e-01
361     5.059723815e-01     1.279621465e-01
362     5.071002268e-01     1.279684906e-01
363     5.082280727e-01     1.279737532e-01
364     5.093559180e-01     1.279778624e-01
365     5.104831870e-01     1.279808325e-01
366     5.116110323e-01     1.279825771e-01
367     5.127388782e-01     1.279832403e-01
368     5.138667235e-01     1.279827068e-01
369     5.149945694e-01     1.279810055e-01
370     5.161224147e-01     1.279781075e-01
371     5.172502606e-01     1.279739983e-01
372     5.183781060e-01     1.279686780e-01
373     5.195059519e-01     1.279621465e-01
374     5.206337972e-01     1.279544040e-01
375     5.217616431e-01     1.279453927e-01
376     5.228894884e-01     1.279352279e-01
377     5.240173343e-01     1.279237943e-01
378     5.251451796e-01     1.279112217e-01
379     5.262723331e-01     1.278974379e-01
380     5.274001790e-01     1.278825584e-01
381     5.285280243e-01     1.278664677e-01
382     5.296558702e-01     1.278492380e-01
383     5.307837155e-01     1.278308549e-01
384     5.319115614e-01     1.278113759e-01
385     5.330394067e-01     1.277907580e-01
386     5.341666757e-01     1.277690442e-01
387     5.352950980e-01     1.277461915e-01
388     5.364229439e-01     1.277221132e-01
389     5.375507892e-01     1.276968958e-01
390     5.386786351e-01     1.276704097e-01
391     5.398064804e-01     1.276427124e-01
392     5.409343263e-01     1.276136309e-01
393     5.420621716e-01     1.275833384e-01
394     5.431894406e-01     1.275515896e-01
395     5.443172865e-01     1.275184423e-01
396     5.454444400e-01     1.274838532e-01
397     5.465722853e-01     1.274478655e-01
398     5.477001312e-01     1.274103783e-01
399     5.488285535e-01     1.273713772e-01
400     5.499563988e-01     1.273309198e-01
401     5.510842447e-01     1.272890639e-01
402     5.522120900e-01     1.272457662e-01
403     5.533399359e-01     1.272010699e-01
404     5.544677812e-01     1.271550616e-01
405     5.555956271e-01     1.271076403e-01
406     5.567228961e-01     1.270589069e-01
407     5.578507414e-01     1.270088904e-01
408     5.589785873e-01     1.269576050e-01
409     5.601064326e-01     1.269049932e-01
410     5.612348549e-01     1.268510549e-01
411     5.623639695e-01     1.267959054e-01
412     5.634923918e-01     1.267392997e-01
413     5.646213909e-01     1.266813676e-01
414     5.657498131e-01     1.266220369e-01
415     5.668789278e-01     1.265611346e-01
416     5.680073500e-01     1.264987328e-01
417     5.691357723e-01     1.264348028e-01
418     5.702643100e-01     1.263692002e-01
419     5.713927322e-01     1.263019395e-01
420     5.725205781e-01     1.262329486e-01
421     5.736490004e-01     1.261621843e-01
422     5.747768457e-01     1.260896178e-01
423     5.759052679e-01     1.260151768e-01
424     5.770336901e-01     1.259389769e-01
425     5.781615360e-01     1.258609747e-01
426     5.792900738e-01     1.257810837e-01
427     5.804179191e-01     1.256994481e-01
428     5.815450726e-01     1.256159815e-01
429     5.826729185e-01     1.255307846e-01
430     5.838001875e-01     1.254436989e-01
431     5.849280328e-01     1.253547966e-01
432     5.860553018e-01     1.252641497e-01
433     5.871824552e-01     1.251716284e-01
434     5.883109930e-01     1.250772904e-01
435     5.894394152e-01     1.249810060e-01
436     5.905678374e-01     1.248829193e-01
437     5.916956834e-01     1.247830159e-01
438     5.928241056e-01     1.246811805e-01
439     5.939519515e-01     1.245774707e-01
440     5.950797968e-01     1.244718722e-01
441     5.962070658e-01     1.243642983e-01
442     5.973343348e-01     1.242548357e-01
443     5.984614883e-01     1.241433834e-01
444     5.995887573e-01     1.240299270e-01
445     6.007160256e-01     1.239144952e-01
446     6.018444485e-01     1.237968719e-01
447     6.029728707e-01     1.236771291e-01
448     6.041019848e-01     1.235552670e-01
449     6.052304076e-01     1.234314150e-01
450     6.063582529e-01     1.233053859e-01
451     6.074866751e-01     1.231772518e-01
452     6.086139441e-01     1.230469261e-01
453     6.097417894e-01     1.229144233e-01
454     6.108683666e-01     1.227797577e-01
455     6.119956356e-01     1.226427853e-01
456     6.131223276e-01     1.225036213e-01
457     6.142500581e-01     1.223619917e-01
458     6.153785958e-01     1.222179544e-01
459     6.165081713e-01     1.220712353e-01
460     6.176372859e-01     1.219220506e-01
461     6.187662845e-01     1.217702563e-01
462     6.198953991e-01     1.216156793e-01
463     6.210232450e-01     1.214582042e-01
464     6.221510903e-01     1.212978311e-01
465     6.232782438e-01     1.211344302e-01
466     6.244049359e-01     1.209678285e-01
467     6.255309361e-01     1.207978961e-01
468     6.266569364e-01     1.206246331e-01
469     6.277842054e-01     1.204475061e-01
470     6.289138963e-01     1.202663276e-01
471     6.300447406e-01     1.200812129e-01
472     6.311755854e-01     1.198925370e-01
473     6.323052764e-01     1.197002853e-01
474     6.334349673e-01     1.195044724e-01
475     6.345633902e-01     1.193052136e-01
476     6.356918124e-01     1.191025087e-01
477     6.368196577e-01     1.188964012e-01
478     6.379462349e-01     1.186868622e-01
479     6.390729269e-01     1.184739926e-01
480     6.401995035e-01     1.182578068e-01
481     6.413291951e-01     1.180374974e-01
482     6.424631537e-01     1.178128338e-01
483     6.436005727e-01     1.175828498e-01
484     6.447363776e-01     1.173473581e-01
485     6.458713746e-01     1.171053494e-01
486     6.470040645e-01     1.168555261e-01
487     6.481350242e-01     1.165969942e-01
488     6.492634470e-01     1.163286147e-01
489     6.503894467e-01     1.160492197e-01
490     6.515118711e-01     1.157578000e-01
491     6.526311811e-01     1.154531877e-01
492     6.537463389e-01     1.151343734e-01
493     6.541569678e-01     1.150131168e-01
zone
1     6.541569678e-01     1.150131168e-01
2     6.541569678e-01     1.144083762e-01
zone
1     6.541569678e-01     1.144083762e-01
2     6.539320446e-01     1.144036615e-01
3     6.535462149e-01     1.143953133e-01
4     6.531609621e-01     1.143865471e-01
5     6.527751318e-01     1.143774204e-01
6     6.523893021e-01     1.143679189e-01
7     6.520040493e-01     1.143579415e-01
8     6.516189115e-01     1.143476037e-01
9     6.512330818e-01     1.143367757e-01
10     6.508478290e-01     1.143254718e-01
11     6.504625756e-01     1.143137354e-01
12     6.500774377e-01     1.143015809e-01
13     6.496921849e-01     1.142888785e-01
14     6.493069321e-01     1.142756427e-01
15     6.489217943e-01     1.142619743e-01
16     6.485365409e-01     1.142477003e-01
17     6.481512881e-01     1.142329506e-01
18     6.477667271e-01     1.142175808e-01
19     6.473814744e-01     1.142017352e-01
20     6.469962210e-01     1.141852264e-01
21     6.466116600e-01     1.141682419e-01
22     6.462264072e-01     1.141505796e-01
23     6.458418463e-01     1.141323118e-01
24     6.454571698e-01     1.141134528e-01
25     6.450726089e-01     1.140939163e-01
26     6.446879324e-01     1.140737165e-01
27     6.443033714e-01     1.140529111e-01
28     6.439186950e-01     1.140314424e-01
29     6.435341340e-01     1.140092529e-01
30     6.431500345e-01     1.139863857e-01
31     6.426964973e-01     1.139584577e-01
32     6.421734065e-01     1.139250076e-01
33     6.415807626e-01     1.138854587e-01
34     6.409886956e-01     1.138440930e-01
35     6.403973210e-01     1.138009250e-01
36     6.398052540e-01     1.137558682e-01
37     6.392138788e-01     1.137088218e-01
38     6.386218118e-01     1.136597712e-01
39     6.380308980e-01     1.136087887e-01
40     6.374395229e-01     1.135556289e-01
41     6.368487246e-01     1.135004218e-01
42     6.362578114e-01     1.134430376e-01
43     6.356670132e-01     1.133834618e-01
44     6.350767918e-01     1.133215358e-01
45     6.344859936e-01     1.132574327e-01
46     6.338957716e-01     1.131909218e-01
47     6.333061272e-01     1.131220318e-01
48     6.327159053e-01     1.130507341e-01
49     6.321262609e-01     1.129768987e-01
50     6.315371928e-01     1.129005834e-01
51     6.309476633e-01     1.128217162e-01
52     6.303585952e-01     1.127401959e-01
53     6.297696426e-01     1.126560804e-01
54     6.291811508e-01     1.125691822e-01
55     6.285927752e-01     1.124795589e-01
56     6.280043989e-01     1.123872106e-01
57     6.274159077e-01     1.122919643e-01
58     6.268281084e-01     1.121938200e-01
59     6.262408859e-01     1.120927631e-01
60     6.256530866e-01     1.119887506e-01
61     6.250658642e-01     1.118817679e-01
62     6.244122031e-01     1.117590118e-01
63     6.236931404e-01     1.116193142e-01
64     6.229076397e-01     1.114612336e-01
65     6.221232922e-01     1.112973569e-01
66     6.213389447e-01     1.111274822e-01
67     6.205563274e-01     1.109514366e-01
68     6.197749788e-01     1.107691623e-01
69     6.189948990e-01     1.105804864e-01
70     6.182166649e-01     1.103852213e-01
71     6.174401609e-01     1.101833527e-01
72     6.166655019e-01     1.099746067e-01
73     6.158925738e-01     1.097589544e-01
74     6.151221831e-01     1.095361651e-01
75     6.143540989e-01     1.093061234e-01
76     6.135891298e-01     1.090686997e-01
77     6.128265826e-01     1.088238363e-01
78     6.120670343e-01     1.085712302e-01
79     6.113104850e-01     1.083108960e-01
80     6.105575109e-01     1.080426319e-01
81     6.098076518e-01     1.077662647e-01
82     6.090614834e-01     1.074816792e-01
83     6.083194678e-01     1.071888032e-01
84     6.075810275e-01     1.068873918e-01
85     6.068468553e-01     1.065774014e-01
86     6.061169509e-01     1.062586449e-01
87     6.053918904e-01     1.059309924e-01
88     6.046715596e-01     1.055942709e-01
89     6.039556120e-01     1.052484226e-01
90     6.032450853e-01     1.048932026e-01
91     6.025392876e-01     1.045285387e-01
92     6.020693717e-01     1.042790326e-01
93     6.018304917e-01     1.041497305e-01
94     6.015983013e-01     1.040227931e-01
95     6.011731392e-01     1.037867103e-01
96     6.010347248e-01     1.037086360e-01
97     6.007818880e-01     1.035648870e-01
98     6.000102286e-01     1.031153866e-01
99     5.988914949e-01     1.024346192e-01
100     5.977872956e-01     1.017291389e-01
101     5.966975139e-01     1.009999985e-01
102     5.956216884e-01     1.002483081e-01
103     5.945597055e-01     9.947507694e-02
104     5.935116788e-01     9.868141529e-02
105     5.924757632e-01     9.786846216e-02
106     5.914532275e-01     9.703725564e-02
107     5.904426881e-01     9.618886268e-02
108     5.894448367e-01     9.532426369e-02
109     5.884579427e-01     9.444472752e-02
110     5.874824686e-01     9.355116251e-02
111     5.865178362e-01     9.264477971e-02
112     5.855641618e-01     9.172653080e-02
113     5.846201766e-01     9.079752596e-02
114     5.836864568e-01     8.985891136e-02
115     5.828017592e-01     8.895258625e-02
116     5.819653907e-01     8.808036734e-02
117     5.811750454e-01     8.724316281e-02
118     5.803924280e-01     8.639997486e-02
119     5.796183460e-01     8.555055819e-02
120     5.788522230e-01     8.469472547e-02
121     5.780950974e-01     8.383236129e-02
122     5.773463915e-01     8.296329271e-02
123     5.766079511e-01     8.208726012e-02
124     5.758786236e-01     8.120422039e-02
125     5.751596765e-01     8.031392104e-02
126     5.744508799e-01     7.941618192e-02
127     5.737530418e-01     7.851088772e-02
128     5.730660456e-01     7.759784375e-02
129     5.723905836e-01     7.667688427e-02
130     5.717265415e-01     7.574782174e-02
131     5.710751869e-01     7.481047595e-02
132     5.704360589e-01     7.386465955e-02
133     5.697992380e-01     7.289392854e-02
134     5.691654161e-01     7.189773508e-02
135     5.685352848e-01     7.087590616e-02
136     5.679191110e-01     6.984518846e-02
137     5.673167779e-01     6.880587750e-02
138     5.667271335e-01     6.775840592e-02
139     5.661501766e-01     6.670319172e-02
140     5.655853308e-01     6.564053781e-02
141     5.650332886e-01     6.457093434e-02
142     5.644926657e-01     6.349473454e-02
143     5.639628852e-01     6.241231333e-02
144     5.634446390e-01     6.132401677e-02
145     5.629372351e-01     6.023034218e-02
146     5.624400974e-01     5.913152747e-02
147     5.619526482e-01     5.802812066e-02
148     5.614743118e-01     5.692035234e-02
149     5.610062409e-01     5.580871996e-02
150     5.605467054e-01     5.469357676e-02
151     5.600991661e-01     5.358544795e-02
152     5.596643142e-01     5.248463639e-02
153     5.592409972e-01     5.139132948e-02
154     5.588256392e-01     5.029553540e-02
155     5.584180092e-01     4.919720376e-02
156     5.580182227e-01     4.809639219e-02
157     5.576258182e-01     4.699316560e-02
158     5.572411418e-01     4.588751671e-02
159     5.568650012e-01     4.477945285e-02
160     5.564955503e-01     4.366908202e-02
161     5.561345198e-01     4.255636105e-02
162     5.557813328e-01     4.144127554e-02
163     5.554354124e-01     4.032395515e-02
164     5.550973355e-01     3.920439999e-02
165     5.547672176e-01     3.808261002e-02
166     5.544448276e-01     3.695863566e-02
167     5.541303967e-01     3.583248423e-02
168     5.538231168e-01     3.470422051e-02
169     5.535383297e-01     3.362844601e-02
170     5.532746505e-01     3.260540598e-02
171     5.530303489e-01     3.163546077e-02
172     5.527914695e-01     3.066406654e-02
173     5.525580104e-01     2.969128459e-02
174     5.523300883e-01     2.871719056e-02
175     5.521074722e-01     2.774180972e-02
176     5.518898156e-01     2.676518530e-02
177     5.516768886e-01     2.578736419e-02
178     5.514694975e-01     2.480839322e-02
179     5.512669515e-01     2.382831927e-02
180     5.510691346e-01     2.284718558e-02
181     5.508757003e-01     2.186504622e-02
182     5.506869956e-01     2.088193004e-02
183     5.505031356e-01     1.989790551e-02
184     5.503235426e-01     1.891299426e-02
185     5.501481029e-01     1.792726118e-02
186     5.499770458e-01     1.694074592e-02
187     5.498155624e-01     1.598745008e-02
188     5.496637681e-01     1.506748180e-02
189     5.495210861e-01     1.418094201e-02
190     5.493812875e-01     1.329391560e-02
191     5.492447188e-01     1.240642782e-02
192     5.491110341e-01     1.151852912e-02
193     5.489797708e-01     1.063023031e-02
194     5.488521988e-01     9.741581864e-03
195     5.487270495e-01     8.852605406e-03
196     5.486048990e-01     7.963344188e-03
197     5.484857475e-01     7.073827050e-03
198     5.483690179e-01     6.184082825e-03
199     5.482547109e-01     5.294143953e-03
200     5.481428260e-01     4.404057299e-03
201     5.480333636e-01     3.513840874e-03
202     5.479268995e-01     2.623534343e-03
203     5.478222817e-01     1.733173742e-03
204     5.477200859e-01     8.427843009e-04
205     5.476505328e-01     2.269020803e-04
206     5.476197351e-01    -4.759432148e-05
207     5.476197351e-01    -4.787998246e-04
208     5.476197351e-01    -1.025696595e-03
209     5.476197351e-01    -1.572595162e-03
210     5.476197351e-01    -2.119491927e-03
211     5.476197351e-01    -2.666383285e-03
212     5.476197351e-01    -3.213281858e-03
213     5.476197351e-01    -3.760178622e-03
214     5.476197351e-01    -4.307077189e-03
215     5.476197351e-01    -4.853973960e-03
216     5.476197351e-01    -5.400865318e-03
217     5.476197351e-01    -5.947763885e-03
218     5.476197351e-01    -6.494660649e-03
219     5.476197351e-01    -7.041559222e-03
220     5.476197351e-01    -7.588455987e-03
221     5.476197351e-01    -8.135349147e-03
222     5.476197351e-01    -8.682245912e-03
223     5.476197351e-01    -9.229144485e-03
224     5.476197351e-01    -9.776041249e-03
225     5.476197351e-01    -1.032293261e-02
226     5.476197351e-01    -1.086983117e-02
227     5.476197351e-01    -1.141672795e-02
228     5.476197351e-01    -1.196362651e-02
229     5.476197351e-01    -1.251052328e-02
230     5.476197351e-01    -1.305741463e-02
231     5.476197351e-01    -1.360431321e-02
232     5.476197351e-01    -1.415120997e-02
233     5.476197351e-01    -1.469810854e-02
234     5.476197351e-01    -1.524499990e-02
235     5.476197351e-01    -1.579189757e-02
236     5.476197351e-01    -1.633879523e-02
237     5.476197351e-01    -1.688569290e-02
238     5.476197351e-01    -1.743259057e-02
239     5.476197351e-01    -1.797948193e-02
240     5.476197351e-01    -1.852637960e-02
241     5.476197351e-01    -1.907327726e-02
242     5.476197351e-01    -1.962017493e-02
243     5.476197351e-01    -2.016707260e-02
244     5.476197351e-01    -2.071396486e-02
245     5.476197351e-01    -2.126086252e-02
246     5.476197351e-01    -2.180776020e-02
247     5.476197351e-01    -2.235465786e-02
248     5.476197351e-01    -2.290154922e-02
249     5.476197351e-01    -2.344844689e-02
250     5.476197351e-01    -2.399534456e-02
251     5.476197351e-01    -2.454224177e-02
252     5.476197351e-01    -2.508913764e-02
253     5.476197351e-01    -2.563603395e-02
254     5.476197351e-01    -2.618293072e-02
255     5.476197351e-01    -2.672982636e-02
256     5.476197351e-01    -2.727672290e-02
257     5.476197351e-01    -2.782361944e-02
258     5.476197351e-01    -2.837051530e-02
259     5.476197351e-01    -2.891741173e-02
260     5.476197351e-01    -2.946430816e-02
261     5.476197351e-01    -3.001120467e-02
262     5.476197351e-01    -3.055810105e-02
263     5.476197351e-01    -3.110499756e-02
264     5.476197351e-01    -3.165189399e-02
265     5.476197351e-01    -3.219879042e-02
266     5.476197351e-01    -3.274568628e-02
267     5.476197351e-01    -3.329258282e-02
268     5.476197351e-01    -3.383947936e-02
269     5.476197351e-01    -3.438637500e-02
270     5.476197351e-01    -3.493327177e-02
271     5.476197351e-01    -3.548016808e-02
272     5.476197351e-01    -3.602706395e-02
273     5.476197351e-01    -3.657396116e-02
274     5.476197351e-01    -3.712085884e-02
275     5.476197351e-01    -3.766775650e-02
276     5.476197351e-01    -3.821464786e-02
277     5.476197351e-01    -3.876154552e-02
278     5.476197351e-01    -3.930844320e-02
279     5.476197351e-01    -3.985534086e-02
280     5.476197351e-01    -4.040223312e-02
281     5.476197351e-01    -4.094913079e-02
282     5.476197351e-01    -4.149602846e-02
283     5.476197351e-01    -4.204292612e-02
284     5.476197351e-01    -4.258982379e-02
285     5.476197351e-01    -4.313671515e-02
286     5.476197351e-01    -4.368361282e-02
287     5.476197351e-01    -4.423051049e-02
288     5.476197351e-01    -4.477740815e-02
289     5.476197351e-01    -4.532430582e-02
290     5.476197351e-01    -4.587119718e-02
291     5.476197351e-01    -4.641809575e-02
292     5.476197351e-01    -4.696499251e-02
293     5.476197351e-01    -4.751189109e-02
294     5.476197351e-01    -4.805878244e-02
295     5.476197351e-01    -4.860567921e-02
296     5.476197351e-01    -4.915257778e-02
297     5.476197351e-01    -4.969947455e-02
298     5.476197351e-01    -5.024637311e-02
299     5.476197351e-01    -5.079326447e-02
300     5.476197351e-01    -5.134016124e-02
301     5.476197351e-01    -5.188705981e-02
302     5.476197351e-01    -5.243395657e-02
303     5.476197351e-01    -5.298084973e-02
304     5.476197351e-01    -5.352774650e-02
305     5.476197351e-01    -5.407464507e-02
306     5.476197351e-01    -5.462154184e-02
307     5.476197351e-01    -5.516844040e-02
308     5.476197351e-01    -5.571533176e-02
309     5.476197351e-01    -5.626222853e-02
310     5.476197351e-01    -5.680912710e-02
311     5.476197351e-01    -5.735602386e-02
312     5.476197351e-01    -5.790292244e-02
313     5.476197351e-01    -5.844981379e-02
314     5.476197351e-01    -5.899671056e-02
315     5.476197351e-01    -5.954360913e-02
316     5.476197351e-01    -6.009050590e-02
317     5.476197351e-01    -6.052171140e-02
zone
1     6.685728139e-01    -6.052171140e-02
2     6.685728139e-01    -6.009050590e-02
3     6.685728139e-01    -5.954360913e-02
4     6.685728139e-01    -5.899671056e-02
5     6.685728139e-01    -5.844981379e-02
6     6.685728139e-01    -5.790292244e-02
7     6.685728139e-01    -5.735602386e-02
8     6.685728139e-01    -5.680912710e-02
9     6.685728139e-01    -5.626222853e-02
10     6.685728139e-01    -5.571533176e-02
11     6.685728139e-01    -5.516844040e-02
12     6.685728139e-01    -5.462154184e-02
13     6.685728139e-01    -5.407464507e-02
14     6.685728139e-01    -5.352774650e-02
15     6.685728139e-01    -5.298084973e-02
16     6.685728139e-01    -5.243395657e-02
17     6.685728139e-01    -5.188705981e-02
18     6.685728139e-01    -5.134016124e-02
19     6.685728139e-01    -5.079326447e-02
20     6.685728139e-01    -5.024637311e-02
21     6.685728139e-01    -4.969947455e-02
22     6.685728139e-01    -4.915257778e-02
23     6.685728139e-01    -4.860567921e-02
24     6.685728139e-01    -4.805878244e-02
25     6.685728139e-01    -4.751189109e-02
26     6.685728139e-01    -4.696499251e-02
27     6.685728139e-01    -4.641809575e-02
28     6.685728139e-01    -4.587119718e-02
29     6.685728139e-01    -4.532430582e-02
30     6.685728139e-01    -4.477740815e-02
31     6.685728139e-01    -4.423051049e-02
32     6.685728139e-01    -4.368361282e-02
33     6.685728139e-01    -4.313671515e-02
34     6.685728139e-01    -4.258982379e-02
35     6.685728139e-01    -4.204292612e-02
36     6.685728139e-01    -4.149602846e-02
37     6.685728139e-01    -4.094913079e-02
38     6.685728139e-01    -4.040223312e-02
39     6.685728139e-01    -3.985534086e-02
40     6.685728139e-01    -3.930844320e-02
41     6.685728139e-01    -3.876154552e-02
42     6.685728139e-01    -3.821464786e-02
43     6.685728139e-01    -3.766775650e-02
44     6.685728139e-01    -3.712085884e-02
45     6.685728139e-01    -3.657396116e-02
46     6.685728139e-01    -3.602706395e-02
47     6.685728139e-01    -3.548016808e-02
48     6.685728139e-01    -3.493327177e-02
49     6.685728139e-01    -3.438637500e-02
50     6.685728139e-01    -3.383947936e-02
51     6.685728139e-01    -3.329258282e-02
52     6.685728139e-01    -3.274568628e-02
53     6.685728139e-01    -3.219879042e-02
54     6.685728139e-01    -3.165189399e-02
55     6.685728139e-01    -3.110499756e-02
56     6.685728139e-01    -3.055810105e-02
57     6.685728139e-01    -3.001120467e-02
58     6.685728139e-01    -2.946430816e-02
59     6.685728139e-01    -2.891741173e-02
60     6.685728139e-01    -2.837051530e-02
61     6.685728139e-01    -2.782361944e-02
62     6.685728139e-01    -2.727672290e-02
63     6.685728139e-01    -2.672982636e-02
64     6.685728139e-01    -2.618293072e-02
65     6.685728139e-01    -2.563603395e-02
66     6.685728139e-01    -2.508913764e-02
67     6.685728139e-01    -2.454224177e-02
68     6.685728139e-01    -2.399534456e-02
69     6.685728139e-01    -2.344844689e-02
70     6.685728139e-01    -2.290154922e-02
71     6.685728139e-01    -2.235465786e-02
72     6.685728139e-01    -2.180776020e-02
73     6.685728139e-01    -2.126086252e-02
74     6.685728139e-01    -2.071396486e-02
75     6.685728139e-01    -2.016707260e-02
76     6.685728139e-01    -1.962017493e-02
77     6.685728139e-01    -1.907327726e-02
78     6.685728139e-01    -1.852637960e-02
79     6.685728139e-01    -1.797948193e-02
80     6.685728139e-01    -1.743259057e-02
81     6.685728139e-01    -1.688569290e-02
82     6.685728139e-01    -1.633879523e-02
83     6.685728139e-01    -1.579189757e-02
84     6.685728139e-01    -1.524499990e-02
85     6.685728139e-01    -1.469810854e-02
86     6.685728139e-01    -1.415120997e-02
87     6.685728139e-01    -1.360431321e-02
88     6.685728139e-01    -1.305741463e-02
89     6.685728139e-01    -1.251052328e-02
90     6.685728139e-01    -1.196362651e-02
91     6.685728139e-01    -1.141672795e-02
92     6.685728139e-01    -1.086983117e-02
93     6.685728139e-01    -1.032293261e-02
94     6.685728139e-01    -9.776041249e-03
95     6.685728139e-01    -9.229144485e-03
96     6.685728139e-01    -8.682245912e-03
97     6.685728139e-01    -8.135349147e-03
98     6.685728139e-01    -7.588455987e-03
99     6.685728139e-01    -7.041559222e-03
100     6.685728139e-01    -6.494660649e-03
101     6.685728139e-01    -5.947763885e-03
102     6.685728139e-01    -5.400865318e-03
103     6.685728139e-01    -4.853973960e-03
104     6.685728139e-01    -4.307077189e-03
105     6.685728139e-01    -3.760178622e-03
106     6.685728139e-01    -3.213281858e-03
107     6.685728139e-01    -2.666383285e-03
108     6.685728139e-01    -2.119491927e-03
109     6.685728139e-01    -1.572595162e-03
110     6.685728139e-01    -1.025696595e-03
111     6.685728139e-01    -4.787998246e-04
112     6.685728139e-01    -4.759432148e-05
113     6.685728139e-01    -4.759432148e-05
114     6.685485916e-01     4.061918118e-04
115     6.684989931e-01     1.427739586e-03
116     6.684403979e-01     2.903387089e-03
117     6.683937984e-01     4.379312143e-03
118     6.683587331e-01     5.855460674e-03
119     6.683333575e-01     7.331807456e-03
120     6.683158249e-01     8.808302026e-03
121     6.683048670e-01     1.028491555e-02
122     6.682982922e-01     1.176160476e-02
123     6.682951784e-01     1.323832281e-02
124     6.682934482e-01     1.471503726e-02
125     6.682916026e-01     1.619170124e-02
126     6.682873349e-01     1.772983702e-02
127     6.682794914e-01     1.932938332e-02
128     6.682643807e-01     2.099027525e-02
129     6.682401584e-01     2.265088603e-02
130     6.682050937e-01     2.431117600e-02
131     6.681567640e-01     2.597107308e-02
132     6.680920549e-01     2.763053762e-02
133     6.680092374e-01     2.928950833e-02
134     6.679057729e-01     3.094793114e-02
135     6.677793541e-01     3.260570877e-02
136     6.676282523e-01     3.426281593e-02
137     6.674492362e-01     3.591926707e-02
138     6.672489967e-01     3.751632984e-02
139     6.670270724e-01     3.905382404e-02
140     6.667857704e-01     4.053017799e-02
141     6.665148246e-01     4.200193259e-02
142     6.662119279e-01     4.346716300e-02
143     6.658744279e-01     4.492392273e-02
144     6.655012863e-01     4.637022208e-02
145     6.650895035e-01     4.780412181e-02
146     6.646376965e-01     4.922368991e-02
147     6.641430963e-01     5.062699433e-02
148     6.636042030e-01     5.201203098e-02
149     6.630188262e-01     5.337681007e-02
150     6.624220301e-01     5.464247879e-02
151     6.618214272e-01     5.581113500e-02
152     6.612257843e-01     5.688594341e-02
153     6.605980757e-01     5.794351496e-02
154     6.599395700e-01     5.898354676e-02
155     6.592507281e-01     6.000562085e-02
156     6.585346650e-01     6.100931170e-02
157     6.577909192e-01     6.199431666e-02
158     6.570222587e-01     6.296026804e-02
159     6.562287990e-01     6.390669003e-02
160     6.554130775e-01     6.483333033e-02
161     6.545748639e-01     6.573977796e-02
162     6.537814036e-01     6.656071156e-02
163     6.530369660e-01     6.730049258e-02
164     6.523482396e-01     6.796516221e-02
165     6.516527080e-01     6.862239933e-02
166     6.509537155e-01     6.927473423e-02
167     6.502533394e-01     6.992471180e-02
168     6.495536551e-01     7.057498490e-02
169     6.488582390e-01     7.122804791e-02
170     6.481693971e-01     7.188661147e-02
171     6.474890911e-01     7.255315550e-02
172     6.468196275e-01     7.323028243e-02
173     6.461646970e-01     7.392065967e-02
174     6.455599425e-01     7.458859502e-02
175     6.450042090e-01     7.523349016e-02
176     6.444962288e-01     7.585268495e-02
177     6.440015131e-01     7.648391167e-02
178     6.435207541e-01     7.712662967e-02
179     6.430545289e-01     7.778047855e-02
180     6.426015681e-01     7.844491027e-02
181     6.421637173e-01     7.911943471e-02
182     6.417398240e-01     7.980364098e-02
183     6.413310402e-01     8.049703878e-02
184     6.409367906e-01     8.119920285e-02
185     6.405569588e-01     8.190959242e-02
186     6.402098845e-01     8.259355360e-02
187     6.398923391e-01     8.324969493e-02
188     6.396038607e-01     8.387681249e-02
189     6.393269170e-01     8.450901242e-02
190     6.390620845e-01     8.514610736e-02
191     6.388105164e-01     8.578797468e-02
192     6.385716364e-01     8.643438373e-02
193     6.383460214e-01     8.708520478e-02
194     6.381337863e-01     8.774032241e-02
195     6.379359688e-01     8.839949149e-02
196     6.377528006e-01     8.906258958e-02
197     6.375846275e-01     8.972950123e-02
198     6.374311030e-01     9.039997420e-02
199     6.372931501e-01     9.107396519e-02
200     6.371709996e-01     9.175108492e-02
201     6.370652280e-01     9.243105940e-02
202     6.369750278e-01     9.311357156e-02
203     6.369013226e-01     9.379831847e-02
204     6.368438806e-01     9.448505511e-02
205     6.368032789e-01     9.517337774e-02
206     6.367803254e-01     9.586308450e-02
207     6.367737506e-01     9.655381497e-02
208     6.367851699e-01     9.724533843e-02
209     6.368136599e-01     9.793722232e-02
210     6.368547230e-01     9.856337387e-02
211     6.369043215e-01     9.912330287e-02
212     6.369587645e-01     9.961653346e-02
213     6.370246263e-01     1.001081924e-01
214     6.371020229e-01     1.005976022e-01
215     6.371933763e-01     1.010840563e-01
216     6.372992634e-01     1.015667617e-01
217     6.374195682e-01     1.020449974e-01
218     6.375568293e-01     1.025180858e-01
219     6.377110456e-01     1.029852484e-01
220     6.378839484e-01     1.034457498e-01
221     6.380763443e-01     1.038989412e-01
222     6.382837349e-01     1.043334466e-01
223     6.385050822e-01     1.047490931e-01
224     6.387391177e-01     1.051456212e-01
225     6.389901089e-01     1.055327775e-01
226     6.392579409e-01     1.059095238e-01
227     6.395409978e-01     1.062749807e-01
228     6.398391655e-01     1.066282110e-01
229     6.401524425e-01     1.069683064e-01
230     6.404789852e-01     1.072943874e-01
231     6.408182154e-01     1.076054590e-01
232     6.411701336e-01     1.079006419e-01
233     6.415335867e-01     1.081789411e-01
234     6.419175708e-01     1.084454462e-01
235     6.423209331e-01     1.086983551e-01
236     6.427449419e-01     1.089374657e-01
237     6.431779481e-01     1.091586834e-01
238     6.436199510e-01     1.093636230e-01
239     6.440693360e-01     1.095541878e-01
240     6.445252957e-01     1.097320357e-01
241     6.449866763e-01     1.098988826e-01
242     6.454523252e-01     1.100565451e-01
243     6.459216649e-01     1.102066957e-01
244     6.463927346e-01     1.103511656e-01
245     6.468649583e-01     1.104916561e-01
246     6.473106519e-01     1.106220394e-01
247     6.477285480e-01     1.107438296e-01
248     6.481192223e-01     1.108574590e-01
249     6.485093197e-01     1.109706127e-01
250     6.488987252e-01     1.110833338e-01
251     6.492875538e-01     1.111955070e-01
252     6.496764979e-01     1.113072045e-01
253     6.500647502e-01     1.114182387e-01
254     6.504528864e-01     1.115286674e-01
255     6.508405618e-01     1.116384183e-01
256     6.512288141e-01     1.117474051e-01
257     6.516164895e-01     1.118556422e-01
258     6.520530709e-01     1.119764807e-01
259     6.525386744e-01     1.121095170e-01
260     6.530732995e-01     1.122541744e-01
261     6.536079245e-01     1.123970150e-01
262     6.541442798e-01     1.125379092e-01
263     6.546806350e-01     1.126767705e-01
264     6.552189514e-01     1.128134401e-01
265     6.557583055e-01     1.129478750e-01
266     6.562989290e-01     1.130798876e-01
267     6.568413976e-01     1.132094779e-01
268     6.573862881e-01     1.133364154e-01
269     6.579330243e-01     1.134606277e-01
270     6.583356948e-01     1.135500780e-01
271     6.584814913e-01     1.135819998e-01
zone
1     6.584814913e-01     1.135819998e-01
2     6.586550859e-01     1.135183292e-01
3     6.588854300e-01     1.134328151e-01
4     6.591817519e-01     1.133216656e-01
5     6.594769201e-01     1.132091175e-01
6     6.597719733e-01     1.130952429e-01
7     6.600658732e-01     1.129799265e-01
8     6.603597726e-01     1.128632116e-01
9     6.606530957e-01     1.127450404e-01
10     6.609451500e-01     1.126254274e-01
11     6.612373192e-01     1.125044158e-01
12     6.615287966e-01     1.123818904e-01
13     6.618190052e-01     1.122579808e-01
14     6.621093293e-01     1.121325572e-01
15     6.623983841e-01     1.120056198e-01
16     6.626868626e-01     1.118771829e-01
17     6.629747642e-01     1.117472177e-01
18     6.632619739e-01     1.116158106e-01
19     6.635480298e-01     1.114827599e-01
20     6.638333944e-01     1.113482097e-01
21     6.641188734e-01     1.112121456e-01
22     6.644025073e-01     1.110744379e-01
23     6.646861411e-01     1.109351729e-01
24     6.649685063e-01     1.107943219e-01
25     6.652497182e-01     1.106519138e-01
26     6.655309301e-01     1.105078044e-01
27     6.657891878e-01     1.103732398e-01
28     6.660262222e-01     1.102486093e-01
29     6.662408799e-01     1.101341291e-01
30     6.664549607e-01     1.100187406e-01
31     6.666690409e-01     1.099024006e-01
32     6.668825454e-01     1.097851954e-01
33     6.670954723e-01     1.096670242e-01
34     6.673077074e-01     1.095480168e-01
35     6.675193662e-01     1.094281587e-01
36     6.677310244e-01     1.093074499e-01
37     6.679414145e-01     1.091859626e-01
38     6.681524964e-01     1.090636245e-01
39     6.683623089e-01     1.089404935e-01
40     6.685715451e-01     1.088165839e-01
41     6.687807813e-01     1.086919389e-01
42     6.689894412e-01     1.085665154e-01
43     6.691981005e-01     1.084404287e-01
44     6.694054910e-01     1.083136210e-01
45     6.696135740e-01     1.081860781e-01
46     6.698203882e-01     1.080578719e-01
47     6.700266255e-01     1.079290601e-01
48     6.702334392e-01     1.077995274e-01
49     6.704389846e-01     1.076694468e-01
50     6.706446450e-01     1.075387030e-01
51     6.708490366e-01     1.074074113e-01
52     6.710540052e-01     1.072755140e-01
53     6.712615112e-01     1.071409062e-01
54     6.714725931e-01     1.070035012e-01
55     6.716859815e-01     1.068633278e-01
56     6.718994860e-01     1.067225490e-01
57     6.721122974e-01     1.065812223e-01
58     6.723246480e-01     1.064392900e-01
59     6.725368832e-01     1.062968675e-01
60     6.727485420e-01     1.061538394e-01
61     6.729602002e-01     1.060102778e-01
62     6.731712821e-01     1.058662261e-01
63     6.733816721e-01     1.057216408e-01
64     6.735921771e-01     1.055764933e-01
65     6.738019896e-01     1.054308699e-01
66     6.740112258e-01     1.052847708e-01
67     6.742204620e-01     1.051381237e-01
68     6.744296988e-01     1.049909865e-01
69     6.746383581e-01     1.048434311e-01
70     6.748464411e-01     1.046953855e-01
71     6.750544086e-01     1.045468641e-01
72     6.752617991e-01     1.043979246e-01
73     6.754693052e-01     1.042484805e-01
74     6.756761188e-01     1.040986326e-01
75     6.758829330e-01     1.039483522e-01
76     6.760891703e-01     1.037976536e-01
77     6.762947158e-01     1.036465226e-01
78     6.765003761e-01     1.034949733e-01
79     6.767083436e-01     1.033411317e-01
80     6.769188486e-01     1.031849254e-01
81     6.771316606e-01     1.030263690e-01
82     6.773440112e-01     1.028673800e-01
83     6.775556694e-01     1.027079729e-01
84     6.777679046e-01     1.025481909e-01
85     6.779789865e-01     1.023880629e-01
86     6.781899528e-01     1.022275024e-01
87     6.784010347e-01     1.020666390e-01
88     6.786115397e-01     1.019053575e-01
89     6.788219291e-01     1.017437157e-01
90     6.790318578e-01     1.015816989e-01
91     6.792416709e-01     1.014193937e-01
92     6.794514834e-01     1.012567137e-01
93     6.796607196e-01     1.010936732e-01
94     6.798693795e-01     1.009303877e-01
95     6.800786157e-01     1.007667560e-01
96     6.802872750e-01     1.006028072e-01
97     6.804952425e-01     1.004385556e-01
98     6.807033255e-01     1.002740012e-01
99     6.809112929e-01     1.001091585e-01
100     6.811187990e-01     9.994399851e-02
101     6.813261895e-01     9.977866560e-02
102     6.815330037e-01     9.961295775e-02
103     6.817403943e-01     9.944707688e-02
104     6.819472079e-01     9.928090767e-02
105     6.821178036e-01     9.914325758e-02
106     6.822532190e-01     9.903422752e-02
107     6.823524159e-01     9.895391838e-02
108     6.824516128e-01     9.887355160e-02
109     6.825508097e-01     9.879317037e-02
110     6.826500067e-01     9.871268827e-02
111     6.827490881e-01     9.863219172e-02
112     6.828489774e-01     9.855163748e-02
113     6.829480588e-01     9.847102560e-02
114     6.830466788e-01     9.839035603e-02
115     6.831458757e-01     9.830962877e-02
116     6.832450726e-01     9.822882948e-02
117     6.833435776e-01     9.814804453e-02
118     6.834427746e-01     9.806718755e-02
119     6.835413945e-01     9.798627288e-02
120     6.836404759e-01     9.790535821e-02
121     6.837390965e-01     9.782432815e-02
122     6.838382934e-01     9.774328376e-02
123     6.839369134e-01     9.766219608e-02
124     6.840354179e-01     9.758103624e-02
125     6.841340385e-01     9.749987647e-02
126     6.842325429e-01     9.741865900e-02
127     6.843311635e-01     9.733738391e-02
128     6.844296680e-01     9.725610875e-02
129     6.844872254e-01     9.720870188e-02
130     6.851971753e-01     9.662119100e-02
131     6.857995077e-01     9.611991505e-02
132     6.864005721e-01     9.561744245e-02
133     6.870010595e-01     9.511398937e-02
134     6.876294600e-01     9.458611196e-02
135     6.882843904e-01     9.403381013e-02
136     6.889671184e-01     9.345699754e-02
137     6.896486938e-01     9.287940628e-02
138     6.903301530e-01     9.230103654e-02
139     6.910104590e-01     9.172200347e-02
140     6.916901887e-01     9.114229283e-02
141     6.923699178e-01     9.056198375e-02
142     6.930490705e-01     8.998101151e-02
143     6.937282233e-01     8.939943368e-02
144     6.944066842e-01     8.881748817e-02
145     6.950858370e-01     8.823548502e-02
146     6.957649891e-01     8.765372698e-02
147     6.964441419e-01     8.707244468e-02
148     6.971244485e-01     8.649183287e-02
149     6.978053308e-01     8.591207174e-02
150     6.986060577e-01     8.523282537e-02
151     6.995270894e-01     8.445488669e-02
152     7.005702715e-01     8.357909926e-02
153     7.016146069e-01     8.270573405e-02
154     7.026614804e-01     8.183442340e-02
155     7.037095071e-01     8.096479973e-02
156     7.047581108e-01     8.009639437e-02
157     7.058079826e-01     7.922895503e-02
158     7.070264895e-01     7.822338977e-02
159     7.084137470e-01     7.707964092e-02
160     7.099697539e-01     7.579880432e-02
161     7.115281834e-01     7.452086571e-02
162     7.130908805e-01     7.324715888e-02
163     7.146571529e-01     7.197883003e-02
164     7.162282704e-01     7.071721996e-02
165     7.178065391e-01     6.946359043e-02
166     7.192882638e-01     6.829988687e-02
167     7.206736750e-01     6.722526586e-02
168     7.219605818e-01     6.623802608e-02
169     7.232523331e-01     6.525731775e-02
170     7.245488135e-01     6.428301822e-02
171     7.258508303e-01     6.331506999e-02
172     7.271565385e-01     6.235328546e-02
173     7.284675520e-01     6.139755650e-02
174     7.297701457e-01     6.045627463e-02
175     7.310661647e-01     5.952920902e-02
176     7.323536478e-01     5.861641015e-02
177     7.336453991e-01     5.770965973e-02
178     7.349413026e-01     5.680926048e-02
179     7.362421662e-01     5.591539268e-02
180     7.375471819e-01     5.502848157e-02
181     7.388576191e-01     5.414864262e-02
182     7.401602129e-01     5.328471410e-02
183     7.414543862e-01     5.243662393e-02
184     7.427412929e-01     5.160431442e-02
185     7.440330443e-01     5.077945188e-02
186     7.453295247e-01     4.996225981e-02
187     7.466303876e-01     4.915275981e-02
188     7.479365572e-01     4.835105281e-02
189     7.492476863e-01     4.755726864e-02
190     7.505515487e-01     4.677866675e-02
191     7.518474522e-01     4.601517503e-02
192     7.531362046e-01     4.526662780e-02
193     7.544296861e-01     4.452588076e-02
194     7.557275502e-01     4.379311419e-02
195     7.570294521e-01     4.306839292e-02
196     7.583363135e-01     4.235171700e-02
197     7.596474425e-01     4.164320176e-02
198     7.609513050e-01     4.094919837e-02
199     7.622477854e-01     4.026953382e-02
200     7.635365373e-01     3.960395587e-02
201     7.648294418e-01     3.894648085e-02
202     7.661260377e-01     3.829698635e-02
203     7.674274776e-01     3.765565967e-02
204     7.687318015e-01     3.702255856e-02
205     7.700410855e-01     3.639761812e-02
206     7.713436792e-01     3.578567570e-02
207     7.726402746e-01     3.518662302e-02
208     7.739301802e-01     3.460014304e-02
209     7.752243535e-01     3.402165072e-02
210     7.765215264e-01     3.345101623e-02
211     7.778222744e-01     3.288836226e-02
212     7.791261363e-01     3.233357331e-02
213     7.804335746e-01     3.178670720e-02
214     7.817361684e-01     3.125090701e-02
215     7.830346093e-01     3.072599252e-02
216     7.843275139e-01     3.021171863e-02
217     7.856235329e-01     2.970483044e-02
218     7.869224359e-01     2.920513330e-02
219     7.882238758e-01     2.871254071e-02
220     7.895283152e-01     2.822694092e-02
221     7.908351766e-01     2.774821498e-02
222     7.921377697e-01     2.727866981e-02
223     7.934355189e-01     2.681811074e-02
224     7.947291159e-01     2.636640082e-02
225     7.960244424e-01     2.592109976e-02
226     7.973221916e-01     2.548221840e-02
227     7.986223633e-01     2.504972066e-02
228     7.999243801e-01     2.462362098e-02
229     8.012288189e-01     2.420388692e-02
230     8.025295670e-01     2.379211889e-02
231     8.038274317e-01     2.338821956e-02
232     8.051221819e-01     2.299198709e-02
233     8.064186623e-01     2.260165524e-02
234     8.077165270e-01     2.221708345e-02
235     8.090166981e-01     2.183812032e-02
236     8.103181380e-01     2.146461086e-02
237     8.116207317e-01     2.109641448e-02
238     8.129214798e-01     2.073440710e-02
239     8.142199214e-01     2.037844092e-02
240     8.155152479e-01     2.002839700e-02
241     8.168124202e-01     1.968319758e-02
242     8.181107463e-01     1.934281382e-02
243     8.194103411e-01     1.900720247e-02
244     8.207105122e-01     1.867631668e-02
245     8.220125290e-01     1.835013119e-02
246     8.233133926e-01     1.802923357e-02
247     8.246122950e-01     1.771355172e-02
248     8.259094678e-01     1.740297388e-02
249     8.272084857e-01     1.709678638e-02
250     8.285080799e-01     1.679490630e-02
251     8.298089435e-01     1.649723993e-02
252     8.311102685e-01     1.620369354e-02
253     8.324122853e-01     1.591418423e-02
254     8.337131489e-01     1.562919502e-02
255     8.350120513e-01     1.534860695e-02
256     8.363092235e-01     1.507229025e-02
257     8.376070882e-01     1.479956368e-02
258     8.389054142e-01     1.453030828e-02
259     8.402050085e-01     1.426441590e-02
260     8.415046033e-01     1.400177843e-02
261     8.428053514e-01     1.374226970e-02
262     8.441049462e-01     1.348609517e-02
263     8.454033872e-01     1.323314309e-02
264     8.467005594e-01     1.298336301e-02
265     8.479988855e-01     1.273640527e-02
266     8.492973264e-01     1.249224106e-02
267     8.505962294e-01     1.225083792e-02
268     8.518958237e-01     1.201216703e-02
269     8.531959954e-01     1.177618512e-02
270     8.544955902e-01     1.154302556e-02
271     8.557951844e-01     1.131264871e-02
272     8.570942023e-01     1.108500770e-02
273     8.583937972e-01     1.085991509e-02
274     8.596933920e-01     1.063734207e-02
275     8.609935631e-01     1.041725256e-02
276     8.622944267e-01     1.019959252e-02
277     8.635951748e-01     9.984347521e-03
278     8.648953459e-01     9.771690572e-03
279     8.661943638e-01     9.561585643e-03
280     8.674921130e-01     9.353971450e-03
281     8.687905545e-01     9.148559627e-03
282     8.700894569e-01     8.945274480e-03
283     8.713884748e-01     8.744083575e-03
284     8.726874927e-01     8.544911206e-03
285     8.739876639e-01     8.347699710e-03
286     8.752866818e-01     8.152506755e-03
287     8.765850079e-01     7.959274667e-03
288     8.778834488e-01     7.767971009e-03
289     8.791817749e-01     7.578469618e-03
290     8.804807928e-01     7.390741661e-03
291     8.817791189e-01     7.204765506e-03
292     8.830787131e-01     7.020523137e-03
293     8.843783079e-01     6.838007342e-03
294     8.856773258e-01     6.657261375e-03
295     8.869756519e-01     6.478288843e-03
296     8.882740929e-01     6.301118578e-03
297     8.895724190e-01     6.125692906e-03
298     8.908708599e-01     5.952055092e-03
299     8.921697623e-01     5.780255588e-03
300     8.934693572e-01     5.610323234e-03
301     8.947683751e-01     5.442304892e-03
302     8.960679699e-01     5.276276258e-03
303     8.973675641e-01     5.112262554e-03
304     8.986665820e-01     4.950260190e-03
305     8.999667537e-01     4.790225901e-03
306     9.012663486e-01     4.632145271e-03
307     9.025665197e-01     4.476003882e-03
308     9.038666909e-01     4.321794527e-03
309     9.051675544e-01     4.169502782e-03
310     9.064671493e-01     4.019222375e-03
311     9.077660516e-01     3.870971317e-03
312     9.090644926e-01     3.724821710e-03
313     9.103628187e-01     3.580748313e-03
314     9.116618366e-01     3.438870083e-03
315     9.129608545e-01     3.299280739e-03
316     9.142597569e-01     3.162081199e-03
317     9.155587748e-01     3.027368789e-03
318     9.168583696e-01     2.895330945e-03
319     9.181566957e-01     2.766043366e-03
320     9.194545597e-01     2.639592562e-03
321     9.207528858e-01     2.515964109e-03
322     9.220519037e-01     2.395258932e-03
323     9.233508061e-01     2.277520295e-03
324     9.246498240e-01     2.162838304e-03
325     9.259494188e-01     2.051274244e-03
326     9.272490137e-01     1.942936242e-03
327     9.285486085e-01     1.837892785e-03
328     9.298476264e-01     1.736205158e-03
329     9.311472206e-01     1.637927419e-03
330     9.324473924e-01     1.543124462e-03
331     9.337475635e-01     1.451861157e-03
332     9.350477346e-01     1.364216806e-03
333     9.363485982e-01     1.280259906e-03
334     9.376481930e-01     1.200109392e-03
335     9.389477879e-01     1.123819340e-03
336     9.402461133e-01     1.051382535e-03
337     9.415445549e-01     9.827088716e-04
338     9.428428804e-01     9.177947448e-04
339     9.441418983e-01     8.566077044e-04
340     9.454414931e-01     7.991405539e-04
341     9.467403955e-01     7.453680515e-04
342     9.480394134e-01     6.952829947e-04
343     9.493384313e-01     6.488601415e-04
344     9.506367574e-01     6.060166001e-04
345     9.519357753e-01     5.666550435e-04
346     9.532341014e-01     5.306889635e-04
347     9.545331193e-01     4.980390542e-04
348     9.558321372e-01     4.686080007e-04
349     9.571311551e-01     4.423201016e-04
350     9.584300575e-01     4.190852504e-04
351     9.597290754e-01     3.987700714e-04
352     9.610280933e-01     3.810105104e-04
353     9.623264193e-01     3.653776306e-04
354     9.636254372e-01     3.514749214e-04
355     9.649244551e-01     3.388770622e-04
356     9.662233575e-01     3.271695210e-04
357     9.675217985e-01     3.159449927e-04
358     9.688213933e-01     3.047889453e-04
359     9.701209881e-01     2.933481374e-04
360     9.714211593e-01     2.816261792e-04
361     9.727207541e-01     2.697023706e-04
362     9.740209253e-01     2.576415820e-04
363     9.753210970e-01     2.455303338e-04
364     9.766206912e-01     2.334226899e-04
365     9.779208630e-01     2.214015542e-04
366     9.792204572e-01     2.095462264e-04
367     9.805194751e-01     1.978747339e-04
368     9.818184930e-01     1.862212627e-04
369     9.831173960e-01     1.743803520e-04
370     9.844158370e-01     1.621285256e-04
371     9.857147394e-01     1.492675375e-04
372     9.870137573e-01     1.355558720e-04
373     9.883127752e-01     1.208097061e-04
374     9.896111012e-01     1.048019533e-04
375     9.909101191e-01     8.750377358e-05
376     9.922091370e-01     6.962887034e-05
377     9.935074631e-01     5.206034712e-05
378     9.948064810e-01     3.569213836e-05
379     9.961054989e-01     2.141095791e-05
380     9.974038244e-01     1.011073416e-05
381     9.987028423e-01     2.678174891e-06
382     9.997102679e-01     1.369738752e-07
383     1.000001861e+00     0.000000000e+00
