VARIABLES=x/c,y/c
     1.00000000    -0.01184000
     0.99801766    -0.01209374
     0.99602345    -0.01234755
     0.99401767    -0.01260379
     0.99200015    -0.01286136
     0.98997079    -0.01311976
     0.98792963    -0.01337928
     0.98587667    -0.01364019
     0.98381190    -0.01390254
     0.98173530    -0.01416633
     0.97964687    -0.01443158
     0.97754656    -0.01469822
     0.97543436    -0.01496618
     0.97331024    -0.01523539
     0.97117419    -0.01550579
     0.96902617    -0.01577732
     0.96686618    -0.01604994
     0.96469419    -0.01632359
     0.96251020    -0.01659827
     0.96031419    -0.01687402
     0.95810616    -0.01715088
     0.95588611    -0.01742890
     0.95365405    -0.01770810
     0.95140994    -0.01798846
     0.94915380    -0.01826993
     0.94688560    -0.01855246
     0.94460533    -0.01883602
     0.94231300    -0.01912059
     0.94000860    -0.01940619
     0.93769214    -0.01969288
     0.93536362    -0.01998072
     0.93302306    -0.02026977
     0.93067047    -0.02056006
     0.92830584    -0.02085162
     0.92592917    -0.02114443
     0.92354049    -0.02143849
     0.92113978    -0.02173378
     0.91872706    -0.02203029
     0.91630232    -0.02232801
     0.91386560    -0.02262696
     0.91141688    -0.02292715
     0.90895620    -0.02322862
     0.90648356    -0.02353136
     0.90399898    -0.02383542
     0.90150248    -0.02414080
     0.89899407    -0.02444747
     0.89647376    -0.02475539
     0.89394157    -0.02506451
     0.89139750    -0.02537479
     0.88884158    -0.02568617
     0.88627381    -0.02599862
     0.88369423    -0.02631210
     0.88110285    -0.02662662
     0.87849969    -0.02694216
     0.87588478    -0.02725872
     0.87325816    -0.02757629
     0.87061984    -0.02789486
     0.86796986    -0.02821442
     0.86530823    -0.02853488
     0.86263498    -0.02885616
     0.85995014    -0.02917819
     0.85725372    -0.02950086
     0.85454575    -0.02982409
     0.85182627    -0.03014778
     0.84909530    -0.03047189
     0.84635288    -0.03079639
     0.84359904    -0.03112127
     0.84083384    -0.03144653
     0.83805732    -0.03177213
     0.83526951    -0.03209808
     0.83247046    -0.03242435
     0.82966023    -0.03275093
     0.82683884    -0.03307778
     0.82400636    -0.03340486
     0.82116282    -0.03373214
     0.81830828    -0.03405957
     0.81544279    -0.03438713
     0.81256639    -0.03471477
     0.80967915    -0.03504246
     0.80678111    -0.03537017
     0.80387233    -0.03569786
     0.80095287    -0.03602550
     0.79802279    -0.03635307
     0.79508215    -0.03668051
     0.79213101    -0.03700781
     0.78916943    -0.03733493
     0.78619747    -0.03766187
     0.78321522    -0.03798859
     0.78022273    -0.03831510
     0.77722007    -0.03864137
     0.77420731    -0.03896739
     0.77118454    -0.03929314
     0.76815181    -0.03961860
     0.76510921    -0.03994375
     0.76205681    -0.04026854
     0.75899468    -0.04059293
     0.75592290    -0.04091690
     0.75284155    -0.04124040
     0.74975071    -0.04156341
     0.74665046    -0.04188587
     0.74354087    -0.04220778
     0.74042205    -0.04252910
     0.73729407    -0.04284982
     0.73415701    -0.04316992
     0.73101098    -0.04348937
     0.72785605    -0.04380816
     0.72469233    -0.04412626
     0.72151989    -0.04444364
     0.71833884    -0.04476027
     0.71514926    -0.04507612
     0.71195126    -0.04539115
     0.70874492    -0.04570531
     0.70553034    -0.04601858
     0.70230763    -0.04633093
     0.69907687    -0.04664231
     0.69583818    -0.04695270
     0.69259165    -0.04726206
     0.68933739    -0.04757038
     0.68607550    -0.04787762
     0.68280609    -0.04818376
     0.67952926    -0.04848877
     0.67624513    -0.04879262
     0.67295380    -0.04909528
     0.66965538    -0.04939675
     0.66634999    -0.04969699
     0.66303773    -0.04999598
     0.65971873    -0.05029371
     0.65639309    -0.05059015
     0.65306094    -0.05088529
     0.64972238    -0.05117909
     0.64637753    -0.05147150
     0.64302652    -0.05176247
     0.63966945    -0.05205195
     0.63630645    -0.05233987
     0.63293762    -0.05262620
     0.62956311    -0.05291086
     0.62618301    -0.05319382
     0.62279746    -0.05347500
     0.61940657    -0.05375436
     0.61601047    -0.05403183
     0.61260929    -0.05430735
     0.60920314    -0.05458086
     0.60579216    -0.05485230
     0.60237647    -0.05512161
     0.59895618    -0.05538872
     0.59553144    -0.05565351
     0.59210237    -0.05591588
     0.58866908    -0.05617573
     0.58523171    -0.05643293
     0.58179039    -0.05668739
     0.57834524    -0.05693899
     0.57489639    -0.05718764
     0.57144398    -0.05743321
     0.56798813    -0.05767563
     0.56452897    -0.05791479
     0.56106665    -0.05815060
     0.55760130    -0.05838297
     0.55413304    -0.05861178
     0.55066202    -0.05883696
     0.54718837    -0.05905842
     0.54371223    -0.05927609
     0.54023375    -0.05948991
     0.53675305    -0.05969981
     0.53327029    -0.05990574
     0.52978559    -0.06010763
     0.52629911    -0.06030542
     0.52281099    -0.06049906
     0.51932136    -0.06068848
     0.51583037    -0.06087364
     0.51233817    -0.06105451
     0.50884490    -0.06123102
     0.50535070    -0.06140314
     0.50185573    -0.06157082
     0.49836011    -0.06173402
     0.49486401    -0.06189270
     0.49136756    -0.06204685
     0.48787091    -0.06219645
     0.48437421    -0.06234149
     0.48087761    -0.06248194
     0.47738125    -0.06261781
     0.47388528    -0.06274907
     0.47038984    -0.06287572
     0.46689509    -0.06299772
     0.46340116    -0.06311507
     0.45990821    -0.06322774
     0.45641638    -0.06333570
     0.45292582    -0.06343895
     0.44943667    -0.06353745
     0.44594908    -0.06363121
     0.44246319    -0.06372019
     0.43897915    -0.06380439
     0.43549711    -0.06388380
     0.43201720    -0.06395841
     0.42853958    -0.06402821
     0.42506439    -0.06409320
     0.42159176    -0.06415338
     0.41812186    -0.06420871
     0.41465480    -0.06425918
     0.41119075    -0.06430474
     0.40772985    -0.06434534
     0.40427222    -0.06438093
     0.40081802    -0.06441148
     0.39736739    -0.06443695
     0.39392046    -0.06445730
     0.39047737    -0.06447249
     0.38703828    -0.06448249
     0.38360331    -0.06448727
     0.38017260    -0.06448680
     0.37674629    -0.06448106
     0.37332453    -0.06447002
     0.36990745    -0.06445365
     0.36649517    -0.06443194
     0.36308785    -0.06440487
     0.35968562    -0.06437243
     0.35628860    -0.06433462
     0.35289694    -0.06429142
     0.34951077    -0.06424284
     0.34613022    -0.06418887
     0.34275541    -0.06412950
     0.33938649    -0.06406476
     0.33602358    -0.06399467
     0.33266681    -0.06391926
     0.32931631    -0.06383855
     0.32597219    -0.06375258
     0.32263460    -0.06366137
     0.31930365    -0.06356495
     0.31597946    -0.06346339
     0.31266216    -0.06335677
     0.30935186    -0.06324519
     0.30604868    -0.06312874
     0.30275273    -0.06300751
     0.29946414    -0.06288159
     0.29618301    -0.06275109
     0.29290945    -0.06261609
     0.28964358    -0.06247673
     0.28638550    -0.06233312
     0.28313531    -0.06218541
     0.27989312    -0.06203370
     0.27665903    -0.06187814
     0.27343315    -0.06171884
     0.27021556    -0.06155592
     0.26700638    -0.06138946
     0.26380571    -0.06121951
     0.26061363    -0.06104614
     0.25743025    -0.06086940
     0.25425567    -0.06068935
     0.25108998    -0.06050605
     0.24793326    -0.06031956
     0.24478562    -0.06012994
     0.24164714    -0.05993728
     0.23851791    -0.05974165
     0.23539801    -0.05954314
     0.23228754    -0.05934182
     0.22918656    -0.05913776
     0.22609517    -0.05893106
     0.22301345    -0.05872178
     0.21994147    -0.05851004
     0.21687931    -0.05829592
     0.21382704    -0.05807953
     0.21078474    -0.05786096
     0.20775248    -0.05764029
     0.20473032    -0.05741764
     0.20171835    -0.05719307
     0.19871662    -0.05696670
     0.19572520    -0.05673859
     0.19274416    -0.05650885
     0.18977355    -0.05627755
     0.18681345    -0.05604478
     0.18386391    -0.05581063
     0.18092499    -0.05557511
     0.17799677    -0.05533819
     0.17507931    -0.05509984
     0.17217268    -0.05486002
     0.16927694    -0.05461869
     0.16639214    -0.05437582
     0.16351836    -0.05413137
     0.16065566    -0.05388527
     0.15780410    -0.05363740
     0.15496375    -0.05338765
     0.15213467    -0.05313592
     0.14931692    -0.05288211
     0.14651057    -0.05262611
     0.14371567    -0.05236783
     0.14093230    -0.05210707
     0.13816051    -0.05184368
     0.13540038    -0.05157745
     0.13265197    -0.05130823
     0.12991535    -0.05103584
     0.12719057    -0.05076013
     0.12447770    -0.05048092
     0.12177680    -0.05019805
     0.11908794    -0.04991136
     0.11641117    -0.04962068
     0.11374657    -0.04932587
     0.11109417    -0.04902679
     0.10845406    -0.04872325
     0.10582630    -0.04841497
     0.10321098    -0.04810167
     0.10060817    -0.04778306
     0.09801795    -0.04745888
     0.09544040    -0.04712886
     0.09287558    -0.04679271
     0.09032363    -0.04644996
     0.08778466    -0.04610010
     0.08525879    -0.04574265
     0.08274614    -0.04537715
     0.08024683    -0.04500313
     0.07776098    -0.04462008
     0.07528879    -0.04422725
     0.07283048    -0.04382390
     0.07038624    -0.04340928
     0.06795626    -0.04298270
     0.06554073    -0.04254347
     0.06313995    -0.04209060
     0.06075433    -0.04162289
     0.05838425    -0.04113917
     0.05603007    -0.04063833
     0.05369215    -0.04011926
     0.05137098    -0.03958071
     0.04906725    -0.03902108
     0.04678165    -0.03843882
     0.04451484    -0.03783243
     0.04226747    -0.03720045
     0.04004048    -0.03654108
     0.03783519    -0.03585206
     0.03565291    -0.03513118
     0.03349489    -0.03437633
     0.03136247    -0.03358536
     0.02925776    -0.03275559
     0.02718314    -0.03188422
     0.02514086    -0.03096854
     0.02313326    -0.03000589
     0.02116391    -0.02899299
     0.01923716    -0.02792624
     0.01735724    -0.02680215
     0.01552855    -0.02561731
     0.01375778    -0.02436814
     0.01205239    -0.02305101
     0.01041959    -0.02166247
     0.00886798    -0.02020006
     0.00740848    -0.01866273
     0.00605188    -0.01704964
     0.00480896    -0.01536114
     0.00369138    -0.01360115
     0.00271063    -0.01177420
     0.00187636    -0.00988685
     0.00119293    -0.00795330
     0.00066333    -0.00598905
     0.00028936    -0.00400641
     0.00006914    -0.00200791
     0.00000000     0.00000600
     0.00008106     0.00202050
     0.00027727     0.00396961
     0.00058099     0.00585624
     0.00098449     0.00768294
     0.00147509     0.00945006
     0.00203834     0.01115700
     0.00266121     0.01280339
     0.00333236     0.01438951
     0.00404356     0.01591787
     0.00478808     0.01739163
     0.00555983     0.01881371
     0.00635332     0.02018687
     0.00716397     0.02151366
     0.00798840     0.02279650
     0.00882359     0.02403766
     0.00966683     0.02523924
     0.01051565     0.02640325
     0.01136786     0.02753153
     0.01222180     0.02862579
     0.01307634     0.02968760
     0.01393043     0.03071843
     0.01478314     0.03171967
     0.01563361     0.03269263
     0.01648109     0.03363854
     0.01732488     0.03455859
     0.01816443     0.03545385
     0.01899938     0.03632531
     0.01982938     0.03717387
     0.02065416     0.03800044
     0.02147344     0.03880585
     0.02228701     0.03959089
     0.02309464     0.04035634
     0.02389617     0.04110290
     0.02469142     0.04183129
     0.02548030     0.04254214
     0.02626272     0.04323608
     0.02703866     0.04391368
     0.02780806     0.04457550
     0.02857091     0.04522209
     0.02932718     0.04585394
     0.03007687     0.04647156
     0.03081998     0.04707541
     0.03155652     0.04766593
     0.03228649     0.04824357
     0.03300991     0.04880874
     0.03372682     0.04936183
     0.03443725     0.04990321
     0.03514124     0.05043325
     0.03583887     0.05095230
     0.03653018     0.05146068
     0.03721523     0.05195872
     0.03789407     0.05244671
     0.03856678     0.05292497
     0.03923341     0.05339377
     0.03989403     0.05385338
     0.04054869     0.05430407
     0.04119747     0.05474610
     0.04184043     0.05517971
     0.04247764     0.05560513
     0.04310916     0.05602260
     0.04373506     0.05643233
     0.04435542     0.05683454
     0.04497029     0.05722943
     0.04557977     0.05761720
     0.04618391     0.05799804
     0.04678279     0.05837213
     0.04737648     0.05873965
     0.04796506     0.05910077
     0.04854858     0.05945566
     0.04912712     0.05980449
     0.04970075     0.06014739
     0.05026953     0.06048454
     0.05083354     0.06081606
     0.05139283     0.06114211
     0.05194748     0.06146282
     0.05249755     0.06177832
     0.05304310     0.06208874
     0.05358420     0.06239420
     0.05412091     0.06269482
     0.05465329     0.06299072
     0.05518140     0.06328202
     0.05570531     0.06356882
     0.05622507     0.06385122
     0.05674076     0.06412933
     0.05725242     0.06440325
     0.05776012     0.06467308
     0.05826392     0.06493891
     0.05876387     0.06520083
     0.05926003     0.06545892
     0.05975246     0.06571328
     0.06024121     0.06596399
     0.06072633     0.06621113
     0.06120789     0.06645477
     0.06168592     0.06669500
     0.06216049     0.06693189
     0.06263164     0.06716551
     0.06309942     0.06739593
     0.06356389     0.06762322
     0.06402509     0.06784744
     0.06448306     0.06806867
     0.06493787     0.06828696
     0.06538955     0.06850237
     0.06583814     0.06871497
     0.06628371     0.06892482
     0.06672627     0.06913196
     0.06716590     0.06933646
     0.06760261     0.06953836
     0.06803647     0.06973773
     0.06846751     0.06993461
     0.06889577     0.07012905
     0.06932129     0.07032110
     0.06974412     0.07051081
     0.07016429     0.07069823
     0.07058185     0.07088339
     0.07099683     0.07106635
     0.07140927     0.07124714
     0.07181920     0.07142582
     0.07222668     0.07160241
     0.07263172     0.07177696
     0.07303437     0.07194950
     0.07343466     0.07212009
     0.07383263     0.07228874
     0.07422831     0.07245550
     0.07462174     0.07262041
     0.07501295     0.07278350
     0.07540196     0.07294479
     0.07578882     0.07310433
     0.07617356     0.07326215
     0.07655620     0.07341828
     0.07693678     0.07357274
     0.07731533     0.07372557
     0.07769187     0.07387680
     0.07806644     0.07402646
     0.07843907     0.07417457
     0.07880979     0.07432116
     0.07917862     0.07446626
     0.07954559     0.07460989
     0.07991073     0.07475208
     0.08027407     0.07489286
     0.08063563     0.07503224
     0.08099544     0.07517026
     0.08135353     0.07530694
     0.08170992     0.07544229
     0.08206464     0.07557634
     0.08241772     0.07570912
     0.08276917     0.07584065
     0.08311903     0.07597094
     0.08346731     0.07610001
     0.08381405     0.07622789
     0.08415927     0.07635460
     0.08450298     0.07648016
     0.08484522     0.07660458
     0.08518600     0.07672788
     0.08552536     0.07685008
     0.08586330     0.07697120
     0.08619986     0.07709126
     0.08653505     0.07721027
     0.08686890     0.07732825
     0.08720143     0.07744522
     0.08753265     0.07756119
     0.08786260     0.07767618
     0.08819128     0.07779020
     0.08851872     0.07790327
     0.08884495     0.07801541
     0.08916997     0.07812663
     0.08949381     0.07823693
     0.08981650     0.07834635
     0.09013804     0.07845488
     0.09045845     0.07856255
     0.09077776     0.07866936
     0.09109599     0.07877534
     0.09141314     0.07888049
     0.09172925     0.07898482
     0.09204433     0.07908835
     0.09235839     0.07919109
     0.09267145     0.07929306
     0.09298353     0.07939425
     0.09329465     0.07949470
     0.09360483     0.07959439
     0.09391408     0.07969336
     0.09422241     0.07979160
     0.09452985     0.07988913
     0.09483641     0.07998595
     0.09514210     0.08008209
     0.09544695     0.08017755
     0.09575097     0.08027233
     0.09605417     0.08036646
     0.09635657     0.08045993
     0.09665818     0.08055276
     0.09695903     0.08064496
     0.09725912     0.08073653
     0.09755847     0.08082750
     0.09785710     0.08091785
     0.09815502     0.08100762
     0.09845224     0.08109679
     0.09874878     0.08118539
     0.09904466     0.08127342
     0.09933988     0.08136089
     0.09963446     0.08144780
     0.09992842     0.08153417
     0.10022178     0.08162001
     0.10051453     0.08170531
     0.10080670     0.08179009
     0.10109831     0.08187436
     0.10138936     0.08195812
     0.10167986     0.08204138
     0.10196984     0.08212415
     0.10225930     0.08220644
     0.10254827     0.08228824
     0.10283674     0.08236958
     0.10312474     0.08245045
     0.10341227     0.08253086
     0.10369936     0.08261083
     0.10398601     0.08269034
     0.10427223     0.08276942
     0.10455804     0.08284807
     0.10484345     0.08292629
     0.10512848     0.08300409
     0.10541313     0.08308148
     0.10569742     0.08315846
     0.10598136     0.08323504
     0.10626497     0.08331122
     0.10654825     0.08338701
     0.10683122     0.08346241
     0.10711388     0.08353744
     0.10739626     0.08361209
     0.10767837     0.08368637
     0.10796020     0.08376029
     0.10824179     0.08383385
     0.10852314     0.08390705
     0.10880425     0.08397991
     0.10908515     0.08405243
     0.10936585     0.08412460
     0.10964635     0.08419644
     0.10992667     0.08426796
     0.11020682     0.08433915
     0.11048682     0.08441002
     0.11076667     0.08448057
     0.11104638     0.08455081
     0.11132597     0.08462075
     0.11160545     0.08469039
     0.11188483     0.08475973
     0.11216412     0.08482877
     0.11244334     0.08489752
     0.11272249     0.08496599
     0.11300160     0.08503417
     0.11328066     0.08510207
     0.11355970     0.08516969
     0.11383873     0.08523704
     0.11411775     0.08530411
     0.11439679     0.08537092
     0.11467584     0.08543746
     0.11495493     0.08550374
     0.11523407     0.08556976
     0.11551326     0.08563552
     0.11579253     0.08570103
     0.11607188     0.08576628
     0.11635132     0.08583129
     0.11663087     0.08589606
     0.11691054     0.08596058
     0.11719034     0.08602486
     0.11747029     0.08608890
     0.11775039     0.08615271
     0.11803066     0.08621628
     0.11831111     0.08627963
     0.11859175     0.08634274
     0.11887260     0.08640564
     0.11915367     0.08646830
     0.11943496     0.08653075
     0.11971650     0.08659298
     0.11999830     0.08665499
     0.12028036     0.08671679
     0.12056271     0.08677838
     0.12084534     0.08683976
     0.12112829     0.08690093
     0.12141155     0.08696189
     0.12169514     0.08702265
     0.12197908     0.08708321
     0.12226338     0.08714357
     0.12254805     0.08720374
     0.12283310     0.08726370
     0.12311855     0.08732347
     0.12340440     0.08738305
     0.12369069     0.08744244
     0.12397741     0.08750164
     0.12426457     0.08756065
     0.12455221     0.08761948
     0.12484032     0.08767812
     0.12512892     0.08773658
     0.12541803     0.08779486
     0.12570766     0.08785296
     0.12599782     0.08791088
     0.12628852     0.08796862
     0.12657979     0.08802619
     0.12687164     0.08808359
     0.12716407     0.08814081
     0.12745711     0.08819786
     0.12775077     0.08825474
     0.12804506     0.08831146
     0.12834000     0.08836800
     0.12863572     0.08842442
     0.12893213     0.08848074
     0.12922923     0.08853696
     0.12952701     0.08859310
     0.12982549     0.08864913
     0.13012467     0.08870507
     0.13042454     0.08876091
     0.13072511     0.08881664
     0.13102637     0.08887228
     0.13132834     0.08892781
     0.13163101     0.08898324
     0.13193438     0.08903857
     0.13223846     0.08909378
     0.13254325     0.08914889
     0.13284874     0.08920389
     0.13315495     0.08925878
     0.13346186     0.08931356
     0.13376949     0.08936822
     0.13407784     0.08942277
     0.13438690     0.08947721
     0.13469669     0.08953153
     0.13500719     0.08958573
     0.13531842     0.08963981
     0.13563036     0.08969376
     0.13594304     0.08974760
     0.13625644     0.08980132
     0.13657057     0.08985490
     0.13688543     0.08990837
     0.13720103     0.08996170
     0.13751736     0.09001491
     0.13783442     0.09006798
     0.13815222     0.09012092
     0.13847076     0.09017374
     0.13879005     0.09022641
     0.13911007     0.09027895
     0.13943084     0.09033135
     0.13975236     0.09038362
     0.14007462     0.09043574
     0.14039764     0.09048772
     0.14072140     0.09053956
     0.14104592     0.09059125
     0.14137119     0.09064280
     0.14169722     0.09069420
     0.14202401     0.09074545
     0.14235156     0.09079655
     0.14267988     0.09084749
     0.14300895     0.09089829
     0.14333879     0.09094893
     0.14366940     0.09099941
     0.14400078     0.09104973
     0.14433293     0.09109990
     0.14466586     0.09114990
     0.14499955     0.09119974
     0.14533403     0.09124941
     0.14566928     0.09129892
     0.14600532     0.09134826
     0.14634213     0.09139744
     0.14667973     0.09144644
     0.14701812     0.09149527
     0.14735729     0.09154393
     0.14769725     0.09159241
     0.14803800     0.09164073
     0.14837954     0.09168887
     0.14872187     0.09173683
     0.14906500     0.09178463
     0.14940892     0.09183225
     0.14975365     0.09187969
     0.15009916     0.09192696
     0.15044548     0.09197405
     0.15079260     0.09202097
     0.15114052     0.09206771
     0.15148925     0.09211428
     0.15183878     0.09216066
     0.15218912     0.09220687
     0.15254027     0.09225291
     0.15289223     0.09229876
     0.15324500     0.09234444
     0.15359858     0.09238993
     0.15395297     0.09243525
     0.15430818     0.09248039
     0.15466421     0.09252535
     0.15502106     0.09257013
     0.15537872     0.09261473
     0.15573721     0.09265915
     0.15609652     0.09270339
     0.15645666     0.09274744
     0.15681762     0.09279132
     0.15717940     0.09283501
     0.15754202     0.09287853
     0.15790546     0.09292186
     0.15826973     0.09296501
     0.15863484     0.09300798
     0.15900078     0.09305076
     0.15936756     0.09309336
     0.15973517     0.09313578
     0.16010362     0.09317802
     0.16047291     0.09322007
     0.16084304     0.09326195
     0.16121402     0.09330363
     0.16158583     0.09334514
     0.16195850     0.09338646
     0.16233200     0.09342760
     0.16270636     0.09346855
     0.16308156     0.09350932
     0.16345762     0.09354991
     0.16383452     0.09359031
     0.16421228     0.09363053
     0.16459090     0.09367057
     0.16497037     0.09371042
     0.16535069     0.09375009
     0.16573188     0.09378957
     0.16611392     0.09382887
     0.16649683     0.09386799
     0.16688060     0.09390692
     0.16726524     0.09394566
     0.16765074     0.09398422
     0.16803711     0.09402258
     0.16842435     0.09406076
     0.16881247     0.09409875
     0.16920145     0.09413655
     0.16959132     0.09417416
     0.16998206     0.09421158
     0.17037368     0.09424881
     0.17076618     0.09428584
     0.17115956     0.09432269
     0.17155382     0.09435933
     0.17194897     0.09439579
     0.17234501     0.09443205
     0.17274194     0.09446811
     0.17313976     0.09450398
     0.17353847     0.09453964
     0.17393808     0.09457512
     0.17433858     0.09461039
     0.17473998     0.09464547
     0.17514228     0.09468034
     0.17554548     0.09471502
     0.17594958     0.09474949
     0.17635459     0.09478377
     0.17676050     0.09481784
     0.17716733     0.09485171
     0.17757506     0.09488538
     0.17798370     0.09491884
     0.17839326     0.09495210
     0.17880373     0.09498516
     0.17921512     0.09501801
     0.17962742     0.09505066
     0.18004065     0.09508309
     0.18045480     0.09511533
     0.18086987     0.09514735
     0.18128587     0.09517917
     0.18170279     0.09521078
     0.18212064     0.09524218
     0.18253943     0.09527337
     0.18295914     0.09530435
     0.18337979     0.09533513
     0.18380138     0.09536569
     0.18422390     0.09539604
     0.18464736     0.09542618
     0.18507177     0.09545610
     0.18549711     0.09548582
     0.18592340     0.09551532
     0.18635064     0.09554461
     0.18677882     0.09557368
     0.18720795     0.09560254
     0.18763804     0.09563118
     0.18806908     0.09565961
     0.18850107     0.09568782
     0.18893402     0.09571582
     0.18936793     0.09574360
     0.18980281     0.09577116
     0.19023864     0.09579850
     0.19067544     0.09582563
     0.19111320     0.09585253
     0.19155193     0.09587922
     0.19199163     0.09590569
     0.19243231     0.09593193
     0.19287395     0.09595796
     0.19331657     0.09598376
     0.19376017     0.09600935
     0.19420475     0.09603471
     0.19465031     0.09605985
     0.19509685     0.09608476
     0.19554437     0.09610946
     0.19599288     0.09613392
     0.19644238     0.09615817
     0.19689287     0.09618219
     0.19734435     0.09620599
     0.19779682     0.09622956
     0.19825029     0.09625291
     0.19870476     0.09627603
     0.19916022     0.09629892
     0.19961669     0.09632159
     0.20007416     0.09634403
     0.20053263     0.09636625
     0.20099211     0.09638824
     0.20145259     0.09641000
     0.20191409     0.09643153
     0.20237660     0.09645284
     0.20284012     0.09647392
     0.20330466     0.09649477
     0.20377021     0.09651539
     0.20423678     0.09653578
     0.20470438     0.09655595
     0.20517300     0.09657588
     0.20564264     0.09659559
     0.20611330     0.09661507
     0.20658500     0.09663431
     0.20705773     0.09665333
     0.20753148     0.09667212
     0.20800628     0.09669067
     0.20848211     0.09670899
     0.20895897     0.09672708
     0.20943688     0.09674493
     0.20991583     0.09676255
     0.21039582     0.09677993
     0.21087686     0.09679708
     0.21135895     0.09681399
     0.21184208     0.09683066
     0.21232627     0.09684710
     0.21281152     0.09686329
     0.21329782     0.09687925
     0.21378517     0.09689496
     0.21427359     0.09691044
     0.21476307     0.09692567
     0.21525361     0.09694066
     0.21574522     0.09695541
     0.21623790     0.09696991
     0.21673165     0.09698417
     0.21722647     0.09699818
     0.21772236     0.09701195
     0.21821933     0.09702547
     0.21871738     0.09703875
     0.21921651     0.09705178
     0.21971672     0.09706456
     0.22021801     0.09707709
     0.22072039     0.09708937
     0.22122386     0.09710140
     0.22172842     0.09711318
     0.22223407     0.09712471
     0.22274082     0.09713598
     0.22324866     0.09714701
     0.22375760     0.09715778
     0.22426764     0.09716830
     0.22477878     0.09717856
     0.22529103     0.09718857
     0.22580439     0.09719833
     0.22631885     0.09720783
     0.22683442     0.09721707
     0.22735111     0.09722605
     0.22786891     0.09723478
     0.22838782     0.09724325
     0.22890786     0.09725147
     0.22942902     0.09725942
     0.22995130     0.09726711
     0.23047470     0.09727454
     0.23099924     0.09728171
     0.23152490     0.09728861
     0.23205169     0.09729526
     0.23257962     0.09730164
     0.23310868     0.09730775
     0.23363888     0.09731360
     0.23417022     0.09731918
     0.23470271     0.09732449
     0.23523634     0.09732954
     0.23577111     0.09733431
     0.23630703     0.09733882
     0.23684411     0.09734306
     0.23738233     0.09734702
     0.23792172     0.09735072
     0.23846226     0.09735414
     0.23900395     0.09735729
     0.23954681     0.09736016
     0.24009084     0.09736276
     0.24063603     0.09736509
     0.24118238     0.09736714
     0.24172991     0.09736891
     0.24227861     0.09737040
     0.24282849     0.09737162
     0.24337954     0.09737256
     0.24393177     0.09737322
     0.24448518     0.09737360
     0.24503977     0.09737370
     0.24559555     0.09737352
     0.24615252     0.09737305
     0.24671067     0.09737230
     0.24727002     0.09737127
     0.24783056     0.09736996
     0.24839230     0.09736836
     0.24895524     0.09736648
     0.24951938     0.09736431
     0.25008472     0.09736185
     0.25065126     0.09735911
     0.25121902     0.09735608
     0.25178798     0.09735277
     0.25235815     0.09734916
     0.25292954     0.09734526
     0.25350214     0.09734107
     0.25407596     0.09733659
     0.25465101     0.09733182
     0.25522727     0.09732675
     0.25580476     0.09732139
     0.25638348     0.09731573
     0.25696343     0.09730978
     0.25754461     0.09730354
     0.25812703     0.09729699
     0.25871068     0.09729015
     0.25929557     0.09728300
     0.25988171     0.09727556
     0.26046908     0.09726782
     0.26105770     0.09725978
     0.26164757     0.09725143
     0.26223869     0.09724278
     0.26283107     0.09723383
     0.26342470     0.09722457
     0.26401958     0.09721501
     0.26461573     0.09720515
     0.26521314     0.09719497
     0.26581181     0.09718449
     0.26641175     0.09717371
     0.26701295     0.09716261
     0.26761543     0.09715121
     0.26821919     0.09713949
     0.26882421     0.09712747
     0.26943052     0.09711513
     0.27003811     0.09710248
     0.27064698     0.09708952
     0.27125713     0.09707625
     0.27186858     0.09706266
     0.27248131     0.09704876
     0.27309533     0.09703454
     0.27371065     0.09702001
     0.27432727     0.09700516
     0.27494519     0.09699000
     0.27556440     0.09697451
     0.27618492     0.09695871
     0.27680675     0.09694258
     0.27742989     0.09692614
     0.27805434     0.09690937
     0.27868010     0.09689228
     0.27930718     0.09687486
     0.27993558     0.09685713
     0.28056529     0.09683906
     0.28119633     0.09682067
     0.28182870     0.09680196
     0.28246240     0.09678291
     0.28309742     0.09676354
     0.28373378     0.09674383
     0.28437148     0.09672380
     0.28501051     0.09670344
     0.28565088     0.09668274
     0.28629260     0.09666171
     0.28693566     0.09664035
     0.28758007     0.09661865
     0.28822582     0.09659662
     0.28887294     0.09657425
     0.28952140     0.09655154
     0.29017123     0.09652850
     0.29082241     0.09650512
     0.29147495     0.09648140
     0.29212887     0.09645734
     0.29278414     0.09643294
     0.29344079     0.09640819
     0.29409881     0.09638311
     0.29475821     0.09635768
     0.29541898     0.09633191
     0.29608113     0.09630580
     0.29674466     0.09627934
     0.29740958     0.09625253
     0.29807588     0.09622538
     0.29874358     0.09619788
     0.29941266     0.09617003
     0.30008315     0.09614184
     0.30075502     0.09611330
     0.30142830     0.09608441
     0.30210298     0.09605517
     0.30277907     0.09602557
     0.30345656     0.09599563
     0.30413547     0.09596534
     0.30481578     0.09593469
     0.30549751     0.09590369
     0.30618066     0.09587234
     0.30686523     0.09584064
     0.30755123     0.09580858
     0.30823864     0.09577617
     0.30892749     0.09574340
     0.30961777     0.09571028
     0.31030948     0.09567680
     0.31100262     0.09564296
     0.31169721     0.09560877
     0.31239323     0.09557422
     0.31309070     0.09553932
     0.31378962     0.09550405
     0.31448998     0.09546843
     0.31519180     0.09543245
     0.31589507     0.09539611
     0.31659979     0.09535941
     0.31730598     0.09532235
     0.31801363     0.09528493
     0.31872274     0.09524715
     0.31943332     0.09520901
     0.32014537     0.09517051
     0.32085889     0.09513165
     0.32157389     0.09509242
     0.32229036     0.09505284
     0.32300832     0.09501289
     0.32372776     0.09497257
     0.32444868     0.09493189
     0.32517109     0.09489085
     0.32589500     0.09484944
     0.32662040     0.09480766
     0.32734729     0.09476551
     0.32807568     0.09472299
     0.32880558     0.09468011
     0.32953698     0.09463685
     0.33026989     0.09459322
     0.33100430     0.09454922
     0.33174023     0.09450484
     0.33247768     0.09446009
     0.33321664     0.09441497
     0.33395712     0.09436947
     0.33469913     0.09432359
     0.33544267     0.09427734
     0.33618773     0.09423071
     0.33693432     0.09418370
     0.33768245     0.09413631
     0.33843211     0.09408854
     0.33918332     0.09404040
     0.33993607     0.09399187
     0.34069036     0.09394295
     0.34144620     0.09389366
     0.34220359     0.09384398
     0.34296254     0.09379392
     0.34372304     0.09374347
     0.34448510     0.09369264
     0.34524872     0.09364142
     0.34601391     0.09358982
     0.34678066     0.09353782
     0.34754898     0.09348544
     0.34831888     0.09343268
     0.34909035     0.09337952
     0.34986340     0.09332597
     0.35063803     0.09327203
     0.35141425     0.09321770
     0.35219205     0.09316298
     0.35297144     0.09310786
     0.35375243     0.09305236
     0.35453501     0.09299646
     0.35531919     0.09294016
     0.35610497     0.09288348
     0.35689235     0.09282639
     0.35768134     0.09276892
     0.35847194     0.09271104
     0.35926415     0.09265277
     0.36005798     0.09259410
     0.36085342     0.09253504
     0.36165049     0.09247557
     0.36244918     0.09241571
     0.36324950     0.09235545
     0.36405145     0.09229479
     0.36485503     0.09223373
     0.36566024     0.09217227
     0.36646709     0.09211041
     0.36727559     0.09204815
     0.36808573     0.09198548
     0.36889751     0.09192242
     0.36971095     0.09185895
     0.37052603     0.09179508
     0.37134278     0.09173081
     0.37216118     0.09166614
     0.37298124     0.09160106
     0.37380297     0.09153557
     0.37462637     0.09146967
     0.37545143     0.09140337
     0.37627817     0.09133666
     0.37710658     0.09126954
     0.37793667     0.09120200
     0.37876845     0.09113406
     0.37960190     0.09106570
     0.38043705     0.09099693
     0.38127389     0.09092774
     0.38211242     0.09085813
     0.38295264     0.09078811
     0.38379457     0.09071767
     0.38463819     0.09064681
     0.38548353     0.09057553
     0.38633057     0.09050383
     0.38717932     0.09043170
     0.38802978     0.09035915
     0.38888196     0.09028618
     0.38973586     0.09021278
     0.39059149     0.09013896
     0.39144884     0.09006471
     0.39230791     0.08999003
     0.39316872     0.08991492
     0.39403127     0.08983938
     0.39489555     0.08976341
     0.39576157     0.08968701
     0.39662933     0.08961018
     0.39749885     0.08953291
     0.39837011     0.08945520
     0.39924312     0.08937706
     0.40011789     0.08929848
     0.40099441     0.08921946
     0.40187270     0.08914000
     0.40275275     0.08906010
     0.40363457     0.08897976
     0.40451816     0.08889897
     0.40540352     0.08881774
     0.40629066     0.08873606
     0.40717958     0.08865394
     0.40807028     0.08857136
     0.40896276     0.08848834
     0.40985703     0.08840486
     0.41075310     0.08832094
     0.41165095     0.08823656
     0.41255061     0.08815172
     0.41345206     0.08806643
     0.41435532     0.08798068
     0.41526038     0.08789447
     0.41616726     0.08780781
     0.41707594     0.08772068
     0.41798645     0.08763309
     0.41889876     0.08754504
     0.41981290     0.08745653
     0.42072887     0.08736755
     0.42164666     0.08727810
     0.42256628     0.08718819
     0.42348774     0.08709780
     0.42441103     0.08700695
     0.42533616     0.08691562
     0.42626314     0.08682382
     0.42719196     0.08673155
     0.42812263     0.08663879
     0.42905515     0.08654556
     0.42998952     0.08645185
     0.43092575     0.08635765
     0.43186385     0.08626297
     0.43280380     0.08616781
     0.43374562     0.08607215
     0.43468932     0.08597601
     0.43563488     0.08587938
     0.43658232     0.08578225
     0.43753164     0.08568463
     0.43848284     0.08558652
     0.43943593     0.08548790
     0.44039090     0.08538879
     0.44134777     0.08528918
     0.44230653     0.08518906
     0.44326718     0.08508844
     0.44422974     0.08498732
     0.44519420     0.08488568
     0.44616056     0.08478354
     0.44712884     0.08468089
     0.44809903     0.08457772
     0.44907113     0.08447404
     0.45004515     0.08436984
     0.45102109     0.08426512
     0.45199896     0.08415988
     0.45297875     0.08405412
     0.45396048     0.08394784
     0.45494413     0.08384102
     0.45592973     0.08373368
     0.45691726     0.08362581
     0.45790674     0.08351741
     0.45889816     0.08340847
     0.45989154     0.08329899
     0.46088686     0.08318898
     0.46188414     0.08307842
     0.46288337     0.08296732
     0.46388457     0.08285567
     0.46488773     0.08274348
     0.46589286     0.08263074
     0.46689996     0.08251745
     0.46790903     0.08240360
     0.46892008     0.08228920
     0.46993311     0.08217424
     0.47094812     0.08205872
     0.47196511     0.08194264
     0.47298410     0.08182599
     0.47400507     0.08170878
     0.47502804     0.08159100
     0.47605301     0.08147264
     0.47707998     0.08135372
     0.47810895     0.08123422
     0.47913993     0.08111414
     0.48017292     0.08099349
     0.48120792     0.08087225
     0.48224494     0.08075042
     0.48328398     0.08062801
     0.48432504     0.08050502
     0.48536812     0.08038143
     0.48641324     0.08025724
     0.48746038     0.08013246
     0.48850956     0.08000709
     0.48956078     0.07988111
     0.49061403     0.07975453
     0.49166933     0.07962734
     0.49272668     0.07949955
     0.49378608     0.07937115
     0.49484753     0.07924213
     0.49591103     0.07911250
     0.49697660     0.07898225
     0.49804423     0.07885139
     0.49911392     0.07871990
     0.50018568     0.07858779
     0.50125951     0.07845505
     0.50233541     0.07832168
     0.50341339     0.07818768
     0.50449346     0.07805304
     0.50557560     0.07791777
     0.50665984     0.07778186
     0.50774616     0.07764530
     0.50883457     0.07750810
     0.50992508     0.07737025
     0.51101769     0.07723175
     0.51211240     0.07709260
     0.51320921     0.07695279
     0.51430814     0.07681232
     0.51540917     0.07667119
     0.51651231     0.07652939
     0.51761758     0.07638693
     0.51872496     0.07624379
     0.51983447     0.07609998
     0.52094610     0.07595550
     0.52205986     0.07581034
     0.52317575     0.07566450
     0.52429378     0.07551797
     0.52541394     0.07537075
     0.52653625     0.07522285
     0.52766070     0.07507425
     0.52878729     0.07492496
     0.52991604     0.07477497
     0.53104694     0.07462428
     0.53217999     0.07447289
     0.53331521     0.07432079
     0.53445259     0.07416799
     0.53559213     0.07401447
     0.53673385     0.07386025
     0.53787773     0.07370532
     0.53902379     0.07354966
     0.54017203     0.07339329
     0.54132245     0.07323620
     0.54247505     0.07307839
     0.54362984     0.07291985
     0.54478683     0.07276058
     0.54594600     0.07260058
     0.54710737     0.07243985
     0.54827095     0.07227839
     0.54943672     0.07211619
     0.55060470     0.07195325
     0.55177489     0.07178956
     0.55294729     0.07162514
     0.55412191     0.07145996
     0.55529875     0.07129404
     0.55647781     0.07112737
     0.55765909     0.07095995
     0.55884260     0.07079177
     0.56002834     0.07062284
     0.56121632     0.07045315
     0.56240653     0.07028271
     0.56359899     0.07011150
     0.56479369     0.06993953
     0.56599064     0.06976679
     0.56718983     0.06959329
     0.56839129     0.06941902
     0.56959499     0.06924398
     0.57080096     0.06906816
     0.57200919     0.06889158
     0.57321969     0.06871422
     0.57443246     0.06853608
     0.57564750     0.06835716
     0.57686482     0.06817746
     0.57808441     0.06799698
     0.57930629     0.06781572
     0.58053046     0.06763367
     0.58175691     0.06745083
     0.58298566     0.06726721
     0.58421670     0.06708281
     0.58545004     0.06689762
     0.58668569     0.06671164
     0.58792364     0.06652488
     0.58916391     0.06633733
     0.59040648     0.06614899
     0.59165138     0.06595987
     0.59289859     0.06576995
     0.59414813     0.06557926
     0.59539999     0.06538777
     0.59665419     0.06519550
     0.59791072     0.06500243
     0.59916959     0.06480859
     0.60043080     0.06461395
     0.60169436     0.06441852
     0.60296026     0.06422231
     0.60422852     0.06402531
     0.60549913     0.06382752
     0.60677210     0.06362895
     0.60804743     0.06342959
     0.60932513     0.06322945
     0.61060520     0.06302853
     0.61188765     0.06282682
     0.61317247     0.06262434
     0.61445968     0.06242108
     0.61574927     0.06221704
     0.61704125     0.06201223
     0.61833563     0.06180665
     0.61963240     0.06160030
     0.62093157     0.06139317
     0.62223315     0.06118528
     0.62353713     0.06097663
     0.62484353     0.06076721
     0.62615235     0.06055703
     0.62746359     0.06034608
     0.62877725     0.06013438
     0.63009333     0.05992193
     0.63141185     0.05970872
     0.63273281     0.05949475
     0.63405620     0.05928002
     0.63538204     0.05906454
     0.63671032     0.05884830
     0.63804105     0.05863131
     0.63937424     0.05841356
     0.64070988     0.05819505
     0.64204798     0.05797579
     0.64338855     0.05775577
     0.64473158     0.05753499
     0.64607709     0.05731345
     0.64742507     0.05709116
     0.64877552     0.05686811
     0.65012846     0.05664431
     0.65148389     0.05641974
     0.65284180     0.05619443
     0.65420221     0.05596835
     0.65556511     0.05574152
     0.65693052     0.05551393
     0.65829843     0.05528558
     0.65966884     0.05505647
     0.66104176     0.05482661
     0.66241720     0.05459597
     0.66379515     0.05436458
     0.66517562     0.05413241
     0.66655862     0.05389949
     0.66794415     0.05366579
     0.66933220     0.05343132
     0.67072279     0.05319609
     0.67211591     0.05296008
     0.67351158     0.05272330
     0.67490979     0.05248574
     0.67631055     0.05224741
     0.67771385     0.05200830
     0.67911972     0.05176842
     0.68052813     0.05152775
     0.68193911     0.05128631
     0.68335266     0.05104408
     0.68476877     0.05080106
     0.68618745     0.05055724
     0.68760870     0.05031264
     0.68903253     0.05006724
     0.69045894     0.04982104
     0.69188793     0.04957403
     0.69331951     0.04932622
     0.69475367     0.04907761
     0.69619043     0.04882818
     0.69762978     0.04857794
     0.69907173     0.04832688
     0.70051627     0.04807500
     0.70196343     0.04782229
     0.70341319     0.04756876
     0.70486556     0.04731441
     0.70632054     0.04705922
     0.70777814     0.04680319
     0.70923836     0.04654634
     0.71070120     0.04628864
     0.71216667     0.04603010
     0.71363477     0.04577072
     0.71510550     0.04551049
     0.71657886     0.04524941
     0.71805486     0.04498749
     0.71953351     0.04472471
     0.72101480     0.04446107
     0.72249873     0.04419657
     0.72398532     0.04393122
     0.72547456     0.04366500
     0.72696646     0.04339791
     0.72846102     0.04312996
     0.72995824     0.04286114
     0.73145813     0.04259144
     0.73296069     0.04232086
     0.73446592     0.04204941
     0.73597382     0.04177708
     0.73748441     0.04150387
     0.73899768     0.04122976
     0.74051363     0.04095478
     0.74203227     0.04067890
     0.74355360     0.04040212
     0.74507763     0.04012446
     0.74660435     0.03984589
     0.74813378     0.03956643
     0.74966591     0.03928606
     0.75120074     0.03900478
     0.75273829     0.03872260
     0.75427855     0.03843951
     0.75582152     0.03815550
     0.75736721     0.03787058
     0.75891563     0.03758474
     0.76046677     0.03729798
     0.76202064     0.03701030
     0.76357724     0.03672169
     0.76513657     0.03643215
     0.76669864     0.03614168
     0.76826345     0.03585028
     0.76983100     0.03555794
     0.77140130     0.03526466
     0.77297435     0.03497044
     0.77455016     0.03467528
     0.77612871     0.03437917
     0.77771003     0.03408210
     0.77929410     0.03378409
     0.78088094     0.03348512
     0.78247055     0.03318518
     0.78406293     0.03288429
     0.78565808     0.03258243
     0.78725600     0.03227960
     0.78885671     0.03197580
     0.79046019     0.03167102
     0.79206646     0.03136527
     0.79367551     0.03105853
     0.79528736     0.03075081
     0.79690200     0.03044210
     0.79851943     0.03013239
     0.80013966     0.02982169
     0.80176269     0.02951000
     0.80338853     0.02919729
     0.80501717     0.02888358
     0.80664862     0.02856886
     0.80828288     0.02825312
     0.80991995     0.02793636
     0.81155984     0.02761858
     0.81320255     0.02729977
     0.81484809     0.02697992
     0.81649644     0.02665905
     0.81814763     0.02633714
     0.81980165     0.02601419
     0.82145850     0.02569021
     0.82311819     0.02536520
     0.82478072     0.02503916
     0.82644610     0.02471208
     0.82811433     0.02438397
     0.82978541     0.02405482
     0.83145934     0.02372464
     0.83313614     0.02339343
     0.83481579     0.02306119
     0.83649831     0.02272791
     0.83818370     0.02239359
     0.83987196     0.02205822
     0.84156309     0.02172180
     0.84325709     0.02138431
     0.84495397     0.02104576
     0.84665373     0.02070612
     0.84835636     0.02036541
     0.85006188     0.02002361
     0.85177028     0.01968071
     0.85348156     0.01933671
     0.85519573     0.01899160
     0.85691280     0.01864539
     0.85863275     0.01829807
     0.86035561     0.01794965
     0.86208137     0.01760013
     0.86381004     0.01724952
     0.86554161     0.01689781
     0.86727610     0.01654501
     0.86901351     0.01619112
     0.87075384     0.01583615
     0.87249709     0.01548008
     0.87424327     0.01512293
     0.87599238     0.01476469
     0.87774442     0.01440534
     0.87949939     0.01404487
     0.88125730     0.01368329
     0.88301815     0.01332059
     0.88478193     0.01295675
     0.88654865     0.01259178
     0.88831831     0.01222565
     0.89009092     0.01185838
     0.89186648     0.01148996
     0.89364498     0.01112040
     0.89542644     0.01074969
     0.89721087     0.01037785
     0.89899826     0.01000489
     0.90078861     0.00963079
     0.90258194     0.00925558
     0.90437824     0.00887924
     0.90617753     0.00850180
     0.90797979     0.00812323
     0.90978504     0.00774353
     0.91159328     0.00736271
     0.91340451     0.00698074
     0.91521872     0.00659764
     0.91703593     0.00621339
     0.91885613     0.00582798
     0.92067933     0.00544142
     0.92250552     0.00505370
     0.92433473     0.00466482
     0.92616693     0.00427480
     0.92800215     0.00388363
     0.92984039     0.00349132
     0.93168164     0.00309786
     0.93352592     0.00270327
     0.93537322     0.00230753
     0.93722354     0.00191063
     0.93907689     0.00151256
     0.94093326     0.00111330
     0.94279265     0.00071283
     0.94465507     0.00031115
     0.94652052    -0.00009176
     0.94838899    -0.00049589
     0.95026049    -0.00090122
     0.95213504    -0.00130775
     0.95401264    -0.00171546
     0.95589329    -0.00212433
     0.95777700    -0.00253435
     0.95966377    -0.00294553
     0.96155360    -0.00335786
     0.96344650    -0.00377137
     0.96534247    -0.00418604
     0.96724150    -0.00460190
     0.96914361    -0.00501893
     0.97104879    -0.00543711
     0.97295706    -0.00585643
     0.97486843    -0.00627686
     0.97678290    -0.00669838
     0.97870047    -0.00712100
     0.98062115    -0.00754472
     0.98254494    -0.00796954
     0.98447185    -0.00839546
     0.98640187    -0.00882245
     0.98833502    -0.00925049
     0.99027131    -0.00967957
     0.99221074    -0.01010968
     0.99415330    -0.01054085
     0.99609905    -0.01097289
     0.99804802    -0.01140560
     1.00000000    -0.01184000
