VARIABLES="Y/c","U","Urms/utau","Vrms/utau","Wrms/utau","<uv>/utau^2","y+",u"+"
0.00000000e+00 0.00000000e+00 0.00000000e+00 0.00000000e+00 0.00000000e+00 0.00000000e+00 0.00000000e+00 0.00000000e+00
3.89583535e-06 9.54499288e-03 4.66979256e-01 9.74376002e-03 4.02755490e-01 -6.89500521e-04 6.05823100e-01 6.09850344e-01
7.94502360e-06 1.95892810e-02 9.37147315e-01 3.23652281e-02 7.65985719e-01 -5.78035682e-03 1.23549339e+00 1.25160237e+00
1.21534973e-05 3.00712672e-02 1.40697457e+00 6.66436787e-02 1.09385842e+00 -2.05302220e-02 1.88993341e+00 1.92132250e+00
1.65274099e-05 4.08949883e-02 1.86843369e+00 1.09904969e-01 1.38923267e+00 -4.94409397e-02 2.57010007e+00 2.61288118e+00
2.10731439e-05 5.19025218e-02 2.30892969e+00 1.60063059e-01 1.65471568e+00 -9.46868808e-02 3.27698586e+00 3.31618956e+00
2.57973179e-05 6.29083874e-02 2.71691463e+00 2.15317049e-01 1.89276947e+00 -1.55536692e-01 4.01162002e+00 4.01939678e+00
3.07067949e-05 7.37294043e-02 3.08464837e+00 2.74305654e-01 2.10594675e+00 -2.29170507e-01 4.77506978e+00 4.71079819e+00
3.58086905e-05 8.42033926e-02 3.40844676e+00 3.35873708e-01 2.29660759e+00 -3.11559034e-01 5.56844166e+00 5.38003020e+00
4.11103812e-05 9.42044752e-02 3.68827747e+00 3.99169378e-01 2.46699391e+00 -3.98658580e-01 6.39288275e+00 6.01904870e+00
4.66195131e-05 1.03645885e-01 3.92654731e+00 4.63479844e-01 2.61914292e+00 -4.86890117e-01 7.24958203e+00 6.62230845e+00
5.23440104e-05 1.12477908e-01 4.12707540e+00 5.28271565e-01 2.75489767e+00 -5.73539264e-01 8.13977177e+00 7.18663210e+00
5.82920844e-05 1.20681920e-01 4.29427586e+00 5.93104821e-01 2.87591779e+00 -6.56723719e-01 9.06472889e+00 7.71082886e+00
6.44722430e-05 1.28263417e-01 4.43263957e+00 6.57629698e-01 2.98370959e+00 -7.35322454e-01 1.00257764e+01 8.19524936e+00
7.08932997e-05 1.35245262e-01 4.54643472e+00 7.21563853e-01 3.07965780e+00 -8.08800090e-01 1.10242848e+01 8.64135429e+00
7.75643832e-05 1.41661849e-01 4.63955687e+00 7.84662313e-01 3.16504095e+00 -8.77032856e-01 1.20616738e+01 9.05134106e+00
8.44949470e-05 1.47554379e-01 4.71547430e+00 8.46739102e-01 3.24103670e+00 -9.40192825e-01 1.31394133e+01 9.42784228e+00
9.16947797e-05 1.52967199e-01 4.77723310e+00 9.07626829e-01 3.30871461e+00 -9.98616268e-01 1.42590255e+01 9.77369148e+00
9.91740144e-05 1.57945098e-01 4.82747818e+00 9.67216837e-01 3.36903228e+00 -1.05275998e+00 1.54220863e+01 1.00917507e+01
1.06943139e-04 1.62531465e-01 4.86846844e+00 1.02541004e+00 3.42284338e+00 -1.10309266e+00 1.66302265e+01 1.03847924e+01
1.15013008e-04 1.66767155e-01 4.90209932e+00 1.08215519e+00 3.47090925e+00 -1.15009942e+00 1.78851339e+01 1.06554271e+01
1.23394850e-04 1.70689947e-01 4.92993912e+00 1.13740273e+00 3.51389841e+00 -1.19422685e+00 1.91885548e+01 1.09060689e+01
1.32100279e-04 1.74334348e-01 4.95327303e+00 1.19113778e+00 3.55237678e+00 -1.23591757e+00 2.05422954e+01 1.11389228e+01
1.41141310e-04 1.77731497e-01 4.97313748e+00 1.24334446e+00 3.58680499e+00 -1.27556765e+00 2.19482237e+01 1.13559783e+01
1.50530360e-04 1.80909127e-01 4.99032664e+00 1.29403488e+00 3.61755314e+00 -1.31353067e+00 2.34082709e+01 1.15590077e+01
1.60280269e-04 1.83891724e-01 5.00540863e+00 1.34322667e+00 3.64492917e+00 -1.35008870e+00 2.49244336e+01 1.17495754e+01
1.70404304e-04 1.86700872e-01 5.01878510e+00 1.39095835e+00 3.66921446e+00 -1.38549831e+00 2.64987747e+01 1.19290606e+01
1.80916170e-04 1.89355624e-01 5.03075669e+00 1.43726476e+00 3.69070762e+00 -1.41999979e+00 2.81334258e+01 1.20986807e+01
1.91830026e-04 1.91872860e-01 5.04156369e+00 1.48218173e+00 3.70976106e+00 -1.45381858e+00 2.98305884e+01 1.22595142e+01
2.03160489e-04 1.94267748e-01 5.05142136e+00 1.52573913e+00 3.72677552e+00 -1.48715791e+00 3.15925357e+01 1.24125303e+01
2.14922650e-04 1.96554164e-01 5.06055185e+00 1.56797035e+00 3.74216470e+00 -1.52026441e+00 3.34216142e+01 1.25586157e+01
2.27132080e-04 1.98744639e-01 5.06917328e+00 1.60891135e+00 3.75629206e+00 -1.55343810e+00 3.53202454e+01 1.26985712e+01
2.39804843e-04 2.00849936e-01 5.07742505e+00 1.64860684e+00 3.76938998e+00 -1.58697086e+00 3.72909275e+01 1.28330843e+01
2.52957506e-04 2.02879114e-01 5.08536034e+00 1.68711324e+00 3.78155479e+00 -1.62103263e+00 3.93362364e+01 1.29627339e+01
2.66607146e-04 2.04840335e-01 5.09302562e+00 1.72449135e+00 3.79281793e+00 -1.65555286e+00 4.14588279e+01 1.30880415e+01
2.80771361e-04 2.06741329e-01 5.10051392e+00 1.76079467e+00 3.80322250e+00 -1.69029707e+00 4.36614387e+01 1.32095010e+01
2.95468282e-04 2.08588911e-01 5.10796437e+00 1.79606877e+00 3.81288109e+00 -1.72510525e+00 4.59468880e+01 1.33275478e+01
3.10716575e-04 2.10388384e-01 5.11561663e+00 1.83036277e+00 3.82201709e+00 -1.76007950e+00 4.83180786e+01 1.34425209e+01
3.26535455e-04 2.12143913e-01 5.12385584e+00 1.86373409e+00 3.83084211e+00 -1.79552634e+00 5.07779985e+01 1.35546865e+01
3.42944688e-04 2.13860097e-01 5.13298960e+00 1.89625680e+00 3.83932749e+00 -1.83162748e+00 5.33297215e+01 1.36643384e+01
3.59964606e-04 2.15543171e-01 5.14302114e+00 1.92800945e+00 3.84726842e+00 -1.86829968e+00 5.59764090e+01 1.37718751e+01
3.77616107e-04 2.17200019e-01 5.15376215e+00 1.95904111e+00 3.85460999e+00 -1.90544281e+00 5.87213114e+01 1.38777362e+01
3.95920667e-04 2.18835968e-01 5.16498111e+00 1.98935003e+00 3.86155708e+00 -1.94321635e+00 6.15677677e+01 1.39822622e+01
4.14900337e-04 2.20453930e-01 5.17650139e+00 2.01889436e+00 3.86836462e+00 -1.98218189e+00 6.45192071e+01 1.40856391e+01
4.34577746e-04 2.22056022e-01 5.18827772e+00 2.04763592e+00 3.87524215e+00 -2.02287600e+00 6.75791489e+01 1.41880022e+01
4.54976110e-04 2.23645695e-01 5.20039343e+00 2.07557765e+00 3.88239335e+00 -2.06526556e+00 7.07512029e+01 1.42895717e+01
4.76119226e-04 2.25227261e-01 5.21309072e+00 2.10275612e+00 3.88987512e+00 -2.10914165e+00 7.40390697e+01 1.43906232e+01
4.98031472e-04 2.26804405e-01 5.22653831e+00 2.12924096e+00 3.89745549e+00 -2.15444353e+00 7.74465405e+01 1.44913922e+01
5.20737812e-04 2.28381045e-01 5.24057121e+00 2.15517980e+00 3.90481754e+00 -2.20098892e+00 8.09774970e+01 1.45921290e+01
5.44263782e-04 2.29961247e-01 5.25488820e+00 2.18081083e+00 3.91192213e+00 -2.24892969e+00 8.46359104e+01 1.46930934e+01
5.68635495e-04 2.31545828e-01 5.26936890e+00 2.20637243e+00 3.91891049e+00 -2.29875583e+00 8.84258413e+01 1.47943377e+01
5.93879626e-04 2.33131740e-01 5.28409877e+00 2.23201333e+00 3.92570853e+00 -2.35055941e+00 9.23514377e+01 1.48956670e+01
6.20023406e-04 2.34716668e-01 5.29926776e+00 2.25777619e+00 3.93204676e+00 -2.40396643e+00 9.64169345e+01 1.49969336e+01
6.47094614e-04 2.36302764e-01 5.31473340e+00 2.28367057e+00 3.93790545e+00 -2.45841355e+00 1.00626651e+02 1.50982750e+01
6.75121556e-04 2.37895671e-01 5.32986281e+00 2.30975034e+00 3.94359290e+00 -2.51336525e+00 1.04984990e+02 1.52000520e+01
7.04133052e-04 2.39500616e-01 5.34427234e+00 2.33606660e+00 3.94939567e+00 -2.56846822e+00 1.09496431e+02 1.53025981e+01
7.34158426e-04 2.41119253e-01 5.35825587e+00 2.36260752e+00 3.95539544e+00 -2.62387514e+00 1.14165537e+02 1.54060189e+01
7.65227500e-04 2.42750464e-01 5.37228199e+00 2.38927966e+00 3.96160183e+00 -2.68005688e+00 1.18996943e+02 1.55102431e+01
7.97370578e-04 2.44393231e-01 5.38663594e+00 2.41590304e+00 3.96787999e+00 -2.73728419e+00 1.23995362e+02 1.56152056e+01
8.30618410e-04 2.46046386e-01 5.40159867e+00 2.44233120e+00 3.97378816e+00 -2.79596082e+00 1.29165577e+02 1.57208320e+01
8.65002152e-04 2.47707272e-01 5.41739703e+00 2.46853813e+00 3.97923309e+00 -2.85630445e+00 1.34512431e+02 1.58269528e+01
9.00553330e-04 2.49375841e-01 5.43381333e+00 2.49465825e+00 3.98443271e+00 -2.91756633e+00 1.40040828e+02 1.59335647e+01
9.37303815e-04 2.51060143e-01 5.45051862e+00 2.52099001e+00 3.98898055e+00 -2.97870596e+00 1.45755724e+02 1.60411822e+01
9.75285779e-04 2.52773204e-01 5.46742128e+00 2.54776997e+00 3.99255710e+00 -3.03996735e+00 1.51662121e+02 1.61506369e+01
1.01453164e-03 2.54524649e-01 5.48457112e+00 2.57496634e+00 3.99606263e+00 -3.10292676e+00 1.57765062e+02 1.62625440e+01
1.05507404e-03 2.56318872e-01 5.50183708e+00 2.60234898e+00 4.00059450e+00 -3.16813921e+00 1.64069620e+02 1.63771841e+01
1.09694577e-03 2.58156996e-01 5.51884085e+00 2.62972228e+00 4.00632892e+00 -3.23478675e+00 1.70580896e+02 1.64946291e+01
1.14017974e-03 2.60033120e-01 5.53544264e+00 2.65700520e+00 4.01263710e+00 -3.30291440e+00 1.77304008e+02 1.66145024e+01
1.18480885e-03 2.61933238e-01 5.55168645e+00 2.68412228e+00 4.01905370e+00 -3.37377006e+00 1.84244072e+02 1.67359093e+01
1.23086584e-03 2.63847651e-01 5.56785438e+00 2.71113747e+00 4.02602553e+00 -3.44777184e+00 1.91406179e+02 1.68582296e+01
1.27838323e-03 2.65782292e-01 5.58483773e+00 2.73841507e+00 4.03408737e+00 -3.52401749e+00 1.98795386e+02 1.69818418e+01
1.32739329e-03 2.67750294e-01 5.60281256e+00 2.76635390e+00 4.04298728e+00 -3.60219769e+00 2.06416711e+02 1.71075850e+01
1.37792800e-03 2.69755394e-01 5.62026778e+00 2.79502280e+00 4.05224685e+00 -3.68195437e+00 2.14275126e+02 1.72356981e+01
1.43001894e-03 2.71791269e-01 5.63588019e+00 2.82418994e+00 4.06147355e+00 -3.76359154e+00 2.22375544e+02 1.73657772e+01
1.48369721e-03 2.73855086e-01 5.64978228e+00 2.85370266e+00 4.07031927e+00 -3.84739576e+00 2.30722801e+02 1.74976417e+01
1.53899333e-03 2.75952724e-01 5.66252136e+00 2.88385542e+00 4.07893339e+00 -3.93328769e+00 2.39321641e+02 1.76316672e+01
1.59593709e-03 2.78088997e-01 5.67482799e+00 2.91514383e+00 4.08810572e+00 -4.02300975e+00 2.48176698e+02 1.77681612e+01
1.65455750e-03 2.80260772e-01 5.68747909e+00 2.94746233e+00 4.09908402e+00 -4.11759966e+00 2.57292483e+02 1.79069236e+01
1.71488272e-03 2.82461632e-01 5.70092935e+00 2.98001529e+00 4.11267683e+00 -4.21637052e+00 2.66673376e+02 1.80475446e+01
1.77693985e-03 2.84684700e-01 5.71599351e+00 3.01209549e+00 4.12798617e+00 -4.31806545e+00 2.76323590e+02 1.81895854e+01
1.84075485e-03 2.86920457e-01 5.73320023e+00 3.04330102e+00 4.14223695e+00 -4.42045999e+00 2.86247161e+02 1.83324380e+01
1.90635252e-03 2.89161892e-01 5.75184487e+00 3.07334262e+00 4.15445161e+00 -4.51977299e+00 2.96447947e+02 1.84756538e+01
1.97375621e-03 2.91411611e-01 5.77142874e+00 3.10238099e+00 4.16712938e+00 -4.61306638e+00 3.06929579e+02 1.86193987e+01
2.04298746e-03 2.93674916e-01 5.79169385e+00 3.13078417e+00 4.18323447e+00 -4.70262452e+00 3.17695407e+02 1.87640122e+01
2.11406656e-03 2.95948983e-01 5.81189294e+00 3.15858844e+00 4.20252878e+00 -4.79544889e+00 3.28748585e+02 1.89093136e+01
2.18701223e-03 2.98227895e-01 5.83130694e+00 3.18592161e+00 4.22196042e+00 -4.89462379e+00 3.40092024e+02 1.90549245e+01
2.26184004e-03 3.00513614e-01 5.85072127e+00 3.21341448e+00 4.23944138e+00 -4.99549516e+00 3.51728146e+02 1.92009702e+01
2.33856374e-03 3.02814984e-01 5.87169324e+00 3.24148978e+00 4.25566544e+00 -5.09436756e+00 3.63659088e+02 1.93480162e+01
2.41719695e-03 3.05144180e-01 5.89322564e+00 3.27008395e+00 4.27174918e+00 -5.19427512e+00 3.75886971e+02 1.94968406e+01
2.49774830e-03 3.07518439e-01 5.91278728e+00 3.29898330e+00 4.28777830e+00 -5.29789161e+00 3.88413133e+02 1.96485442e+01
2.58022078e-03 3.09949850e-01 5.93056430e+00 3.32761624e+00 4.30441119e+00 -5.40205633e+00 4.01238042e+02 1.98038990e+01
2.66462239e-03 3.12424271e-01 5.94864655e+00 3.35519081e+00 4.32172229e+00 -5.50507440e+00 4.14362942e+02 1.99620009e+01
2.75096040e-03 3.14905159e-01 5.96672585e+00 3.38198009e+00 4.33869535e+00 -5.60685014e+00 4.27788961e+02 2.01205157e+01
2.83922115e-03 3.17369337e-01 5.98442763e+00 3.40843946e+00 4.35649393e+00 -5.70475592e+00 4.41513977e+02 2.02779638e+01
2.92939176e-03 3.19826613e-01 6.00312149e+00 3.43435836e+00 4.37567326e+00 -5.80030239e+00 4.55535986e+02 2.04349717e+01
3.02149320e-03 3.22297939e-01 6.02348553e+00 3.45965111e+00 4.39566055e+00 -5.90110709e+00 4.69858248e+02 2.05928776e+01
3.11552266e-03 3.24793731e-01 6.04585303e+00 3.48396695e+00 4.41675650e+00 -6.01025726e+00 4.84480330e+02 2.07523466e+01
3.21139972e-03 3.27323254e-01 6.06992684e+00 3.50744664e+00 4.43827170e+00 -6.12135115e+00 4.99389722e+02 2.09139708e+01
3.30909721e-03 3.29902991e-01 6.09529031e+00 3.53093703e+00 4.45866278e+00 -6.22671617e+00 5.14582200e+02 2.10788030e+01
3.40874355e-03 3.32538492e-01 6.12101939e+00 3.55481405e+00 4.47688395e+00 -6.32802601e+00 5.30077737e+02 2.12471979e+01
3.51033095e-03 3.35210848e-01 6.14642943e+00 3.57896315e+00 4.49347908e+00 -6.43523750e+00 5.45875117e+02 2.14179474e+01
3.61332990e-03 3.37892099e-01 6.16810159e+00 3.60294712e+00 4.50974973e+00 -6.55313763e+00 5.61892001e+02 2.15892659e+01
3.71688804e-03 3.40565891e-01 6.18404520e+00 3.62571291e+00 4.53170208e+00 -6.68147285e+00 5.77995842e+02 2.17601083e+01
3.82046687e-03 3.43233754e-01 6.19875851e+00 3.64685588e+00 4.56309743e+00 -6.81251453e+00 5.94102901e+02 2.19305715e+01
3.92406237e-03 3.45910424e-01 6.20279958e+00 3.67005288e+00 4.58588655e+00 -6.93752758e+00 6.10212551e+02 2.21015968e+01
4.02782572e-03 3.48608826e-01 6.21256275e+00 3.69696211e+00 4.61784512e+00 -7.05658475e+00 6.26348303e+02 2.22740099e+01
4.13175392e-03 3.51328991e-01 6.22926822e+00 3.72712047e+00 4.65720680e+00 -7.17394233e+00 6.42509691e+02 2.24478136e+01
4.23578002e-03 3.54061078e-01 6.24024516e+00 3.75665085e+00 4.68435500e+00 -7.29272324e+00 6.58686302e+02 2.26223778e+01
4.33990924e-03 3.56801262e-01 6.26032825e+00 3.78062341e+00 4.71445557e+00 -7.41173881e+00 6.74878949e+02 2.27974600e+01
4.44417050e-03 3.59563167e-01 6.28441888e+00 3.80158377e+00 4.74208611e+00 -7.52619521e+00 6.91092129e+02 2.29739306e+01
4.54855620e-03 3.62360600e-01 6.30746530e+00 3.82242654e+00 4.76668822e+00 -7.63212132e+00 7.07324661e+02 2.31526716e+01
4.65305324e-03 3.65189309e-01 6.32866763e+00 3.84357428e+00 4.79107758e+00 -7.73111600e+00 7.23574505e+02 2.33334110e+01
4.75766639e-03 3.68036742e-01 6.34816555e+00 3.86467046e+00 4.81247120e+00 -7.82670089e+00 7.39842405e+02 2.35153459e+01
4.86239909e-03 3.70898374e-01 6.36696315e+00 3.88537296e+00 4.82990853e+00 -7.92546771e+00 7.56128898e+02 2.36981875e+01
4.96724692e-03 3.73770945e-01 6.38517829e+00 3.90569287e+00 4.84610663e+00 -8.03711263e+00 7.72433293e+02 2.38817290e+01
5.07220820e-03 3.76641435e-01 6.40408786e+00 3.92593835e+00 4.86501742e+00 -8.16450124e+00 7.88755330e+02 2.40651399e+01
5.17728398e-03 3.79496990e-01 6.42395239e+00 3.94650163e+00 4.88653178e+00 -8.29822796e+00 8.05095172e+02 2.42475989e+01
5.28247322e-03 3.82332877e-01 6.44515774e+00 3.96642483e+00 4.90807526e+00 -8.42712378e+00 8.21452657e+02 2.44288017e+01
5.38777436e-03 3.85144302e-01 6.46791849e+00 3.98373017e+00 4.92915217e+00 -8.54327848e+00 8.37827544e+02 2.46084409e+01
5.49318700e-03 3.87930262e-01 6.48960784e+00 3.99823397e+00 4.94960941e+00 -8.64120080e+00 8.54219770e+02 2.47864531e+01
5.59871053e-03 3.90705729e-01 6.50989062e+00 4.01125161e+00 4.96909434e+00 -8.72638974e+00 8.70629239e+02 2.49637947e+01
5.70434391e-03 3.93490671e-01 6.53288963e+00 4.02382920e+00 4.98820245e+00 -8.81221847e+00 8.87055791e+02 2.51417414e+01
5.81008636e-03 3.96290717e-01 6.55977219e+00 4.03692728e+00 5.00664933e+00 -8.90112247e+00 9.03499305e+02 2.53206538e+01
5.91593718e-03 3.99101114e-01 6.58683995e+00 4.05107317e+00 5.02246855e+00 -8.98556828e+00 9.19959670e+02 2.55002272e+01
6.02189551e-03 4.01924102e-01 6.61000009e+00 4.06609723e+00 5.03631645e+00 -9.06041328e+00 9.36436753e+02 2.56806042e+01
6.12796052e-03 4.04773389e-01 6.62819548e+00 4.08136222e+00 5.05197690e+00 -9.12780402e+00 9.52930425e+02 2.58626621e+01
6.23413142e-03 4.07664741e-01 6.64373501e+00 4.09672906e+00 5.07036149e+00 -9.19431672e+00 9.69440564e+02 2.60474092e+01
6.34040739e-03 4.10605220e-01 6.65838379e+00 4.11284798e+00 5.08941553e+00 -9.26571113e+00 9.85967043e+02 2.62352964e+01
6.44678763e-03 4.13587555e-01 6.67341239e+00 4.12974208e+00 5.10929185e+00 -9.34480252e+00 1.00250973e+03 2.64258580e+01
6.55327132e-03 4.16599826e-01 6.69008578e+00 4.14689012e+00 5.13039522e+00 -9.42580290e+00 1.01906851e+03 2.66183302e+01
6.65985765e-03 4.19642404e-01 6.70592880e+00 4.16410654e+00 5.15044362e+00 -9.49928047e+00 1.03564326e+03 2.68127372e+01
6.76654580e-03 4.22716918e-01 6.71778351e+00 4.18139540e+00 5.16996799e+00 -9.57092894e+00 1.05223383e+03 2.70091846e+01
6.87333495e-03 4.25796513e-01 6.72709623e+00 4.19851807e+00 5.19274499e+00 -9.65147218e+00 1.06884011e+03 2.72059572e+01
6.98022429e-03 4.28834819e-01 6.73591631e+00 4.21509191e+00 5.21937230e+00 -9.73412291e+00 1.08546197e+03 2.74000926e+01
7.08721297e-03 4.31814656e-01 6.74463639e+00 4.23097223e+00 5.24765522e+00 -9.80687160e+00 1.10209928e+03 2.75904939e+01
7.19430017e-03 4.34772795e-01 6.75335028e+00 4.24669227e+00 5.27470833e+00 -9.86700528e+00 1.11875191e+03 2.77795099e+01
7.30148506e-03 4.37770607e-01 6.76144857e+00 4.26310581e+00 5.29556332e+00 -9.91583664e+00 1.13541973e+03 2.79710589e+01
7.40876680e-03 4.40843230e-01 6.76993590e+00 4.27973713e+00 5.30875674e+00 -9.95867627e+00 1.15210261e+03 2.81673847e+01
7.51614455e-03 4.43977344e-01 6.77955195e+00 4.29527356e+00 5.31934936e+00 -1.00051673e+01 1.16880042e+03 2.83676383e+01
7.62361748e-03 4.47132821e-01 6.78882439e+00 4.30941492e+00 5.33020438e+00 -1.00538556e+01 1.18551303e+03 2.85692572e+01
7.73118475e-03 4.50274822e-01 6.79854237e+00 4.32186046e+00 5.33956012e+00 -1.00996941e+01 1.20224031e+03 2.87700159e+01
7.83884553e-03 4.53390431e-01 6.81030469e+00 4.33217914e+00 5.34790086e+00 -1.01400388e+01 1.21898214e+03 2.89690903e+01
7.94659896e-03 4.56488603e-01 6.82324312e+00 4.34146880e+00 5.35607299e+00 -1.01792571e+01 1.23573837e+03 2.91670511e+01
8.05444421e-03 4.59578047e-01 6.83765297e+00 4.35074454e+00 5.36368255e+00 -1.02355747e+01 1.25250888e+03 2.93644541e+01
8.16238041e-03 4.62647719e-01 6.85531986e+00 4.35961280e+00 5.37188596e+00 -1.03159042e+01 1.26929353e+03 2.95605957e+01
8.27040673e-03 4.65685780e-01 6.87585022e+00 4.36769512e+00 5.38055360e+00 -1.04043423e+01 1.28609220e+03 2.97547201e+01
8.37852230e-03 4.68701662e-01 6.89688620e+00 4.37541847e+00 5.38663126e+00 -1.04799280e+01 1.30290474e+03 2.99474269e+01
8.48672626e-03 4.71705765e-01 6.91638264e+00 4.38329584e+00 5.38827046e+00 -1.05351497e+01 1.31973103e+03 3.01393789e+01
8.59501776e-03 4.74689186e-01 6.93308572e+00 4.39106361e+00 5.38625376e+00 -1.05725098e+01 1.33657094e+03 3.03300087e+01
8.70339592e-03 4.77647488e-01 6.94766854e+00 4.39780781e+00 5.38413152e+00 -1.05967969e+01 1.35342432e+03 3.05190347e+01
8.81185989e-03 4.80604833e-01 6.96240751e+00 4.40330290e+00 5.38590378e+00 -1.06144392e+01 1.37029104e+03 3.07080009e+01
8.92040879e-03 4.83599985e-01 6.97698426e+00 4.40864487e+00 5.39224645e+00 -1.06326154e+01 1.38717097e+03 3.08993823e+01
9.02904175e-03 4.86665551e-01 6.99044120e+00 4.41542783e+00 5.40228084e+00 -1.06604419e+01 1.40406397e+03 3.10952611e+01
9.13775790e-03 4.89821883e-01 7.00477984e+00 4.42404002e+00 5.41458644e+00 -1.07038772e+01 1.42096991e+03 3.12969370e+01
9.24655636e-03 4.93065910e-01 7.02157803e+00 4.43306272e+00 5.42770280e+00 -1.07600507e+01 1.43788865e+03 3.15042135e+01
9.35543626e-03 4.96360994e-01 7.03898185e+00 4.44166401e+00 5.43957017e+00 -1.08222059e+01 1.45482005e+03 3.17147505e+01
9.46439670e-03 4.99658255e-01 7.05347885e+00 4.45003387e+00 5.44867558e+00 -1.08836744e+01 1.47176398e+03 3.19254270e+01
9.57343682e-03 5.02930729e-01 7.06245609e+00 4.45783119e+00 5.45736237e+00 -1.09385248e+01 1.48872030e+03 3.21345207e+01
9.68255571e-03 5.06174840e-01 7.06698418e+00 4.46451560e+00 5.46948469e+00 -1.09860680e+01 1.50568887e+03 3.23418012e+01
9.79175248e-03 5.09393012e-01 7.07017103e+00 4.47022832e+00 5.48526164e+00 -1.10274327e+01 1.52266955e+03 3.25474233e+01
9.90102625e-03 5.12596270e-01 7.07387443e+00 4.47586387e+00 5.50049285e+00 -1.10600491e+01 1.53966220e+03 3.27520933e+01
1.00103761e-02 5.15808734e-01 7.07756325e+00 4.48177946e+00 5.51365209e+00 -1.10897893e+01 1.55666668e+03 3.29573513e+01
1.01198012e-02 5.19048126e-01 7.07985927e+00 4.48712190e+00 5.52892896e+00 -1.11265376e+01 1.57368286e+03 3.31643290e+01
1.02293006e-02 5.22310506e-01 7.08140257e+00 4.49168445e+00 5.54699200e+00 -1.11676647e+01 1.59071060e+03 3.33727761e+01
1.03388733e-02 5.25584375e-01 7.08380218e+00 4.49625642e+00 5.56431933e+00 -1.12054745e+01 1.60774975e+03 3.35819587e+01
1.04485186e-02 5.28874004e-01 7.08796197e+00 4.50131160e+00 5.57981573e+00 -1.12334895e+01 1.62480017e+03 3.37921491e+01
1.05582354e-02 5.32199130e-01 7.09128262e+00 4.50680642e+00 5.59240834e+00 -1.12472217e+01 1.64186172e+03 3.40046063e+01
1.06680230e-02 5.35564064e-01 7.08958047e+00 4.51197843e+00 5.60171264e+00 -1.12544704e+01 1.65893426e+03 3.42196052e+01
1.07778802e-02 5.38940632e-01 7.08212313e+00 4.51622378e+00 5.60998676e+00 -1.12676656e+01 1.67601765e+03 3.44353475e+01
1.08878064e-02 5.42304486e-01 7.07075649e+00 4.52029109e+00 5.61852240e+00 -1.12846119e+01 1.69311175e+03 3.46502774e+01
1.09978004e-02 5.45670316e-01 7.05872564e+00 4.52467968e+00 5.62706867e+00 -1.12968755e+01 1.71021641e+03 3.48653317e+01
1.11078615e-02 5.49059803e-01 7.04899793e+00 4.52863712e+00 5.63494274e+00 -1.13082333e+01 1.72733149e+03 3.50818955e+01
1.12179886e-02 5.52453577e-01 7.04137225e+00 4.53189285e+00 5.64047245e+00 -1.13241621e+01 1.74445685e+03 3.52987333e+01
1.13281809e-02 5.55807204e-01 7.03337650e+00 4.53519382e+00 5.64238777e+00 -1.13393863e+01 1.76159234e+03 3.55130077e+01
1.14384375e-02 5.59103722e-01 7.02389234e+00 4.53828814e+00 5.64595068e+00 -1.13482238e+01 1.77873782e+03 3.57236345e+01
1.15487574e-02 5.62369604e-01 7.01342282e+00 4.54031799e+00 5.65571980e+00 -1.13554862e+01 1.79589314e+03 3.59323031e+01
1.16591396e-02 5.65646684e-01 7.00362472e+00 4.54136574e+00 5.66810069e+00 -1.13673766e+01 1.81305816e+03 3.61416854e+01
1.17695833e-02 5.68957444e-01 6.99654652e+00 4.54192770e+00 5.67872982e+00 -1.13838969e+01 1.83023274e+03 3.63532209e+01
1.18800874e-02 5.72287588e-01 6.99325558e+00 4.54277323e+00 5.68614828e+00 -1.14087865e+01 1.84741673e+03 3.65659985e+01
1.19906512e-02 5.75600522e-01 6.99199742e+00 4.54472281e+00 5.68948501e+00 -1.14475039e+01 1.86460998e+03 3.67776768e+01
1.21012736e-02 5.78879275e-01 6.98926208e+00 4.54693032e+00 5.68920282e+00 -1.14928308e+01 1.88181235e+03 3.69871691e+01
1.22119536e-02 5.82147032e-01 6.98379749e+00 4.54817634e+00 5.68634494e+00 -1.15281877e+01 1.89902369e+03 3.71959573e+01
1.23226905e-02 5.85435583e-01 6.97734263e+00 4.54914453e+00 5.68024322e+00 -1.15507229e+01 1.91624385e+03 3.74060728e+01
1.24334831e-02 5.88751740e-01 6.97178326e+00 4.55112759e+00 5.67017684e+00 -1.15678049e+01 1.93347269e+03 3.76179510e+01
1.25443305e-02 5.92091285e-01 6.96736033e+00 4.55396532e+00 5.65760074e+00 -1.15781671e+01 1.95071006e+03 3.78313233e+01
1.26552319e-02 5.95461103e-01 6.96420900e+00 4.55605964e+00 5.64474517e+00 -1.15789864e+01 1.96795581e+03 3.80466312e+01
1.27661862e-02 5.98862928e-01 6.96327456e+00 4.55657283e+00 5.63156724e+00 -1.15787606e+01 1.98520980e+03 3.82639847e+01
1.28771926e-02 6.02274171e-01 6.96451686e+00 4.55618109e+00 5.61605256e+00 -1.15885209e+01 2.00247187e+03 3.84819397e+01
1.29882499e-02 6.05661894e-01 6.96681324e+00 4.55517680e+00 5.59794845e+00 -1.16113844e+01 2.01974188e+03 3.86983932e+01
1.30993574e-02 6.09004763e-01 6.96931989e+00 4.55340438e+00 5.58110046e+00 -1.16452960e+01 2.03701968e+03 3.89119839e+01
1.32105139e-02 6.12303885e-01 6.97216726e+00 4.55100556e+00 5.57100638e+00 -1.16793730e+01 2.05430512e+03 3.91227802e+01
1.33217187e-02 6.15586936e-01 6.97592717e+00 4.54815521e+00 5.56967239e+00 -1.17021881e+01 2.07159805e+03 3.93325485e+01
1.34329706e-02 6.18898604e-01 6.98015747e+00 4.54517850e+00 5.57211028e+00 -1.17125586e+01 2.08889832e+03 3.95441457e+01
1.35442688e-02 6.22272482e-01 6.98396030e+00 4.54197425e+00 5.57184484e+00 -1.17125711e+01 2.10620578e+03 3.97597182e+01
1.36556123e-02 6.25702318e-01 6.98758975e+00 4.53782324e+00 5.56868304e+00 -1.17064537e+01 2.12352028e+03 3.99788658e+01
1.37670001e-02 6.29145517e-01 6.99187276e+00 4.53274331e+00 5.56477537e+00 -1.17022612e+01 2.14084168e+03 4.01988671e+01
1.38784312e-02 6.32567774e-01 6.99649993e+00 4.52744223e+00 5.55954510e+00 -1.16991052e+01 2.15816981e+03 4.04175302e+01
1.39899047e-02 6.35978393e-01 6.99986302e+00 4.52146752e+00 5.55394234e+00 -1.16918545e+01 2.17550453e+03 4.06354498e+01
1.41014196e-02 6.39401831e-01 7.00215227e+00 4.51398278e+00 5.55136312e+00 -1.16838284e+01 2.19284569e+03 4.08541886e+01
1.42129750e-02 6.42822763e-01 7.00414660e+00 4.50605909e+00 5.54979839e+00 -1.16861427e+01 2.21019314e+03 4.10727679e+01
1.43245697e-02 6.46192167e-01 7.00601660e+00 4.49948825e+00 5.54434205e+00 -1.16981341e+01 2.22754672e+03 4.12880568e+01
1.44362030e-02 6.49485474e-01 7.00737251e+00 4.49415571e+00 5.53574973e+00 -1.17067407e+01 2.24490628e+03 4.14984861e+01
1.45478738e-02 6.52720805e-01 7.00833187e+00 4.48870044e+00 5.52685779e+00 -1.17083380e+01 2.26227168e+03 4.17052120e+01
1.46595810e-02 6.55925886e-01 7.01057607e+00 4.48217582e+00 5.51820272e+00 -1.17018718e+01 2.27964276e+03 4.19100041e+01
1.47713239e-02 6.59121888e-01 7.01364061e+00 4.47415176e+00 5.50774814e+00 -1.16845352e+01 2.29701936e+03 4.21142156e+01
1.48831013e-02 6.62334684e-01 7.01608974e+00 4.46437055e+00 5.49580856e+00 -1.16626079e+01 2.31440134e+03 4.23195020e+01
1.49949122e-02 6.65590592e-01 7.01515633e+00 4.45366853e+00 5.48215553e+00 -1.16445184e+01 2.33178854e+03 4.25275449e+01
1.51067558e-02 6.68889883e-01 7.00929245e+00 4.44182009e+00 5.46773271e+00 -1.16329510e+01 2.34918081e+03 4.27383591e+01
1.52186310e-02 6.72196489e-01 7.00957923e+00 4.42622466e+00 5.46280502e+00 -1.16236415e+01 2.36657799e+03 4.29496387e+01
1.53305368e-02 6.75469729e-01 7.00133592e+00 4.41079567e+00 5.44375995e+00 -1.16157189e+01 2.38397994e+03 4.31587851e+01
1.54424722e-02 6.78703076e-01 6.99353256e+00 4.39901377e+00 5.42467569e+00 -1.16053563e+01 2.40138650e+03 4.33653825e+01
1.55544363e-02 6.81916765e-01 6.99202985e+00 4.39065388e+00 5.41926925e+00 -1.15904811e+01 2.41879751e+03 4.35707260e+01
1.56664281e-02 6.85124969e-01 6.97922046e+00 4.38502740e+00 5.40608828e+00 -1.15749194e+01 2.43621282e+03 4.37757184e+01
1.57784465e-02 6.88322638e-01 6.96780123e+00 4.37868950e+00 5.39604542e+00 -1.15544999e+01 2.45363229e+03 4.39800380e+01
1.58904907e-02 6.91497369e-01 6.96027951e+00 4.37093682e+00 5.38683281e+00 -1.15278294e+01 2.47105574e+03 4.41828929e+01
1.60025595e-02 6.94657597e-01 6.95416310e+00 4.36182882e+00 5.37487326e+00 -1.14943551e+01 2.48848304e+03 4.43848227e+01
1.61146520e-02 6.97841995e-01 6.94708731e+00 4.35136399e+00 5.36314906e+00 -1.14569363e+01 2.50591402e+03 4.45882969e+01
1.62267672e-02 7.01086534e-01 6.93596098e+00 4.34042901e+00 5.35126402e+00 -1.14217095e+01 2.52334853e+03 4.47956099e+01
1.63389042e-02 7.04383884e-01 6.92025609e+00 4.32984393e+00 5.33858716e+00 -1.13908312e+01 2.54078642e+03 4.50062918e+01
1.64510618e-02 7.07691375e-01 6.90092574e+00 4.32001852e+00 5.32534935e+00 -1.13561455e+01 2.55822753e+03 4.52176181e+01
1.65632392e-02 7.10978196e-01 6.88041189e+00 4.31074311e+00 5.31086357e+00 -1.13092988e+01 2.57567171e+03 4.54276234e+01
1.66754353e-02 7.14248535e-01 6.85993179e+00 4.30166646e+00 5.29361957e+00 -1.12532653e+01 2.59311880e+03 4.56365763e+01
1.67876491e-02 7.17521742e-01 6.83968263e+00 4.29264558e+00 5.27446503e+00 -1.11931627e+01 2.61056864e+03 4.58457133e+01
1.68998796e-02 7.20807583e-01 6.82030273e+00 4.28367783e+00 5.25524564e+00 -1.11295384e+01 2.62802109e+03 4.60556583e+01
1.70121259e-02 7.24099263e-01 6.80248814e+00 4.27405646e+00 5.23636256e+00 -1.10650236e+01 2.64547599e+03 4.62659768e+01
1.71243870e-02 7.27379157e-01 6.78732018e+00 4.26249810e+00 5.21887708e+00 -1.10050915e+01 2.66293317e+03 4.64755439e+01
1.72366617e-02 7.30632994e-01 6.77638999e+00 4.24885500e+00 5.20323126e+00 -1.09486529e+01 2.68039249e+03 4.66834495e+01
1.73489492e-02 7.33859208e-01 6.76980648e+00 4.23429028e+00 5.18798327e+00 -1.08900908e+01 2.69785379e+03 4.68895930e+01
1.74612484e-02 7.37061175e-01 6.76470884e+00 4.21961486e+00 5.17229530e+00 -1.08314149e+01 2.71531692e+03 4.70941867e+01
1.75735584e-02 7.40240343e-01 6.75796673e+00 4.20431017e+00 5.15622009e+00 -1.07768741e+01 2.73278172e+03 4.72973212e+01
1.76858781e-02 7.43402569e-01 6.75020554e+00 4.18790950e+00 5.14115749e+00 -1.07236618e+01 2.75024802e+03 4.74993724e+01
1.77982065e-02 7.46557181e-01 6.74135152e+00 4.17105570e+00 5.12744575e+00 -1.06704008e+01 2.76771569e+03 4.77009388e+01
1.79105426e-02 7.49705519e-01 6.73023961e+00 4.15419313e+00 5.11278137e+00 -1.06151208e+01 2.78518456e+03 4.79021048e+01
1.80228855e-02 7.52841514e-01 6.71818240e+00 4.13757465e+00 5.09477183e+00 -1.05479114e+01 2.80265447e+03 4.81024806e+01
1.81352341e-02 7.55960088e-01 6.70633120e+00 4.12209772e+00 5.07199942e+00 -1.04674391e+01 2.82012528e+03 4.83017416e+01
1.82475875e-02 7.59060216e-01 6.69432659e+00 4.10844653e+00 5.04709968e+00 -1.03850191e+01 2.83759682e+03 4.84998235e+01
1.83599445e-02 7.62157173e-01 6.68106024e+00 4.09613636e+00 5.02434739e+00 -1.03021472e+01 2.85506894e+03 4.86977017e+01
1.84723043e-02 7.65291672e-01 6.66542015e+00 4.08399733e+00 5.00323819e+00 -1.02112386e+01 2.87254148e+03 4.88979770e+01
1.85846658e-02 7.68496593e-01 6.64678449e+00 4.07100521e+00 4.98219126e+00 -1.01164117e+01 2.89001428e+03 4.91027512e+01
1.86970279e-02 7.71752501e-01 6.62618842e+00 4.05713992e+00 4.96159297e+00 -1.00312492e+01 2.90748720e+03 4.93107834e+01
1.88093898e-02 7.75004185e-01 6.60534659e+00 4.04329125e+00 4.94321581e+00 -9.95653076e+00 2.92496008e+03 4.95185468e+01
1.89217504e-02 7.78218377e-01 6.58279580e+00 4.02955931e+00 4.92789246e+00 -9.87943878e+00 2.94243275e+03 4.97239152e+01
1.90341088e-02 7.81400897e-01 6.55689646e+00 4.01555346e+00 4.91247668e+00 -9.79544368e+00 2.95990506e+03 4.99272604e+01
1.91464638e-02 7.84570524e-01 6.52812289e+00 4.00137090e+00 4.89524078e+00 -9.71114767e+00 2.97737686e+03 5.01297820e+01
1.92588145e-02 7.87743264e-01 6.49744440e+00 3.98681216e+00 4.87716417e+00 -9.62723927e+00 2.99484799e+03 5.03325005e+01
1.93711599e-02 7.90929513e-01 6.46626458e+00 3.97171159e+00 4.85669823e+00 -9.53919891e+00 3.01231830e+03 5.05360779e+01
1.94834990e-02 7.94126729e-01 6.43621933e+00 3.95656235e+00 4.83167391e+00 -9.44538131e+00 3.02978763e+03 5.07403537e+01
1.95958308e-02 7.97324289e-01 6.40827011e+00 3.94114390e+00 4.80322375e+00 -9.34643492e+00 3.04725582e+03 5.09446513e+01
1.97081542e-02 8.00520773e-01 6.38187064e+00 3.92444251e+00 4.77410970e+00 -9.24526974e+00 3.06472272e+03 5.11488798e+01
1.98204684e-02 8.03723894e-01 6.35560945e+00 3.90596735e+00 4.74629380e+00 -9.14688301e+00 3.08218816e+03 5.13535320e+01
1.99327723e-02 8.06934786e-01 6.32917125e+00 3.88630036e+00 4.71920098e+00 -9.05159832e+00 3.09965201e+03 5.15586802e+01
2.00450648e-02 8.10146508e-01 6.30245368e+00 3.86660967e+00 4.69130032e+00 -8.95599371e+00 3.11711410e+03 5.17638810e+01
2.01573450e-02 8.13357457e-01 6.27336687e+00 3.84770074e+00 4.66327671e+00 -8.86022137e+00 3.13457427e+03 5.19690321e+01
2.02696119e-02 8.16575127e-01 6.23993216e+00 3.82997675e+00 4.63623698e+00 -8.76654446e+00 3.15203237e+03 5.21746111e+01
2.03818645e-02 8.19804692e-01 6.20271016e+00 3.81342959e+00 4.60779339e+00 -8.67649473e+00 3.16948824e+03 5.23809495e+01
2.04941018e-02 8.23041837e-01 6.16391613e+00 3.79693533e+00 4.57605740e+00 -8.58732299e+00 3.18694174e+03 5.25877722e+01
2.06063228e-02 8.26281962e-01 6.12533195e+00 3.77869234e+00 4.54364426e+00 -8.49163943e+00 3.20439269e+03 5.27947832e+01
2.07185264e-02 8.29529583e-01 6.08708063e+00 3.75862140e+00 4.51196359e+00 -8.38686424e+00 3.22184096e+03 5.30022707e+01
2.08307118e-02 8.32789266e-01 6.04846982e+00 3.73804315e+00 4.48033816e+00 -8.27957988e+00 3.23928638e+03 5.32105291e+01
2.09428778e-02 8.36051679e-01 6.01006331e+00 3.71745928e+00 4.44934816e+00 -8.17638522e+00 3.25672879e+03 5.34189624e+01
2.10550236e-02 8.39298892e-01 5.97281050e+00 3.69693875e+00 4.41780630e+00 -8.07408068e+00 3.27416805e+03 5.36264231e+01
2.11671480e-02 8.42518299e-01 5.93590450e+00 3.67661113e+00 4.38347333e+00 -7.96629262e+00 3.29160400e+03 5.38321050e+01
2.12792502e-02 8.45700099e-01 5.89815415e+00 3.65581694e+00 4.34631699e+00 -7.85392238e+00 3.30903648e+03 5.40353830e+01
2.13913291e-02 8.48831623e-01 5.85862047e+00 3.63369603e+00 4.30761760e+00 -7.74096114e+00 3.32646534e+03 5.42354495e+01
2.15033837e-02 8.51910271e-01 5.81641982e+00 3.61057847e+00 4.26912202e+00 -7.62622092e+00 3.34389043e+03 5.44321393e+01
2.16154130e-02 8.54951352e-01 5.77250564e+00 3.58738034e+00 4.23200057e+00 -7.50913758e+00 3.36131159e+03 5.46264301e+01
2.17274161e-02 8.57970795e-01 5.72923294e+00 3.56450155e+00 4.19538957e+00 -7.39353143e+00 3.37872866e+03 5.48193385e+01
2.18393919e-02 8.60972479e-01 5.68711304e+00 3.54179994e+00 4.15819437e+00 -7.28017644e+00 3.39614150e+03 5.50111114e+01
2.19513395e-02 8.63955984e-01 5.64431348e+00 3.51908942e+00 4.12186639e+00 -7.16641905e+00 3.41354994e+03 5.52017223e+01
2.20632579e-02 8.66918539e-01 5.59971884e+00 3.49627913e+00 4.08735407e+00 -7.05111005e+00 3.43095384e+03 5.53909944e+01
2.21751460e-02 8.69848106e-01 5.55530762e+00 3.47317421e+00 4.05335171e+00 -6.93363133e+00 3.44835304e+03 5.55781594e+01
2.22870030e-02 8.72732732e-01 5.51272431e+00 3.44966230e+00 4.01857584e+00 -6.81395956e+00 3.46574740e+03 5.57624532e+01
2.23988277e-02 8.75578872e-01 5.47068646e+00 3.42568184e+00 3.98195083e+00 -6.69546182e+00 3.48313674e+03 5.59442851e+01
2.25106193e-02 8.78409163e-01 5.42747908e+00 3.40107940e+00 3.94248048e+00 -6.58112049e+00 3.50052093e+03 5.61251006e+01
2.26223768e-02 8.81241156e-01 5.38311974e+00 3.37596946e+00 3.90018048e+00 -6.46779268e+00 3.51789981e+03 5.63060228e+01
2.27340991e-02 8.84071068e-01 5.33822256e+00 3.35094043e+00 3.85670593e+00 -6.35347876e+00 3.53527322e+03 5.64868116e+01
2.28457853e-02 8.86876661e-01 5.29238914e+00 3.32656451e+00 3.81326006e+00 -6.24243687e+00 3.55264102e+03 5.66660472e+01
2.29574344e-02 8.89635850e-01 5.24576983e+00 3.30296853e+00 3.77004026e+00 -6.13605187e+00 3.57000305e+03 5.68423175e+01
2.30690455e-02 8.92341930e-01 5.19927724e+00 3.27989073e+00 3.72706980e+00 -6.03098651e+00 3.58735916e+03 5.70151933e+01
2.31806175e-02 8.95000540e-01 5.15261008e+00 3.25676666e+00 3.68412380e+00 -5.92544324e+00 3.60470920e+03 5.71850361e+01
2.32921495e-02 8.97618361e-01 5.10539912e+00 3.23300749e+00 3.64126355e+00 -5.81781175e+00 3.62205302e+03 5.73522721e+01
2.34036404e-02 9.00200131e-01 5.05757387e+00 3.20868087e+00 3.59824968e+00 -5.70777104e+00 3.63939046e+03 5.75172027e+01
2.35150895e-02 9.02752522e-01 5.00878753e+00 3.18379383e+00 3.55359682e+00 -5.59796747e+00 3.65672137e+03 5.76802536e+01
2.36264956e-02 9.05284392e-01 4.95966541e+00 3.15759926e+00 3.50700155e+00 -5.48745812e+00 3.67404561e+03 5.78419913e+01
2.37378577e-02 9.07802200e-01 4.91045914e+00 3.13028950e+00 3.45986759e+00 -5.37381449e+00 3.69136302e+03 5.80028290e+01
2.38491751e-02 9.10307575e-01 4.86006587e+00 3.10305318e+00 3.41256935e+00 -5.25720621e+00 3.70867346e+03 5.81628710e+01
2.39604465e-02 9.12799530e-01 4.80707026e+00 3.07649708e+00 3.36524239e+00 -5.13881625e+00 3.72597676e+03 5.83220545e+01
2.40716712e-02 9.15274862e-01 4.75176404e+00 3.05062351e+00 3.31794376e+00 -5.02131039e+00 3.74327279e+03 5.84801753e+01
2.41828481e-02 9.17725177e-01 4.69648603e+00 3.02540869e+00 3.27060979e+00 -4.90637899e+00 3.76056139e+03 5.86366983e+01
2.42939763e-02 9.20138586e-01 4.64227898e+00 3.00051308e+00 3.22424543e+00 -4.79277355e+00 3.77784241e+03 5.87908637e+01
2.44050548e-02 9.22505572e-01 4.58794087e+00 2.97550261e+00 3.17787143e+00 -4.68029751e+00 3.79511571e+03 5.89420629e+01
2.45160826e-02 9.24822345e-01 4.53179863e+00 2.95041875e+00 3.12923021e+00 -4.57079869e+00 3.81238113e+03 5.90900543e+01
2.46270589e-02 9.27093681e-01 4.47385090e+00 2.92547047e+00 3.07959896e+00 -4.46351463e+00 3.82963853e+03 5.92351435e+01
2.47379826e-02 9.29334604e-01 4.41502216e+00 2.90043123e+00 3.03326886e+00 -4.35608861e+00 3.84688775e+03 5.93782894e+01
2.48488528e-02 9.31563622e-01 4.35461297e+00 2.87474436e+00 2.99180381e+00 -4.24873063e+00 3.86412866e+03 5.95206727e+01
2.49596685e-02 9.33791456e-01 4.29157542e+00 2.84823786e+00 2.95144391e+00 -4.14227484e+00 3.88136110e+03 5.96629771e+01
2.50704289e-02 9.36018107e-01 4.22537284e+00 2.82137047e+00 2.90876107e+00 -4.03580393e+00 3.89858492e+03 5.98052028e+01
2.51811329e-02 9.38239800e-01 4.15495115e+00 2.79465407e+00 2.86424200e+00 -3.92723734e+00 3.91579998e+03 5.99471078e+01
2.52917796e-02 9.40451717e-01 4.08023778e+00 2.76819976e+00 2.81908476e+00 -3.81507841e+00 3.93300613e+03 6.00883837e+01
2.54023680e-02 9.42639993e-01 4.00399387e+00 2.74136660e+00 2.77412598e+00 -3.70153185e+00 3.95020322e+03 6.02281462e+01
2.55128973e-02 9.44780441e-01 3.92916203e+00 2.71340535e+00 2.73092906e+00 -3.58989860e+00 3.96739111e+03 6.03648526e+01
2.56233665e-02 9.46855137e-01 3.85588376e+00 2.68419791e+00 2.68951512e+00 -3.48069572e+00 3.98456966e+03 6.04973582e+01
2.57337746e-02 9.48865524e-01 3.78240095e+00 2.65390598e+00 2.64701188e+00 -3.37277425e+00 4.00173871e+03 6.06257539e+01
2.58441208e-02 9.50823670e-01 3.70701400e+00 2.62309073e+00 2.60198167e+00 -3.26490564e+00 4.01889812e+03 6.07508103e+01
2.59544040e-02 9.52735590e-01 3.62988189e+00 2.59247151e+00 2.55616468e+00 -3.15612216e+00 4.03604775e+03 6.08729125e+01
2.60646234e-02 9.54597456e-01 3.55318969e+00 2.56218654e+00 2.51084270e+00 -3.04678471e+00 4.05318745e+03 6.09918174e+01
2.61747780e-02 9.56405811e-01 3.47845800e+00 2.53186072e+00 2.46591080e+00 -2.93905168e+00 4.07031707e+03 6.11073045e+01
2.62848669e-02 9.58165996e-01 3.40493879e+00 2.50115343e+00 2.41984725e+00 -2.83601697e+00 4.08743648e+03 6.12197152e+01
2.63948892e-02 9.59886218e-01 3.33104832e+00 2.47032692e+00 2.37126054e+00 -2.73890000e+00 4.10454553e+03 6.13295727e+01
2.65048439e-02 9.61565227e-01 3.25589046e+00 2.43992656e+00 2.32017411e+00 -2.64699036e+00 4.12164408e+03 6.14367967e+01
2.66147302e-02 9.63192810e-01 3.18173731e+00 2.40966764e+00 2.26900964e+00 -2.55774465e+00 4.13873198e+03 6.15407350e+01
2.67245471e-02 9.64764181e-01 3.11109753e+00 2.37898779e+00 2.22053174e+00 -2.46790613e+00 4.15580909e+03 6.16410827e+01
2.68342937e-02 9.66287077e-01 3.04032073e+00 2.34803714e+00 2.17082540e+00 -2.37760041e+00 4.17287527e+03 6.17383334e+01
2.69439691e-02 9.67772084e-01 2.97208064e+00 2.31603209e+00 2.12379266e+00 -2.28650520e+00 4.18993038e+03 6.18331639e+01
2.70535724e-02 9.69222846e-01 2.90234946e+00 2.28305533e+00 2.07480951e+00 -2.19423232e+00 4.20697428e+03 6.19258077e+01
2.71631027e-02 9.70638233e-01 2.82896213e+00 2.25008937e+00 2.02419910e+00 -2.10038737e+00 4.22400682e+03 6.20161910e+01
2.72725591e-02 9.72017280e-01 2.75703902e+00 2.21737404e+00 1.98040497e+00 -2.00480879e+00 4.24102787e+03 6.21042521e+01
2.73819406e-02 9.73355351e-01 2.68385090e+00 2.18554501e+00 1.93640448e+00 -1.90987046e+00 4.25803728e+03 6.21896946e+01
2.74912465e-02 9.74640324e-01 2.61087261e+00 2.15423482e+00 1.89081145e+00 -1.81742413e+00 4.27503492e+03 6.22717450e+01
2.76004757e-02 9.75859162e-01 2.54035348e+00 2.12272197e+00 1.84588048e+00 -1.72984692e+00 4.29202064e+03 6.23495717e+01
2.77096274e-02 9.77009033e-01 2.47326355e+00 2.09076948e+00 1.80124032e+00 -1.64829245e+00 4.30899431e+03 6.24229958e+01
2.78187007e-02 9.78100625e-01 2.40885331e+00 2.05864922e+00 1.75520912e+00 -1.57126745e+00 4.32595579e+03 6.24927003e+01
2.79276947e-02 9.79148089e-01 2.34492275e+00 2.02673966e+00 1.70791786e+00 -1.49707350e+00 4.34290493e+03 6.25595873e+01
2.80366085e-02 9.80155183e-01 2.28201628e+00 1.99502689e+00 1.66044793e+00 -1.42555299e+00 4.35984162e+03 6.26238953e+01
2.81454413e-02 9.81113990e-01 2.22262160e+00 1.96326209e+00 1.61283414e+00 -1.35675266e+00 4.37676569e+03 6.26851194e+01
2.82541922e-02 9.82017135e-01 2.16686741e+00 1.93136026e+00 1.56559795e+00 -1.28983877e+00 4.39367703e+03 6.27427893e+01
2.83628602e-02 9.82866894e-01 2.11288748e+00 1.89959628e+00 1.52034206e+00 -1.22402809e+00 4.41057548e+03 6.27970508e+01
2.84714445e-02 9.83671848e-01 2.05996959e+00 1.86836622e+00 1.47896577e+00 -1.15919050e+00 4.42746093e+03 6.28484521e+01
2.85799443e-02 9.84438827e-01 2.00767765e+00 1.83780854e+00 1.44150458e+00 -1.09696939e+00 4.44433322e+03 6.28974291e+01
2.86883587e-02 9.85169861e-01 1.95583835e+00 1.80748949e+00 1.40601322e+00 -1.03982681e+00 4.46119223e+03 6.29441107e+01
2.87966868e-02 9.85865351e-01 1.90612818e+00 1.77706579e+00 1.37064515e+00 -9.87409948e-01 4.47803782e+03 6.29885227e+01
2.89049277e-02 9.86527857e-01 1.85905587e+00 1.74708508e+00 1.33408992e+00 -9.37412459e-01 4.49486986e+03 6.30308283e+01
2.90130806e-02 9.87160794e-01 1.81318351e+00 1.71819252e+00 1.29651153e+00 -8.88204992e-01 4.51168821e+03 6.30712456e+01
2.91211446e-02 9.87764225e-01 1.76781241e+00 1.69000755e+00 1.25974557e+00 -8.40225269e-01 4.52849274e+03 6.31097787e+01
2.92291189e-02 9.88335264e-01 1.72367432e+00 1.66169779e+00 1.22437166e+00 -7.95083634e-01 4.54528331e+03 6.31462436e+01
2.93370026e-02 9.88873245e-01 1.68144389e+00 1.63326185e+00 1.18887831e+00 -7.52792173e-01 4.56205981e+03 6.31805978e+01
2.94447949e-02 9.89381297e-01 1.64119629e+00 1.60528254e+00 1.15241866e+00 -7.12539639e-01 4.57882208e+03 6.32130412e+01
2.95524949e-02 9.89862289e-01 1.60229628e+00 1.57799535e+00 1.11585961e+00 -6.74623068e-01 4.59557001e+03 6.32437569e+01
2.96601018e-02 9.90316610e-01 1.56407024e+00 1.55111127e+00 1.08112514e+00 -6.39148448e-01 4.61230345e+03 6.32727699e+01
2.97676148e-02 9.90744029e-01 1.52715964e+00 1.52419494e+00 1.05035515e+00 -6.05380942e-01 4.62902229e+03 6.33000651e+01
2.98750330e-02 9.91144508e-01 1.49211175e+00 1.49717596e+00 1.02337360e+00 -5.73115796e-01 4.64572639e+03 6.33256401e+01
2.99823555e-02 9.91517570e-01 1.45877387e+00 1.47033316e+00 9.97820260e-01 -5.42678412e-01 4.66241562e+03 6.33494648e+01
3.00895817e-02 9.91863895e-01 1.42672443e+00 1.44389406e+00 9.72452970e-01 -5.13889761e-01 4.67908985e+03 6.33715825e+01
3.01967105e-02 9.92187492e-01 1.39510946e+00 1.41787774e+00 9.47212579e-01 -4.85960889e-01 4.69574895e+03 6.33922490e+01
3.03037413e-02 9.92493871e-01 1.36339862e+00 1.39230827e+00 9.21728285e-01 -4.58751463e-01 4.71239280e+03 6.34118158e+01
3.04106731e-02 9.92786110e-01 1.33209300e+00 1.36724946e+00 8.95811753e-01 -4.32579240e-01 4.72902127e+03 6.34304797e+01
3.05175052e-02 9.93064538e-01 1.30184549e+00 1.34280909e+00 8.69437939e-01 -4.07004586e-01 4.74563423e+03 6.34482615e+01
3.06242367e-02 9.93329509e-01 1.27260106e+00 1.31904842e+00 8.43110124e-01 -3.81653761e-01 4.76223155e+03 6.34651841e+01
3.07308670e-02 9.93582511e-01 1.24374735e+00 1.29577959e+00 8.17994538e-01 -3.56843721e-01 4.77881312e+03 6.34813422e+01
3.08373950e-02 9.93824839e-01 1.21549439e+00 1.27270495e+00 7.94072741e-01 -3.32780097e-01 4.79537879e+03 6.34968189e+01
3.09438201e-02 9.94056655e-01 1.18885163e+00 1.24970032e+00 7.70774913e-01 -3.09286662e-01 4.81192846e+03 6.35116242e+01
3.10501414e-02 9.94277741e-01 1.16398975e+00 1.22695928e+00 7.48192814e-01 -2.86121543e-01 4.82846199e+03 6.35257445e+01
3.11563582e-02 9.94488418e-01 1.13995655e+00 1.20486471e+00 7.25696699e-01 -2.63639917e-01 4.84497926e+03 6.35392002e+01
3.12624696e-02 9.94688839e-01 1.11603282e+00 1.18360580e+00 7.01909067e-01 -2.42672980e-01 4.86148015e+03 6.35520011e+01
3.13684749e-02 9.94877852e-01 1.09273471e+00 1.16291347e+00 6.77277265e-01 -2.23596734e-01 4.87796454e+03 6.35640737e+01
3.14743732e-02 9.95053773e-01 1.07079068e+00 1.14260362e+00 6.53250264e-01 -2.06323712e-01 4.89443230e+03 6.35753102e+01
3.15801639e-02 9.95216397e-01 1.05011478e+00 1.12290375e+00 6.30707964e-01 -1.90873415e-01 4.91088330e+03 6.35856978e+01
3.16858461e-02 9.95367611e-01 1.03007523e+00 1.10380128e+00 6.10347864e-01 -1.77335747e-01 4.92731744e+03 6.35953570e+01
3.17914190e-02 9.95510001e-01 1.01063671e+00 1.08478575e+00 5.92528991e-01 -1.65486053e-01 4.94373459e+03 6.36044527e+01
3.18968818e-02 9.95645306e-01 9.92422204e-01 1.06546691e+00 5.77008215e-01 -1.54646620e-01 4.96013463e+03 6.36130960e+01
3.20022339e-02 9.95774349e-01 9.74985051e-01 1.04596571e+00 5.62807109e-01 -1.44243378e-01 4.97651744e+03 6.36213395e+01
3.21074744e-02 9.95897946e-01 9.56849835e-01 1.02671606e+00 5.48978061e-01 -1.34008521e-01 4.99288290e+03 6.36292352e+01
3.22126026e-02 9.96016987e-01 9.37919566e-01 1.00814769e+00 5.35721641e-01 -1.23740518e-01 5.00923089e+03 6.36368399e+01
3.23176177e-02 9.96131485e-01 9.19770094e-01 9.90418515e-01 5.23126736e-01 -1.13602833e-01 5.02556129e+03 6.36441543e+01
3.24225190e-02 9.96240632e-01 9.03261029e-01 9.73398726e-01 5.10064333e-01 -1.04140018e-01 5.04187400e+03 6.36511270e+01
3.25273057e-02 9.96344446e-01 8.87579677e-01 9.56957189e-01 4.95404845e-01 -9.56592365e-02 5.05816889e+03 6.36577593e+01
3.26319771e-02 9.96444388e-01 8.72060571e-01 9.41209750e-01 4.79038201e-01 -8.79694016e-02 5.07444584e+03 6.36641445e+01
3.27365323e-02 9.96541735e-01 8.57165701e-01 9.26258378e-01 4.62234322e-01 -8.08403548e-02 5.09070474e+03 6.36703639e+01
3.28409708e-02 9.96636312e-01 8.43156427e-01 9.11969976e-01 4.46519483e-01 -7.44017131e-02 5.10694548e+03 6.36764066e+01
3.29452917e-02 9.96727382e-01 8.29598180e-01 8.98128241e-01 4.32700971e-01 -6.88518592e-02 5.12316794e+03 6.36822252e+01
3.30494944e-02 9.96814653e-01 8.16501744e-01 8.84475828e-01 4.20509584e-01 -6.40719889e-02 5.13937201e+03 6.36878011e+01
3.31535780e-02 9.96897858e-01 8.04464924e-01 8.70757045e-01 4.08953773e-01 -5.98116146e-02 5.15555757e+03 6.36931172e+01
3.32575420e-02 9.96976431e-01 7.93609313e-01 8.56889898e-01 3.97631642e-01 -5.60147163e-02 5.17172451e+03 6.36981375e+01
3.33613854e-02 9.97050521e-01 7.83272723e-01 8.43164020e-01 3.86488155e-01 -5.26157805e-02 5.18787272e+03 6.37028716e+01
3.34651077e-02 9.97121755e-01 7.72862030e-01 8.29957789e-01 3.75066942e-01 -4.93270728e-02 5.20400209e+03 6.37074233e+01
3.35687082e-02 9.97192116e-01 7.62384327e-01 8.17370327e-01 3.63369820e-01 -4.58265211e-02 5.22011251e+03 6.37119191e+01
3.36721860e-02 9.97262193e-01 7.52150259e-01 8.05316540e-01 3.51863042e-01 -4.20645294e-02 5.23620387e+03 6.37163967e+01
3.37755405e-02 9.97331056e-01 7.42445052e-01 7.93634131e-01 3.41176785e-01 -3.82007377e-02 5.25227604e+03 6.37207967e+01
3.38787711e-02 9.97397696e-01 7.33511494e-01 7.82145101e-01 3.31447697e-01 -3.43281377e-02 5.26832894e+03 6.37250546e+01
3.39818772e-02 9.97461940e-01 7.25504622e-01 7.70721643e-01 3.22215315e-01 -3.05624547e-02 5.28436248e+03 6.37291595e+01
3.40848575e-02 9.97523989e-01 7.18281670e-01 7.59298988e-01 3.13085777e-01 -2.72629737e-02 5.30037647e+03 6.37331244e+01
3.41877116e-02 9.97583913e-01 7.11501963e-01 7.47899626e-01 3.04001904e-01 -2.47377523e-02 5.31637083e+03 6.37369536e+01
3.42904399e-02 9.97642024e-01 7.04882486e-01 7.36701421e-01 2.95021862e-01 -2.27737966e-02 5.33234562e+03 6.37406672e+01
3.43930404e-02 9.97699049e-01 6.98268924e-01 7.25913687e-01 2.86544154e-01 -2.09142113e-02 5.34830056e+03 6.37443115e+01
3.44955110e-02 9.97755356e-01 6.91599217e-01 7.15600407e-01 2.79010413e-01 -1.90749328e-02 5.36423527e+03 6.37479098e+01
3.45978544e-02 9.97810429e-01 6.84755974e-01 7.05695421e-01 2.72286299e-01 -1.75356275e-02 5.38015021e+03 6.37514293e+01
3.47000718e-02 9.97863571e-01 6.77607382e-01 6.96111285e-01 2.65842648e-01 -1.64782152e-02 5.39604557e+03 6.37548256e+01
3.48021544e-02 9.97914851e-01 6.70308821e-01 6.86824615e-01 2.58781894e-01 -1.57874347e-02 5.41191995e+03 6.37581029e+01
3.49040995e-02 9.97965107e-01 6.63240567e-01 6.77780975e-01 2.50837141e-01 -1.52163546e-02 5.42777296e+03 6.37613148e+01
3.50059252e-02 9.98015282e-01 6.56668495e-01 6.68901850e-01 2.42919444e-01 -1.45611286e-02 5.44360740e+03 6.37645214e+01
3.51076321e-02 9.98065912e-01 6.50479522e-01 6.60240139e-01 2.35773149e-01 -1.37638567e-02 5.45942335e+03 6.37677571e+01
3.52091763e-02 9.98117006e-01 6.44400622e-01 6.51914355e-01 2.29350344e-01 -1.28542219e-02 5.47521402e+03 6.37710223e+01
3.53105572e-02 9.98168191e-01 6.38368298e-01 6.43944975e-01 2.23320665e-01 -1.18776434e-02 5.49097929e+03 6.37742933e+01
3.54119269e-02 9.98219053e-01 6.32347931e-01 6.36254781e-01 2.17339118e-01 -1.09402418e-02 5.50674281e+03 6.37775437e+01
3.55135310e-02 9.98269470e-01 6.26245922e-01 6.28771750e-01 2.11452598e-01 -1.01369324e-02 5.52254280e+03 6.37807657e+01
3.56155256e-02 9.98319595e-01 6.20171428e-01 6.21489560e-01 2.05933612e-01 -9.47795320e-03 5.53840350e+03 6.37839690e+01
3.57179155e-02 9.98369534e-01 6.14336570e-01 6.14414355e-01 2.00887788e-01 -8.95140443e-03 5.55432567e+03 6.37871604e+01
3.58206624e-02 9.98419192e-01 6.08756344e-01 6.07512810e-01 1.96323451e-01 -8.56287841e-03 5.57030336e+03 6.37903338e+01
3.59237721e-02 9.98468496e-01 6.03314634e-01 6.00759630e-01 1.92057550e-01 -8.30613477e-03 5.58633747e+03 6.37934845e+01
3.60272681e-02 9.98517582e-01 5.97959564e-01 5.94163815e-01 1.87884111e-01 -8.13756453e-03 5.60243164e+03 6.37966211e+01
3.61311533e-02 9.98566684e-01 5.92707501e-01 5.87738723e-01 1.83827227e-01 -7.99807357e-03 5.61858634e+03 6.37997589e+01
3.62354243e-02 9.98615924e-01 5.87572307e-01 5.81479138e-01 1.79956477e-01 -7.85647409e-03 5.63480103e+03 6.38029054e+01
3.63400880e-02 9.98665270e-01 5.82549110e-01 5.75365127e-01 1.76240509e-01 -7.71571382e-03 5.65107680e+03 6.38060587e+01
3.64451530e-02 9.98714652e-01 5.77625031e-01 5.69378476e-01 1.72637776e-01 -7.58645492e-03 5.66741496e+03 6.38092143e+01
3.65506226e-02 9.98764049e-01 5.72788102e-01 5.63510340e-01 1.69134773e-01 -7.46980080e-03 5.68381605e+03 6.38123707e+01
3.66565009e-02 9.98813476e-01 5.68034139e-01 5.57755645e-01 1.65728143e-01 -7.36019686e-03 5.70028068e+03 6.38155291e+01
3.67627940e-02 9.98862947e-01 5.63362664e-01 5.52109014e-01 1.62406945e-01 -7.25433478e-03 5.71680983e+03 6.38186904e+01
3.68695075e-02 9.98912465e-01 5.58770026e-01 5.46565945e-01 1.59153748e-01 -7.15305116e-03 5.73340434e+03 6.38218546e+01
3.69766461e-02 9.98962032e-01 5.54252492e-01 5.41120885e-01 1.55968296e-01 -7.05716082e-03 5.75006496e+03 6.38250219e+01
3.70842153e-02 9.99011648e-01 5.49808866e-01 5.35766893e-01 1.52862166e-01 -6.96544194e-03 5.76679254e+03 6.38281924e+01
3.71922207e-02 9.99061310e-01 5.45436850e-01 5.30499925e-01 1.49832419e-01 -6.87651866e-03 5.78358796e+03 6.38313658e+01
3.73006678e-02 9.99111014e-01 5.41132104e-01 5.25319259e-01 1.46866528e-01 -6.79060317e-03 5.80045207e+03 6.38345419e+01
3.74095622e-02 9.99160758e-01 5.36890802e-01 5.20223939e-01 1.43960856e-01 -6.70890895e-03 5.81738571e+03 6.38377205e+01
3.75189094e-02 9.99210539e-01 5.32710894e-01 5.15211148e-01 1.41117541e-01 -6.63206106e-03 5.83438979e+03 6.38409014e+01
3.76287153e-02 9.99260355e-01 5.28590815e-01 5.10277066e-01 1.38335867e-01 -6.55979991e-03 5.85146519e+03 6.38440846e+01
3.77389856e-02 9.99310209e-01 5.24528622e-01 5.05418237e-01 1.35612679e-01 -6.49165288e-03 5.86861282e+03 6.38472702e+01
3.78497263e-02 9.99360105e-01 5.20522420e-01 5.00631948e-01 1.32945284e-01 -6.42725358e-03 5.88583357e+03 6.38504585e+01
3.79609432e-02 9.99410046e-01 5.16570503e-01 4.95915847e-01 1.30331969e-01 -6.36636081e-03 5.90312840e+03 6.38536497e+01
3.80726424e-02 9.99460037e-01 5.12671219e-01 4.91267719e-01 1.27771292e-01 -6.30885035e-03 5.92049822e+03 6.38568440e+01
3.81848300e-02 9.99510078e-01 5.08822950e-01 4.86685458e-01 1.25261699e-01 -6.25464259e-03 5.93794398e+03 6.38600416e+01
3.82975122e-02 9.99560173e-01 5.05024195e-01 4.82167072e-01 1.22801673e-01 -6.20361596e-03 5.95546666e+03 6.38632426e+01
3.84106952e-02 9.99610325e-01 5.01273581e-01 4.77710679e-01 1.20389831e-01 -6.15562540e-03 5.97306723e+03 6.38664472e+01
3.85243855e-02 9.99660539e-01 4.97569820e-01 4.73314490e-01 1.18024856e-01 -6.11054323e-03 5.99074666e+03 6.38696558e+01
3.86385893e-02 9.99710817e-01 4.93911688e-01 4.68976803e-01 1.15705504e-01 -6.06824438e-03 6.00850596e+03 6.38728684e+01
3.87533133e-02 9.99761163e-01 4.90298021e-01 4.64695988e-01 1.13430599e-01 -6.02860494e-03 6.02634615e+03 6.38760855e+01
3.88685640e-02 9.99811581e-01 4.86727709e-01 4.60470494e-01 1.11199013e-01 -5.99150585e-03 6.04426826e+03 6.38793070e+01
3.89843482e-02 9.99862073e-01 4.83199695e-01 4.56298832e-01 1.09009652e-01 -5.95683364e-03 6.06227331e+03 6.38825334e+01
3.91006726e-02 9.99912643e-01 4.79712973e-01 4.52179581e-01 1.06861467e-01 -5.92447811e-03 6.08036237e+03 6.38857647e+01
3.92175441e-02 9.99963295e-01 4.76266584e-01 4.48111379e-01 1.04753453e-01 -5.89433122e-03 6.09853651e+03 6.38890012e+01
3.93349696e-02 1.00001403e+00 4.72859614e-01 4.44092919e-01 1.02684648e-01 -5.86628835e-03 6.11679680e+03 6.38922430e+01
3.94529563e-02 1.00006485e+00 4.69491186e-01 4.40122947e-01 1.00654127e-01 -5.84024955e-03 6.13514435e+03 6.38954904e+01
3.95715112e-02 1.00011576e+00 4.66160457e-01 4.36200260e-01 9.86610000e-02 -5.81611960e-03 6.15358028e+03 6.38987434e+01
3.96906417e-02 1.00016676e+00 4.62866620e-01 4.32323699e-01 9.67044071e-02 -5.79380748e-03 6.17210570e+03 6.39020022e+01
3.98103551e-02 1.00021785e+00 4.59608897e-01 4.28492151e-01 9.47835219e-02 -5.77322631e-03 6.19072177e+03 6.39052669e+01
3.99306589e-02 1.00026904e+00 4.56386538e-01 4.24704545e-01 9.28975483e-02 -5.75429372e-03 6.20942965e+03 6.39085375e+01
4.00515606e-02 1.00032032e+00 4.53198819e-01 4.20959849e-01 9.10457180e-02 -5.73693178e-03 6.22823051e+03 6.39118143e+01
4.01730679e-02 1.00037170e+00 4.50045042e-01 4.17257068e-01 8.92272888e-02 -5.72106664e-03 6.24712554e+03 6.39150973e+01
4.02951887e-02 1.00042318e+00 4.46924531e-01 4.13595244e-01 8.74415440e-02 -5.70662808e-03 6.26611597e+03 6.39183864e+01
4.04179307e-02 1.00047475e+00 4.43836634e-01 4.09973452e-01 8.56877912e-02 -5.69354938e-03 6.28520301e+03 6.39216818e+01
4.05413020e-02 1.00052642e+00 4.40780719e-01 4.06390798e-01 8.39653609e-02 -5.68176734e-03 6.30438791e+03 6.39249835e+01
4.06653108e-02 1.00057819e+00 4.37756174e-01 4.02846422e-01 8.22736055e-02 -5.67122211e-03 6.32367193e+03 6.39282914e+01
4.07899653e-02 1.00063006e+00 4.34762405e-01 3.99339491e-01 8.06118980e-02 -5.66185703e-03 6.34305636e+03 6.39316056e+01
4.09152738e-02 1.00068203e+00 4.31798837e-01 3.95869200e-01 7.89796318e-02 -5.65361835e-03 6.36254250e+03 6.39349261e+01
4.10412448e-02 1.00073409e+00 4.28864911e-01 3.92434771e-01 7.73762188e-02 -5.64645505e-03 6.38213167e+03 6.39382528e+01
4.11678870e-02 1.00078626e+00 4.25960085e-01 3.89035453e-01 7.58010896e-02 -5.64031868e-03 6.40182520e+03 6.39415857e+01
4.12952091e-02 1.00083851e+00 4.23083832e-01 3.85670518e-01 7.42536920e-02 -5.63516333e-03 6.42162446e+03 6.39449248e+01
4.14232199e-02 1.00089087e+00 4.20235640e-01 3.82339261e-01 7.27334903e-02 -5.63094563e-03 6.44153082e+03 6.39482700e+01
4.15519285e-02 1.00094331e+00 4.17415013e-01 3.79041001e-01 7.12399648e-02 -5.62762468e-03 6.46154569e+03 6.39516212e+01
4.16813440e-02 1.00099586e+00 4.14621468e-01 3.75775078e-01 6.97726108e-02 -5.62516195e-03 6.48167049e+03 6.39549783e+01
4.18114756e-02 1.00104849e+00 4.11854535e-01 3.72540852e-01 6.83309385e-02 -5.62352113e-03 6.50190665e+03 6.39583413e+01
4.19423329e-02 1.00110121e+00 4.09113758e-01 3.69337702e-01 6.69144718e-02 -5.62266789e-03 6.52225564e+03 6.39617101e+01
4.20739252e-02 1.00115402e+00 4.06398690e-01 3.66165029e-01 6.55227482e-02 -5.62256966e-03 6.54271896e+03 6.39650846e+01
4.22062625e-02 1.00120692e+00 4.03708899e-01 3.63022249e-01 6.41553179e-02 -5.62319546e-03 6.56329810e+03 6.39684647e+01
4.23393544e-02 1.00125991e+00 4.01043962e-01 3.59908798e-01 6.28117435e-02 -5.62451575e-03 6.58399460e+03 6.39718502e+01
4.24732110e-02 1.00131298e+00 3.98403469e-01 3.56824129e-01 6.14915996e-02 -5.62650238e-03 6.60481002e+03 6.39752412e+01
4.26078426e-02 1.00136613e+00 3.95787021e-01 3.53767709e-01 6.01944721e-02 -5.62912858e-03 6.62574594e+03 6.39786375e+01
4.27432593e-02 1.00141937e+00 3.93194230e-01 3.50739023e-01 5.89199579e-02 -5.63236895e-03 6.64680397e+03 6.39820389e+01
4.28794718e-02 1.00147268e+00 3.90624717e-01 3.47737571e-01 5.76676647e-02 -5.63619937e-03 6.66798573e+03 6.39854454e+01
4.30164906e-02 1.00152607e+00 3.88078117e-01 3.44762867e-01 5.64372101e-02 -5.64059693e-03 6.68929288e+03 6.39888569e+01
4.31543265e-02 1.00157954e+00 3.85554070e-01 3.41814439e-01 5.52282216e-02 -5.64553980e-03 6.71072710e+03 6.39922732e+01
4.32929907e-02 1.00163308e+00 3.83052226e-01 3.38891828e-01 5.40403362e-02 -5.65100705e-03 6.73229011e+03 6.39956943e+01
4.34324941e-02 1.00168670e+00 3.80572246e-01 3.35994591e-01 5.28731997e-02 -5.65697860e-03 6.75398364e+03 6.39991199e+01
4.35728483e-02 1.00174038e+00 3.78113795e-01 3.33122295e-01 5.17264669e-02 -5.66343517e-03 6.77580946e+03 6.40025501e+01
4.37140646e-02 1.00179414e+00 3.75676552e-01 3.30274520e-01 5.05998009e-02 -5.67035823e-03 6.79776935e+03 6.40059848e+01
4.38561550e-02 1.00184796e+00 3.73260201e-01 3.27450858e-01 4.94928728e-02 -5.67773002e-03 6.81986515e+03 6.40094237e+01
4.39991311e-02 1.00190185e+00 3.70864437e-01 3.24650913e-01 4.84053617e-02 -5.68553351e-03 6.84209870e+03 6.40128668e+01
4.41430053e-02 1.00195580e+00 3.68488960e-01 3.21874299e-01 4.73369542e-02 -5.69375235e-03 6.86447190e+03 6.40163140e+01
4.42877897e-02 1.00200981e+00 3.66133481e-01 3.19120642e-01 4.62873442e-02 -5.70237081e-03 6.88698664e+03 6.40197653e+01
4.44334969e-02 1.00206389e+00 3.63797715e-01 3.16389577e-01 4.52562324e-02 -5.71137367e-03 6.90964489e+03 6.40232204e+01
4.45801396e-02 1.00211802e+00 3.61481387e-01 3.13680751e-01 4.42433265e-02 -5.72074616e-03 6.93244861e+03 6.40266793e+01
4.47277308e-02 1.00217222e+00 3.59184225e-01 3.10993818e-01 4.32483405e-02 -5.73047399e-03 6.95539983e+03 6.40301420e+01
4.48762836e-02 1.00222647e+00 3.56905966e-01 3.08328445e-01 4.22709948e-02 -5.74054326e-03 6.97850058e+03 6.40336083e+01
4.50258114e-02 1.00228077e+00 3.54646351e-01 3.05684305e-01 4.13110160e-02 -5.75094052e-03 7.00175295e+03 6.40370782e+01
4.51763278e-02 1.00233513e+00 3.52405129e-01 3.03061082e-01 4.03681364e-02 -5.76165275e-03 7.02515904e+03 6.40405515e+01
4.53278466e-02 1.00238954e+00 3.50182056e-01 3.00458467e-01 3.94420941e-02 -5.77266736e-03 7.04872103e+03 6.40440282e+01
4.54803820e-02 1.00244401e+00 3.47976895e-01 2.97876160e-01 3.85326329e-02 -5.78397216e-03 7.07244108e+03 6.40475082e+01
4.56339482e-02 1.00249853e+00 3.45789412e-01 2.95313869e-01 3.76395016e-02 -5.79555520e-03 7.09632144e+03 6.40509915e+01
4.57885598e-02 1.00255309e+00 3.43619379e-01 2.92771311e-01 3.67624543e-02 -5.80740475e-03 7.12036437e+03 6.40544780e+01
4.59442316e-02 1.00260771e+00 3.41466575e-01 2.90248209e-01 3.59012501e-02 -5.81950936e-03 7.14457216e+03 6.40579676e+01
4.61009787e-02 1.00266237e+00 3.39330781e-01 2.87744294e-01 3.50556531e-02 -5.83185803e-03 7.16894717e+03 6.40614603e+01
4.62588165e-02 1.00271708e+00 3.37211784e-01 2.85259304e-01 3.42254318e-02 -5.84444023e-03 7.19349179e+03 6.40649560e+01
4.64177606e-02 1.00277184e+00 3.35109375e-01 2.82792984e-01 3.34103593e-02 -5.85724538e-03 7.21820844e+03 6.40684546e+01
4.65778269e-02 1.00282664e+00 3.33023349e-01 2.80345087e-01 3.26102126e-02 -5.87026263e-03 7.24309960e+03 6.40719562e+01
4.67390316e-02 1.00288149e+00 3.30953507e-01 2.77915371e-01 3.18247737e-02 -5.88348132e-03 7.26816779e+03 6.40754607e+01
4.69013911e-02 1.00293638e+00 3.28899657e-01 2.75503602e-01 3.10538289e-02 -5.89689218e-03 7.29341556e+03 6.40789681e+01
4.70649223e-02 1.00299132e+00 3.26861611e-01 2.73109548e-01 3.02971687e-02 -5.91048730e-03 7.31884552e+03 6.40824783e+01
4.72296422e-02 1.00304630e+00 3.24839180e-01 2.70732988e-01 2.95545859e-02 -5.92425775e-03 7.34446034e+03 6.40859913e+01
4.73955681e-02 1.00310133e+00 3.22832173e-01 2.68373706e-01 2.88258758e-02 -5.93819129e-03 7.37026271e+03 6.40895071e+01
4.75627179e-02 1.00315640e+00 3.20840406e-01 2.66031492e-01 2.81108389e-02 -5.95227484e-03 7.39625539e+03 6.40930257e+01
4.77311097e-02 1.00321151e+00 3.18863719e-01 2.63706137e-01 2.74092837e-02 -5.96650121e-03 7.42244121e+03 6.40965471e+01
4.79007615e-02 1.00326667e+00 3.16901959e-01 2.61397442e-01 2.67210231e-02 -5.98087097e-03 7.44882297e+03 6.41000711e+01
4.80716923e-02 1.00332186e+00 3.14954945e-01 2.59105210e-01 2.60458654e-02 -5.99538187e-03 7.47540361e+03 6.41035979e+01
4.82439216e-02 1.00337711e+00 3.13022458e-01 2.56829246e-01 2.53836110e-02 -6.01001408e-03 7.50218617e+03 6.41071276e+01
4.84174678e-02 1.00343240e+00 3.11104299e-01 2.54569386e-01 2.47340692e-02 -6.02473565e-03 7.52917354e+03 6.41106603e+01
4.85923506e-02 1.00348773e+00 3.09200385e-01 2.52325453e-01 2.40970808e-02 -6.03953653e-03 7.55636875e+03 6.41141958e+01
4.87685926e-02 1.00354310e+00 3.07310710e-01 2.50097224e-01 2.34725071e-02 -6.05445107e-03 7.58377532e+03 6.41177337e+01
4.89462127e-02 1.00359851e+00 3.05435115e-01 2.47884538e-01 2.28601714e-02 -6.06951555e-03 7.61139618e+03 6.41212741e+01
4.91252275e-02 1.00365398e+00 3.03573137e-01 2.45687294e-01 2.22598229e-02 -6.08469080e-03 7.63923394e+03 6.41248179e+01
4.93056662e-02 1.00370951e+00 3.01724326e-01 2.43505272e-01 2.16712204e-02 -6.09986275e-03 7.66729310e+03 6.41283659e+01
4.94875536e-02 1.00376509e+00 2.99888829e-01 2.41338295e-01 2.10942772e-02 -6.11496874e-03 7.69557756e+03 6.41319172e+01
4.96708921e-02 1.00382069e+00 2.98067382e-01 2.39186397e-01 2.05290488e-02 -6.13012601e-03 7.72408767e+03 6.41354697e+01
4.98557119e-02 1.00387630e+00 2.96260192e-01 2.37049250e-01 1.99754541e-02 -6.14555524e-03 7.75282814e+03 6.41390227e+01
5.00420755e-02 1.00393197e+00 2.94465778e-01 2.34926261e-01 1.94329959e-02 -6.16126662e-03 7.78180866e+03 6.41425797e+01
5.02299645e-02 1.00398779e+00 2.92681897e-01 2.32817927e-01 1.89009998e-02 -6.17687588e-03 7.81102641e+03 6.41461461e+01
5.04193394e-02 1.00404373e+00 2.90908894e-01 2.30724949e-01 1.83794417e-02 -6.19200014e-03 7.84047521e+03 6.41497207e+01
5.06103504e-02 1.00409962e+00 2.89151195e-01 2.28645675e-01 1.78693123e-02 -6.20690316e-03 7.87017844e+03 6.41532917e+01
5.08031072e-02 1.00415533e+00 2.87412060e-01 2.26578768e-01 1.73712999e-02 -6.22234284e-03 7.90015314e+03 6.41568509e+01
5.09973262e-02 1.00421107e+00 2.85686078e-01 2.24527313e-01 1.68839041e-02 -6.23853231e-03 7.93035523e+03 6.41604127e+01
5.11929405e-02 1.00426727e+00 2.83962508e-01 2.22492428e-01 1.64043088e-02 -6.25471077e-03 7.96077429e+03 6.41640032e+01
5.13906741e-02 1.00432388e+00 2.82241169e-01 2.20467181e-01 1.59324293e-02 -6.27011483e-03 7.99152292e+03 6.41676207e+01
5.15906472e-02 1.00438025e+00 2.80539480e-01 2.18450635e-01 1.54726286e-02 -6.28490109e-03 8.02261980e+03 6.41712223e+01
5.17912761e-02 1.00443588e+00 2.78872107e-01 2.16458306e-01 1.50284128e-02 -6.29972715e-03 8.05381865e+03 6.41747764e+01
5.19924591e-02 1.00449149e+00 2.77220425e-01 2.14490561e-01 1.45947262e-02 -6.31500170e-03 8.08510368e+03 6.41783293e+01
5.21999854e-02 1.00454901e+00 2.75528597e-01 2.12491839e-01 1.41573492e-02 -6.33101522e-03 8.11737513e+03 6.41820049e+01
5.24238317e-02 1.00461061e+00 2.73732960e-01 2.10370861e-01 1.37008057e-02 -6.34821813e-03 8.15218442e+03 6.41859407e+01
5.26715175e-02 1.00467779e+00 2.71792184e-01 2.08065458e-01 1.32161137e-02 -6.36684403e-03 8.19070087e+03 6.41902327e+01
5.29454664e-02 1.00475130e+00 2.69690989e-01 2.05565122e-01 1.27015209e-02 -6.38670748e-03 8.23330138e+03 6.41949299e+01
5.32466811e-02 1.00483156e+00 2.67425066e-01 2.02874332e-01 1.21585087e-02 -6.40775326e-03 8.28014187e+03 6.42000578e+01
5.35779639e-02 1.00491892e+00 2.64988824e-01 1.99983347e-01 1.15886643e-02 -6.43041141e-03 8.33165811e+03 6.42056392e+01
5.39430855e-02 1.00501385e+00 2.62373654e-01 1.96877234e-01 1.09932378e-02 -6.45516904e-03 8.38843645e+03 6.42117050e+01
5.43454049e-02 1.00511703e+00 2.59571253e-01 1.93548635e-01 1.03739629e-02 -6.48215082e-03 8.45099926e+03 6.42182973e+01
5.47883700e-02 1.00522921e+00 2.56576273e-01 1.89993638e-01 9.73379480e-03 -6.51125645e-03 8.51988268e+03 6.42254649e+01
5.52761777e-02 1.00535115e+00 2.53386353e-01 1.86206761e-01 9.07701419e-03 -6.54238153e-03 8.59573938e+03 6.42332562e+01
5.58135070e-02 1.00548349e+00 2.49999869e-01 1.82183748e-01 8.40855812e-03 -6.57533004e-03 8.67929693e+03 6.42417115e+01
5.64053153e-02 1.00562669e+00 2.46413719e-01 1.77924135e-01 7.73313622e-03 -6.60965224e-03 8.77132628e+03 6.42508612e+01
5.70570794e-02 1.00578122e+00 2.42624345e-01 1.73430012e-01 7.05542076e-03 -6.64477823e-03 8.87267906e+03 6.42607346e+01
5.77749160e-02 1.00594781e+00 2.38631932e-01 1.68706408e-01 6.38108435e-03 -6.68032753e-03 8.98430646e+03 6.42713781e+01
5.85655312e-02 1.00612752e+00 2.34441220e-01 1.63761650e-01 5.71729379e-03 -6.71623746e-03 9.10725132e+03 6.42828604e+01
5.94362812e-02 1.00632165e+00 2.30059268e-01 1.58607542e-01 5.07249070e-03 -6.75251685e-03 9.24265757e+03 6.42952641e+01
6.03952907e-02 1.00653158e+00 2.25494221e-01 1.53260182e-01 4.45543347e-03 -6.78887149e-03 9.39178864e+03 6.43086766e+01
6.14515131e-02 1.00675872e+00 2.20755385e-01 1.47739897e-01 3.87469177e-03 -6.82456790e-03 9.55603684e+03 6.43231892e+01
6.26147967e-02 1.00700470e+00 2.15853676e-01 1.42071642e-01 3.33813777e-03 -6.85847157e-03 9.73693363e+03 6.43389053e+01
6.38959901e-02 1.00727153e+00 2.10801693e-01 1.36285138e-01 2.85303967e-03 -6.88919759e-03 9.93616600e+03 6.43559543e+01
6.53070450e-02 1.00756192e+00 2.05613250e-01 1.30414609e-01 2.42588286e-03 -6.91526184e-03 1.01555925e+04 6.43745075e+01
6.68611216e-02 1.00787941e+00 2.00302627e-01 1.24498629e-01 2.06218672e-03 -6.93510468e-03 1.03972597e+04 6.43947927e+01
6.85727120e-02 1.00822865e+00 1.94883881e-01 1.18579971e-01 1.76556142e-03 -6.94700464e-03 1.06634211e+04 6.44171066e+01
7.04577781e-02 1.00861559e+00 1.89370391e-01 1.12705400e-01 1.53636385e-03 -6.94897910e-03 1.09565589e+04 6.44418288e+01
7.25338979e-02 1.00904768e+00 1.83774539e-01 1.06925503e-01 1.37029753e-03 -6.93874887e-03 1.12794066e+04 6.44694358e+01
7.48204292e-02 1.00953410e+00 1.78107349e-01 1.01294440e-01 1.25793342e-03 -6.91377273e-03 1.16349743e+04 6.45005141e+01
7.73386913e-02 1.01008582e+00 1.72378012e-01 9.58696125e-02 1.18627440e-03 -6.87130776e-03 1.20265775e+04 6.45357647e+01
