VARIABLES="Y/c","U","Urms/utau","Vrms/utau","Wrms/utau","<uv>/utau^2","y+",u"+"
0.00000000e+00 0.00000000e+00 0.00000000e+00 0.00000000e+00 0.00000000e+00 0.00000000e+00 0.00000000e+00 0.00000000e+00
3.67380161e-06 1.44972267e-02 4.44784878e-01 1.00200751e-02 3.53938360e-01 -7.73333746e-04 7.25506711e-01 7.28488846e-01
7.49211381e-06 2.96810405e-02 8.96651883e-01 3.26375494e-02 6.66954537e-01 -6.54213685e-03 1.47955154e+00 1.49148008e+00
1.14605213e-05 4.54329802e-02 1.34843547e+00 6.64936361e-02 9.44463740e-01 -2.30709451e-02 2.26323738e+00 2.28302450e+00
1.55848167e-05 6.15798717e-02 1.78817818e+00 1.08714290e-01 1.19017141e+00 -5.49297851e-02 3.07770814e+00 3.09442280e+00
1.98710073e-05 7.78522312e-02 2.19977659e+00 1.57128884e-01 1.40746457e+00 -1.03783480e-01 3.92415016e+00 3.91213478e+00
2.43253227e-05 9.39488584e-02 2.57040242e+00 2.09928361e-01 1.59942357e+00 -1.68018985e-01 4.80379365e+00 4.72102423e+00
2.89542218e-05 1.09588139e-01 2.89301255e+00 2.65787517e-01 1.76902575e+00 -2.43926863e-01 5.71791416e+00 5.50693794e+00
3.37644011e-05 1.24535164e-01 3.16578252e+00 3.23601060e-01 1.91894113e+00 -3.26823411e-01 6.66783407e+00 6.25806887e+00
3.87628017e-05 1.38622456e-01 3.39094601e+00 3.82574524e-01 2.05157163e+00 -4.12356831e-01 7.65492417e+00 6.96599864e+00
4.39566181e-05 1.51748589e-01 3.57303992e+00 4.42044484e-01 2.16899614e+00 -4.96927323e-01 8.68060520e+00 7.62562834e+00
4.93533057e-05 1.63870719e-01 3.71765322e+00 5.01521615e-01 2.27301360e+00 -5.78011459e-01 9.74634950e+00 8.23480364e+00
5.49605900e-05 1.74991959e-01 3.83054481e+00 5.60600951e-01 2.36518752e+00 -6.54023360e-01 1.08536827e+01 8.79368000e+00
6.07864741e-05 1.85148520e-01 3.91714641e+00 6.18963947e-01 2.44689132e+00 -7.24176223e-01 1.20041852e+01 9.30407669e+00
6.68392483e-05 1.94398227e-01 3.98231119e+00 6.76356889e-01 2.51934348e+00 -7.88253328e-01 1.31994942e+01 9.76889940e+00
7.31274987e-05 2.02811266e-01 4.03022495e+00 7.32565006e-01 2.58362622e+00 -8.46407225e-01 1.44413054e+01 1.01916752e+01
7.96601159e-05 2.10463304e-01 4.06441726e+00 7.87431231e-01 2.64069880e+00 -8.99038833e-01 1.57313744e+01 1.05762068e+01
8.64463049e-05 2.17430545e-01 4.08782562e+00 8.40812573e-01 2.69140740e+00 -9.46666990e-01 1.70715191e+01 1.09263238e+01
9.34955936e-05 2.23786355e-01 4.10286594e+00 8.92614692e-01 2.73649129e+00 -9.89898442e-01 1.84636210e+01 1.12457133e+01
1.00817843e-04 2.29599151e-01 4.11150115e+00 9.42746393e-01 2.77658537e+00 -1.02931987e+00 1.99096275e+01 1.15378139e+01
1.08423257e-04 2.34931370e-01 4.11531978e+00 9.91161282e-01 2.81223330e+00 -1.06549429e+00 2.14115537e+01 1.18057634e+01
1.16322390e-04 2.39839150e-01 4.11561430e+00 1.03781974e+00 2.84391007e+00 -1.09889426e+00 2.29714838e+01 1.20523832e+01
1.24526159e-04 2.44372500e-01 4.11343066e+00 1.08272713e+00 2.87203694e+00 -1.12993939e+00 2.45915740e+01 1.22801865e+01
1.33045855e-04 2.48575858e-01 4.10958796e+00 1.12590173e+00 2.89698014e+00 -1.15896659e+00 2.62740536e+01 1.24914068e+01
1.41893146e-04 2.52488696e-01 4.10470097e+00 1.16739517e+00 2.91904769e+00 -1.18628839e+00 2.80212272e+01 1.26880277e+01
1.51080096e-04 2.56145757e-01 4.09924167e+00 1.20726030e+00 2.93850845e+00 -1.21219397e+00 2.98354769e+01 1.28717953e+01
1.60619167e-04 2.59577298e-01 4.09358151e+00 1.24555975e+00 2.95563432e+00 -1.23695521e+00 3.17192641e+01 1.30442301e+01
1.70523236e-04 2.62809900e-01 4.08801025e+00 1.28234410e+00 2.97072533e+00 -1.26077510e+00 3.36751314e+01 1.32066681e+01
1.80805597e-04 2.65867345e-01 4.08278253e+00 1.31766258e+00 2.98408167e+00 -1.28382931e+00 3.57057043e+01 1.33603042e+01
1.91479979e-04 2.68770724e-01 4.07813236e+00 1.35156322e+00 2.99596038e+00 -1.30631525e+00 3.78136940e+01 1.35061983e+01
2.02560550e-04 2.71538202e-01 4.07419096e+00 1.38410771e+00 3.00656971e+00 -1.32846123e+00 4.00018983e+01 1.36452635e+01
2.14061928e-04 2.74185186e-01 4.07092738e+00 1.41536874e+00 3.01612048e+00 -1.35048767e+00 4.22732042e+01 1.37782739e+01
2.25999192e-04 2.76724921e-01 4.06824303e+00 1.44542438e+00 3.02487713e+00 -1.37257383e+00 4.46305891e+01 1.39058952e+01
2.38387887e-04 2.79169177e-01 4.06610002e+00 1.47435610e+00 3.03311658e+00 -1.39486623e+00 4.70771234e+01 1.40287187e+01
2.51244039e-04 2.81528937e-01 4.06456708e+00 1.50225742e+00 3.04103173e+00 -1.41748164e+00 4.96159716e+01 1.41472965e+01
2.64584158e-04 2.83815062e-01 4.06372172e+00 1.52923697e+00 3.04868964e+00 -1.44044999e+00 5.22503942e+01 1.42621744e+01
2.78425249e-04 2.86038481e-01 4.06357974e+00 1.55540500e+00 3.05605001e+00 -1.46373014e+00 5.49837492e+01 1.43739014e+01
2.92784817e-04 2.88209354e-01 4.06418211e+00 1.58085744e+00 3.06302318e+00 -1.48734812e+00 5.78194938e+01 1.44829882e+01
3.07680878e-04 2.90335819e-01 4.06561354e+00 1.60566280e+00 3.06954474e+00 -1.51146070e+00 6.07611856e+01 1.45898437e+01
3.23131962e-04 2.92423585e-01 4.06791759e+00 1.62985785e+00 3.07558297e+00 -1.53622583e+00 6.38124841e+01 1.46947549e+01
3.39157126e-04 2.94476308e-01 4.07104784e+00 1.65346045e+00 3.08113602e+00 -1.56169111e+00 6.69771525e+01 1.47979054e+01
3.55775963e-04 2.96496315e-01 4.07496039e+00 1.67649788e+00 3.08631608e+00 -1.58786662e+00 7.02590602e+01 1.48994122e+01
3.73008600e-04 2.98486924e-01 4.07976338e+00 1.69902864e+00 3.09128128e+00 -1.61470558e+00 7.36621819e+01 1.49994420e+01
3.90875706e-04 3.00455595e-01 4.08567590e+00 1.72114137e+00 3.09604548e+00 -1.64200367e+00 7.71905992e+01 1.50983696e+01
4.09398486e-04 3.02412683e-01 4.09288439e+00 1.74292095e+00 3.10044533e+00 -1.66961605e+00 8.08484999e+01 1.51967154e+01
4.28598693e-04 3.04365547e-01 4.10134663e+00 1.76442092e+00 3.10441585e+00 -1.69768774e+00 8.46401794e+01 1.52948491e+01
4.48498619e-04 3.06316211e-01 4.11070848e+00 1.78567244e+00 3.10818260e+00 -1.72638320e+00 8.85700405e+01 1.53928725e+01
4.69121102e-04 3.08264963e-01 4.12066314e+00 1.80670201e+00 3.11201953e+00 -1.75558584e+00 9.26425930e+01 1.54908001e+01
4.90489521e-04 3.10212764e-01 4.13109922e+00 1.82751542e+00 3.11597643e+00 -1.78511403e+00 9.68624539e+01 1.55886799e+01
5.12627794e-04 3.12160548e-01 4.14192529e+00 1.84809409e+00 3.11997053e+00 -1.81502256e+00 1.01234346e+02 1.56865590e+01
5.35560371e-04 3.14110223e-01 4.15293123e+00 1.86843311e+00 3.12394601e+00 -1.84545263e+00 1.05763099e+02 1.57845331e+01
5.59312227e-04 3.16065881e-01 4.16400804e+00 1.88852501e+00 3.12776272e+00 -1.87648222e+00 1.10453644e+02 1.58828079e+01
5.83908859e-04 3.18030450e-01 4.17533155e+00 1.90831376e+00 3.13133694e+00 -1.90820468e+00 1.15311016e+02 1.59815303e+01
6.09376271e-04 3.20002563e-01 4.18701976e+00 1.92774486e+00 3.13485185e+00 -1.94071464e+00 1.20340351e+02 1.60806319e+01
6.35740962e-04 3.21980439e-01 4.19903469e+00 1.94689662e+00 3.13840224e+00 -1.97405383e+00 1.25546881e+02 1.61800233e+01
6.63029905e-04 3.23966859e-01 4.21134481e+00 1.96600454e+00 3.14181607e+00 -2.00825945e+00 1.30935934e+02 1.62798440e+01
6.91270552e-04 3.25966135e-01 4.22396568e+00 1.98531231e+00 3.14504355e+00 -2.04357764e+00 1.36512930e+02 1.63803109e+01
7.20490845e-04 3.27977946e-01 4.23692562e+00 2.00490253e+00 3.14834079e+00 -2.08043870e+00 1.42283389e+02 1.64814077e+01
7.50719212e-04 3.29999363e-01 4.25036113e+00 2.02469621e+00 3.15189058e+00 -2.11897094e+00 1.48252923e+02 1.65829872e+01
7.81984523e-04 3.32031933e-01 4.26416936e+00 2.04458879e+00 3.15548627e+00 -2.15897328e+00 1.54427233e+02 1.66851274e+01
8.14316046e-04 3.34079836e-01 4.27792705e+00 2.06455095e+00 3.15881103e+00 -2.20039854e+00 1.60812101e+02 1.67880380e+01
8.47743413e-04 3.36141367e-01 4.29138535e+00 2.08463057e+00 3.16192896e+00 -2.24308769e+00 1.67413377e+02 1.68916332e+01
8.82296604e-04 3.38210682e-01 4.30469347e+00 2.10484269e+00 3.16499894e+00 -2.28619845e+00 1.74236982e+02 1.69956194e+01
9.18005916e-04 3.40287584e-01 4.31825971e+00 2.12507282e+00 3.16814919e+00 -2.32882788e+00 1.81288900e+02 1.70999869e+01
9.54901905e-04 3.42377465e-01 4.33225209e+00 2.14514710e+00 3.17169115e+00 -2.37081555e+00 1.88575164e+02 1.72050069e+01
9.93015358e-04 3.44483080e-01 4.34660425e+00 2.16502126e+00 3.17575982e+00 -2.41250489e+00 1.96101854e+02 1.73108179e+01
1.03237728e-03 3.46604329e-01 4.36127856e+00 2.18487176e+00 3.18008737e+00 -2.45432216e+00 2.03875093e+02 1.74174146e+01
1.07301884e-03 3.48746098e-01 4.37609724e+00 2.20497124e+00 3.18417707e+00 -2.49648178e+00 2.11901035e+02 1.75250429e+01
1.11497116e-03 3.50918879e-01 4.39068329e+00 2.22544557e+00 3.18795801e+00 -2.53912523e+00 2.20185831e+02 1.76342299e+01
1.15826516e-03 3.53127792e-01 4.40485647e+00 2.24622157e+00 3.19208712e+00 -2.58234542e+00 2.28735581e+02 1.77452328e+01
1.20293142e-03 3.55365964e-01 4.41845082e+00 2.26718581e+00 3.19742978e+00 -2.62579985e+00 2.37556328e+02 1.78577058e+01
1.24900030e-03 3.57622977e-01 4.43110413e+00 2.28828686e+00 3.20393440e+00 -2.66909839e+00 2.46654063e+02 1.79711253e+01
1.29650186e-03 3.59894742e-01 4.44298714e+00 2.30947510e+00 3.21077198e+00 -2.71297296e+00 2.56034729e+02 1.80852860e+01
1.34546586e-03 3.62181536e-01 4.45460644e+00 2.33060830e+00 3.21771157e+00 -2.75919568e+00 2.65704198e+02 1.82002020e+01
1.39592158e-03 3.64483562e-01 4.46623049e+00 2.35158333e+00 3.22525095e+00 -2.80916464e+00 2.75668253e+02 1.83158837e+01
1.44789775e-03 3.66803852e-01 4.47868965e+00 2.37251339e+00 3.23367703e+00 -2.86269531e+00 2.85932570e+02 1.84324834e+01
1.50142247e-03 3.69150100e-01 4.49292937e+00 2.39358049e+00 3.24230747e+00 -2.91835682e+00 2.96502695e+02 1.85503874e+01
1.55652310e-03 3.71527938e-01 4.50865235e+00 2.41483660e+00 3.25051446e+00 -2.97512242e+00 3.07384032e+02 1.86698787e+01
1.61322623e-03 3.73934603e-01 4.52508866e+00 2.43612800e+00 3.25806393e+00 -3.03353978e+00 3.18581835e+02 1.87908190e+01
1.67155754e-03 3.76363901e-01 4.54193505e+00 2.45729947e+00 3.26519943e+00 -3.09512517e+00 3.30101171e+02 1.89128971e+01
1.73154165e-03 3.78816388e-01 4.55897065e+00 2.47868005e+00 3.27251706e+00 -3.16061529e+00 3.41946903e+02 1.90361410e+01
1.79320214e-03 3.81299639e-01 4.57593432e+00 2.50069847e+00 3.28080685e+00 -3.22875871e+00 3.54123691e+02 1.91609308e+01
1.85656127e-03 3.83818421e-01 4.59288766e+00 2.52331615e+00 3.29039616e+00 -3.29748772e+00 3.66635926e+02 1.92875056e+01
1.92163960e-03 3.86368064e-01 4.60984407e+00 2.54609290e+00 3.30094582e+00 -3.36640501e+00 3.79487674e+02 1.94156309e+01
1.98845663e-03 3.88937256e-01 4.62698947e+00 2.56854768e+00 3.31280542e+00 -3.43724513e+00 3.92682780e+02 1.95447386e+01
2.05703038e-03 3.91516957e-01 4.64456306e+00 2.59052059e+00 3.32571520e+00 -3.51124356e+00 4.06224805e+02 1.96743746e+01
2.12737588e-03 3.94107944e-01 4.66228009e+00 2.61213785e+00 3.33794626e+00 -3.58598727e+00 4.20116719e+02 1.98045780e+01
2.19950638e-03 3.96718992e-01 4.67933933e+00 2.63352975e+00 3.34949606e+00 -3.65741969e+00 4.34361136e+02 1.99357898e+01
2.27343493e-03 3.99359655e-01 4.69539381e+00 2.65465284e+00 3.36160581e+00 -3.72418844e+00 4.48960634e+02 2.00684896e+01
2.34916985e-03 4.02039207e-01 4.71100983e+00 2.67537289e+00 3.37403300e+00 -3.78870210e+00 4.63916856e+02 2.02031434e+01
2.42671420e-03 4.04767388e-01 4.72650769e+00 2.69608119e+00 3.38588297e+00 -3.85355461e+00 4.79230406e+02 2.03402410e+01
2.50607580e-03 4.07543102e-01 4.74215562e+00 2.71746493e+00 3.39560964e+00 -3.91994603e+00 4.94902828e+02 2.04797276e+01
2.58726175e-03 4.10342229e-01 4.75893003e+00 2.73936624e+00 3.40366391e+00 -3.98945782e+00 5.10935527e+02 2.06203915e+01
2.67025945e-03 4.13130647e-01 4.77667022e+00 2.76105801e+00 3.41259453e+00 -4.06137070e+00 5.27326011e+02 2.07605177e+01
2.75505701e-03 4.15891593e-01 4.79345830e+00 2.78216340e+00 3.42327674e+00 -4.13168524e+00 5.44071935e+02 2.08992638e+01
2.84167463e-03 4.18631427e-01 4.80849876e+00 2.80282206e+00 3.43499778e+00 -4.19786204e+00 5.61177284e+02 2.10369484e+01
2.93011005e-03 4.21366030e-01 4.82236589e+00 2.82330466e+00 3.44729776e+00 -4.26029971e+00 5.78641616e+02 2.11743692e+01
3.02028759e-03 4.24113661e-01 4.83641923e+00 2.84381746e+00 3.46113607e+00 -4.32205502e+00 5.96449985e+02 2.13124446e+01
3.11218197e-03 4.26891026e-01 4.85224428e+00 2.86438814e+00 3.47664298e+00 -4.38653757e+00 6.14597396e+02 2.14520145e+01
3.20591516e-03 4.29701822e-01 4.87103108e+00 2.88464767e+00 3.49173309e+00 -4.45309162e+00 6.33107938e+02 2.15932648e+01
3.30148031e-03 4.32531458e-01 4.89370753e+00 2.90382785e+00 3.50696225e+00 -4.51826975e+00 6.51980257e+02 2.17354628e+01
3.39837701e-03 4.35356946e-01 4.91781487e+00 2.92171939e+00 3.52210956e+00 -4.58089754e+00 6.71115533e+02 2.18774533e+01
3.49579923e-03 4.38160499e-01 4.94180915e+00 2.93837910e+00 3.53928007e+00 -4.64318447e+00 6.90354589e+02 2.20183423e+01
3.59323763e-03 4.40940873e-01 4.96702809e+00 2.95389973e+00 3.56188213e+00 -4.70620275e+00 7.09596840e+02 2.21580674e+01
3.69068838e-03 4.43715025e-01 4.98268748e+00 2.97080999e+00 3.57412298e+00 -4.76864540e+00 7.28841529e+02 2.22974796e+01
3.78829451e-03 4.46498108e-01 5.00133395e+00 2.98935323e+00 3.59152267e+00 -4.83081246e+00 7.48116905e+02 2.24373396e+01
3.88605324e-03 4.49287038e-01 5.02378563e+00 3.00925296e+00 3.61529590e+00 -4.89463192e+00 7.67422414e+02 2.25774937e+01
3.98390124e-03 4.52078512e-01 5.03841532e+00 3.02970000e+00 3.63047803e+00 -4.95965876e+00 7.86745553e+02 2.27177756e+01
4.08184346e-03 4.54888604e-01 5.05606335e+00 3.04791970e+00 3.65074824e+00 -5.02557333e+00 8.06087300e+02 2.28589944e+01
4.17990726e-03 4.57740078e-01 5.07366380e+00 3.06419577e+00 3.67294082e+00 -5.09364174e+00 8.25453055e+02 2.30022929e+01
4.27808539e-03 4.60641287e-01 5.08882508e+00 3.07911129e+00 3.69490469e+00 -5.15974347e+00 8.44841390e+02 2.31480899e+01
4.37636539e-03 4.63586012e-01 5.10190994e+00 3.09295410e+00 3.71517420e+00 -5.21844976e+00 8.64249841e+02 2.32960731e+01
4.47475171e-03 4.66561363e-01 5.11408732e+00 3.10618240e+00 3.73225405e+00 -5.27218194e+00 8.83679289e+02 2.34455949e+01
4.57324756e-03 4.69549160e-01 5.12727459e+00 3.11954986e+00 3.74780724e+00 -5.32640676e+00 9.03130365e+02 2.35957425e+01
4.67184867e-03 4.72527882e-01 5.14180648e+00 3.13356057e+00 3.76334904e+00 -5.38210101e+00 9.22602230e+02 2.37454348e+01
4.77055339e-03 4.75484427e-01 5.15669902e+00 3.14764208e+00 3.77999419e+00 -5.43866037e+00 9.42094556e+02 2.38940129e+01
4.86936265e-03 4.78433314e-01 5.17110117e+00 3.16060695e+00 3.79885998e+00 -5.49581769e+00 9.61607527e+02 2.40422061e+01
4.96827542e-03 4.81419477e-01 5.18494308e+00 3.17237857e+00 3.82013888e+00 -5.55664419e+00 9.81140938e+02 2.41922720e+01
5.06729020e-03 4.84485118e-01 5.19879436e+00 3.18457448e+00 3.84119111e+00 -5.62779151e+00 1.00069449e+03 2.43463322e+01
5.16640660e-03 4.87629810e-01 5.21399865e+00 3.19856770e+00 3.85937566e+00 -5.70919387e+00 1.02026812e+03 2.45043655e+01
5.26562404e-03 4.90809442e-01 5.22995459e+00 3.21379555e+00 3.87644314e+00 -5.79030863e+00 1.03986170e+03 2.46641540e+01
5.36494154e-03 4.93974902e-01 5.24483252e+00 3.22845026e+00 3.89422526e+00 -5.86290509e+00 1.05947503e+03 2.48232291e+01
5.46435835e-03 4.97112325e-01 5.25831517e+00 3.24141827e+00 3.91190854e+00 -5.92720619e+00 1.07910799e+03 2.49808941e+01
5.56387381e-03 5.00246598e-01 5.26970340e+00 3.25286472e+00 3.92880287e+00 -5.98713128e+00 1.09876042e+03 2.51384004e+01
5.66348710e-03 5.03405075e-01 5.27812706e+00 3.26367635e+00 3.94431431e+00 -6.04715310e+00 1.11843217e+03 2.52971229e+01
5.76319743e-03 5.06583768e-01 5.28516031e+00 3.27472385e+00 3.95973567e+00 -6.11019668e+00 1.13812308e+03 2.54568620e+01
5.86300405e-03 5.09757032e-01 5.29299117e+00 3.28639290e+00 3.97722010e+00 -6.17491510e+00 1.15783301e+03 2.56163295e+01
5.96290620e-03 5.12917881e-01 5.30290896e+00 3.29870777e+00 3.99641054e+00 -6.23668843e+00 1.17756181e+03 2.57751730e+01
6.06290310e-03 5.16096220e-01 5.31407075e+00 3.31163016e+00 4.01576135e+00 -6.29253358e+00 1.19730931e+03 2.59348936e+01
6.16299402e-03 5.19325162e-01 5.32410424e+00 3.32494168e+00 4.03306656e+00 -6.34252557e+00 1.21707539e+03 2.60971559e+01
6.26317820e-03 5.22589182e-01 5.33213387e+00 3.33808871e+00 4.04772469e+00 -6.38914617e+00 1.23685988e+03 2.62611820e+01
6.36345487e-03 5.25822567e-01 5.33984192e+00 3.35015772e+00 4.06066110e+00 -6.43577295e+00 1.25666263e+03 2.64236704e+01
6.46382327e-03 5.28977312e-01 5.34865066e+00 3.36020228e+00 4.07314721e+00 -6.48216465e+00 1.27648350e+03 2.65822074e+01
6.56428264e-03 5.32082425e-01 5.35788147e+00 3.36850407e+00 4.08664804e+00 -6.52798599e+00 1.29632234e+03 2.67382485e+01
6.66483220e-03 5.35211945e-01 5.36694229e+00 3.37648100e+00 4.10118003e+00 -6.57879291e+00 1.31617899e+03 2.68955147e+01
6.76547118e-03 5.38407790e-01 5.37543484e+00 3.38514012e+00 4.11486499e+00 -6.63744515e+00 1.33605329e+03 2.70561133e+01
6.86619881e-03 5.41662288e-01 5.38324972e+00 3.39454317e+00 4.12771904e+00 -6.69922018e+00 1.35594511e+03 2.72196596e+01
6.96701432e-03 5.44956427e-01 5.39110873e+00 3.40415017e+00 4.14147899e+00 -6.75856618e+00 1.37585427e+03 2.73852003e+01
7.06791692e-03 5.48279366e-01 5.39977034e+00 3.41316160e+00 4.15570566e+00 -6.81148906e+00 1.39578064e+03 2.75521905e+01
7.16890586e-03 5.51619005e-01 5.40830517e+00 3.42153839e+00 4.16887792e+00 -6.85639334e+00 1.41572405e+03 2.77200195e+01
7.26998036e-03 5.54962060e-01 5.41406303e+00 3.43008556e+00 4.18096865e+00 -6.89488857e+00 1.43568437e+03 2.78880182e+01
7.37113966e-03 5.58302292e-01 5.41543473e+00 3.43923047e+00 4.19224405e+00 -6.92837071e+00 1.45566142e+03 2.80558740e+01
7.47238298e-03 5.61629737e-01 5.41432198e+00 3.44867529e+00 4.20259206e+00 -6.96001831e+00 1.47565508e+03 2.82230875e+01
7.57370955e-03 5.64923994e-01 5.41462854e+00 3.45724290e+00 4.21324790e+00 -6.98928317e+00 1.49566517e+03 2.83886339e+01
7.67511858e-03 5.68183810e-01 5.41876627e+00 3.46402506e+00 4.22455072e+00 -7.01036358e+00 1.51569154e+03 2.85524505e+01
7.77660929e-03 5.71450161e-01 5.42583793e+00 3.46966489e+00 4.23473637e+00 -7.02463542e+00 1.53573405e+03 2.87165962e+01
7.87818091e-03 5.74777827e-01 5.43282561e+00 3.47504837e+00 4.24268762e+00 -7.03970439e+00 1.55579253e+03 2.88838219e+01
7.97983263e-03 5.78187052e-01 5.43812418e+00 3.48034769e+00 4.24874945e+00 -7.05984031e+00 1.57586684e+03 2.90551450e+01
8.08156368e-03 5.81641116e-01 5.44165271e+00 3.48581464e+00 4.25316795e+00 -7.08215260e+00 1.59595681e+03 2.92287207e+01
8.18337326e-03 5.85063241e-01 5.44324374e+00 3.49127611e+00 4.25538584e+00 -7.10238591e+00 1.61606228e+03 2.94006894e+01
8.28526058e-03 5.88389356e-01 5.44463404e+00 3.49564571e+00 4.25612177e+00 -7.11879274e+00 1.63618311e+03 2.95678315e+01
8.38722484e-03 5.91623993e-01 5.44803584e+00 3.49836866e+00 4.25605230e+00 -7.12930818e+00 1.65631913e+03 2.97303758e+01
8.48926525e-03 5.94836725e-01 5.45285080e+00 3.49993895e+00 4.25648910e+00 -7.13376280e+00 1.67647019e+03 2.98918195e+01
8.59138100e-03 5.98085172e-01 5.45718092e+00 3.50129179e+00 4.25878334e+00 -7.14084719e+00 1.69663614e+03 3.00550598e+01
8.69357131e-03 6.01355046e-01 5.46059523e+00 3.50277448e+00 4.26217599e+00 -7.16148325e+00 1.71681680e+03 3.02193804e+01
8.79583536e-03 6.04601910e-01 5.46314141e+00 3.50393144e+00 4.26625738e+00 -7.19384769e+00 1.73701203e+03 3.03825475e+01
8.89817235e-03 6.07832978e-01 5.46440205e+00 3.50463077e+00 4.27099855e+00 -7.22652502e+00 1.75722166e+03 3.05449203e+01
9.00058148e-03 6.11107113e-01 5.46450210e+00 3.50534530e+00 4.27595197e+00 -7.25430496e+00 1.77744553e+03 3.07094555e+01
9.10306192e-03 6.14459712e-01 5.46518557e+00 3.50672523e+00 4.28083187e+00 -7.28038339e+00 1.79768349e+03 3.08779326e+01
9.20561287e-03 6.17862921e-01 5.46778494e+00 3.50846636e+00 4.28609491e+00 -7.30610769e+00 1.81793538e+03 3.10489526e+01
9.30823351e-03 6.21262057e-01 5.47186033e+00 3.50945694e+00 4.29158299e+00 -7.32871452e+00 1.83820102e+03 3.12197679e+01
9.41092303e-03 6.24625680e-01 5.47628996e+00 3.50945520e+00 4.29590133e+00 -7.34718318e+00 1.85848027e+03 3.13887979e+01
9.51368060e-03 6.27955201e-01 5.47951175e+00 3.50910648e+00 4.29861655e+00 -7.36289009e+00 1.87877296e+03 3.15561124e+01
9.61650540e-03 6.31264330e-01 5.48132932e+00 3.50870567e+00 4.30129878e+00 -7.37748441e+00 1.89907892e+03 3.17224015e+01
9.71939661e-03 6.34560842e-01 5.48287358e+00 3.50810127e+00 4.30518807e+00 -7.39204310e+00 1.91939800e+03 3.18880586e+01
9.82235341e-03 6.37843229e-01 5.48524193e+00 3.50698968e+00 4.30938217e+00 -7.40770251e+00 1.93973003e+03 3.20530084e+01
9.92537496e-03 6.41107569e-01 5.48957657e+00 3.50520667e+00 4.31205929e+00 -7.42619316e+00 1.96007485e+03 3.22170517e+01
1.00284604e-02 6.44357089e-01 5.49491063e+00 3.50362402e+00 4.31358348e+00 -7.44499344e+00 1.98043229e+03 3.23803493e+01
1.01316090e-02 6.47602457e-01 5.49783582e+00 3.50342660e+00 4.31485425e+00 -7.45825472e+00 2.00080219e+03 3.25434373e+01
1.02348198e-02 6.50847290e-01 5.49707101e+00 3.50451029e+00 4.31460835e+00 -7.46509633e+00 2.02118439e+03 3.27064973e+01
1.03380921e-02 6.54080821e-01 5.49400945e+00 3.50588496e+00 4.31099234e+00 -7.46960873e+00 2.04157872e+03 3.28689884e+01
1.04414249e-02 6.57297290e-01 5.49010287e+00 3.50702733e+00 4.30324008e+00 -7.47351758e+00 2.06198501e+03 3.30306227e+01
1.05448175e-02 6.60512128e-01 5.48656965e+00 3.50781242e+00 4.29250990e+00 -7.47524632e+00 2.08240310e+03 3.31921764e+01
1.06482690e-02 6.63742343e-01 5.48291164e+00 3.50817341e+00 4.28226326e+00 -7.47687563e+00 2.10283282e+03 3.33545041e+01
1.07517785e-02 6.66984692e-01 5.47796526e+00 3.50873746e+00 4.27512086e+00 -7.47960883e+00 2.12327401e+03 3.35174427e+01
1.08553453e-02 6.70228256e-01 5.47218160e+00 3.51025944e+00 4.26923776e+00 -7.48224321e+00 2.14372649e+03 3.36804424e+01
1.09589684e-02 6.73471000e-01 5.46689667e+00 3.51224111e+00 4.26276928e+00 -7.48702626e+00 2.16419011e+03 3.38433995e+01
1.10626470e-02 6.76713325e-01 5.46406954e+00 3.51322377e+00 4.25616997e+00 -7.49559958e+00 2.18466469e+03 3.40063350e+01
1.11663803e-02 6.79954833e-01 5.46362919e+00 3.51241563e+00 4.25055730e+00 -7.50452021e+00 2.20515006e+03 3.41692308e+01
1.12701674e-02 6.83207258e-01 5.46309418e+00 3.51049574e+00 4.24603685e+00 -7.50734236e+00 2.22564606e+03 3.43326765e+01
1.13740074e-02 6.86492471e-01 5.46018637e+00 3.50845148e+00 4.24191186e+00 -7.49996251e+00 2.24615251e+03 3.44977700e+01
1.14778996e-02 6.89812199e-01 5.45480921e+00 3.50672869e+00 4.23856669e+00 -7.48602183e+00 2.26666925e+03 3.46645976e+01
1.15818429e-02 6.93133192e-01 5.44900474e+00 3.50535177e+00 4.23565580e+00 -7.47439346e+00 2.28719611e+03 3.48314888e+01
1.16858367e-02 6.96424652e-01 5.44443125e+00 3.50387708e+00 4.23168876e+00 -7.46996573e+00 2.30773292e+03 3.49968970e+01
1.17898799e-02 6.99703145e-01 5.44082749e+00 3.50154300e+00 4.22674882e+00 -7.46995832e+00 2.32827951e+03 3.51616554e+01
1.18939718e-02 7.03017241e-01 5.43758799e+00 3.49827015e+00 4.22220101e+00 -7.46790451e+00 2.34883570e+03 3.53282035e+01
1.19981115e-02 7.06388995e-01 5.43401970e+00 3.49482605e+00 4.22011994e+00 -7.46098015e+00 2.36940133e+03 3.54976482e+01
1.21022981e-02 7.09790646e-01 5.43051973e+00 3.49177589e+00 4.22146944e+00 -7.45139500e+00 2.38997622e+03 3.56685948e+01
1.22065308e-02 7.13183733e-01 5.42794389e+00 3.48887921e+00 4.22413614e+00 -7.44159893e+00 2.41056021e+03 3.58391107e+01
1.23108086e-02 7.16564820e-01 5.42536133e+00 3.48564365e+00 4.22578749e+00 -7.43086267e+00 2.43115312e+03 3.60090234e+01
1.24151307e-02 7.19961809e-01 5.42153921e+00 3.48205596e+00 4.22590103e+00 -7.41603153e+00 2.45175477e+03 3.61797354e+01
1.25194963e-02 7.23396011e-01 5.41649682e+00 3.47796950e+00 4.22467841e+00 -7.39560050e+00 2.47236501e+03 3.63523171e+01
1.26239044e-02 7.26862554e-01 5.41130258e+00 3.47291747e+00 4.22177226e+00 -7.37098780e+00 2.49298364e+03 3.65265236e+01
1.27283541e-02 7.30344292e-01 5.40622761e+00 3.46683131e+00 4.21617731e+00 -7.34495868e+00 2.51361051e+03 3.67014918e+01
1.28328447e-02 7.33827456e-01 5.40074212e+00 3.46009539e+00 4.20860788e+00 -7.32086465e+00 2.53424543e+03 3.68765293e+01
1.29373752e-02 7.37296281e-01 5.39584095e+00 3.45293605e+00 4.20068283e+00 -7.30238128e+00 2.55488824e+03 3.70508461e+01
1.30419447e-02 7.40727085e-01 5.39228227e+00 3.44551752e+00 4.19310913e+00 -7.29042389e+00 2.57553875e+03 3.72232536e+01
1.31465524e-02 7.44103435e-01 5.38857187e+00 3.43824090e+00 4.18528819e+00 -7.27949516e+00 2.59619680e+03 3.73929262e+01
1.32511974e-02 7.47431859e-01 5.38274293e+00 3.43149133e+00 4.17477530e+00 -7.26243698e+00 2.61686221e+03 3.75601916e+01
1.33558787e-02 7.50734659e-01 5.37477493e+00 3.42485413e+00 4.16211873e+00 -7.23694646e+00 2.63753481e+03 3.77261702e+01
1.34605956e-02 7.54033968e-01 5.36605410e+00 3.41749701e+00 4.15039368e+00 -7.20450696e+00 2.65821442e+03 3.78919733e+01
1.35653470e-02 7.57345713e-01 5.35809713e+00 3.40931312e+00 4.14048203e+00 -7.16518519e+00 2.67890086e+03 3.80583992e+01
1.36701322e-02 7.60676674e-01 5.35194459e+00 3.40054903e+00 4.13173140e+00 -7.11706864e+00 2.69959396e+03 3.82257873e+01
1.37749502e-02 7.64018716e-01 5.34730791e+00 3.39106693e+00 4.12386685e+00 -7.06348015e+00 2.72029355e+03 3.83937292e+01
1.38798002e-02 7.67358887e-01 5.34274068e+00 3.38101711e+00 4.11573318e+00 -7.01100942e+00 2.74099945e+03 3.85615772e+01
1.39846812e-02 7.70706878e-01 5.33706060e+00 3.37123960e+00 4.10620119e+00 -6.96102886e+00 2.76171148e+03 3.87298208e+01
1.40895924e-02 7.74092727e-01 5.32823554e+00 3.36211878e+00 4.09400708e+00 -6.91241251e+00 2.78242946e+03 3.88999684e+01
1.41945329e-02 7.77520501e-01 5.31671749e+00 3.35220821e+00 4.08052735e+00 -6.86662893e+00 2.80315323e+03 3.90722212e+01
1.42995017e-02 7.80948725e-01 5.30948895e+00 3.33935698e+00 4.07438847e+00 -6.82207984e+00 2.82388260e+03 3.92444948e+01
1.44044980e-02 7.84337461e-01 5.29443200e+00 3.32618526e+00 4.05989920e+00 -6.78038181e+00 2.84461739e+03 3.94147817e+01
1.45095209e-02 7.87693444e-01 5.28072669e+00 3.31500247e+00 4.04684521e+00 -6.74051197e+00 2.86535744e+03 3.95834211e+01
1.46145695e-02 7.91043582e-01 5.27300700e+00 3.30629096e+00 4.04050620e+00 -6.69915053e+00 2.88610255e+03 3.97517680e+01
1.47196428e-02 7.94406493e-01 5.25770437e+00 3.29948999e+00 4.02519606e+00 -6.65744180e+00 2.90685256e+03 3.99207561e+01
1.48247400e-02 7.97790159e-01 5.24229799e+00 3.29173544e+00 4.01048896e+00 -6.61599973e+00 2.92760729e+03 4.00907868e+01
1.49298603e-02 8.01181184e-01 5.22512994e+00 3.28284470e+00 3.99366413e+00 -6.57591271e+00 2.94836656e+03 4.02611862e+01
1.50350026e-02 8.04553024e-01 5.20468494e+00 3.27287636e+00 3.97333866e+00 -6.53528195e+00 2.96913019e+03 4.04306208e+01
1.51401661e-02 8.07890410e-01 5.18229415e+00 3.26139546e+00 3.95232704e+00 -6.49220586e+00 2.98989800e+03 4.05983243e+01
1.52453498e-02 8.11201575e-01 5.15879275e+00 3.24877366e+00 3.93096786e+00 -6.44822499e+00 3.01066981e+03 4.07647100e+01
1.53505530e-02 8.14504049e-01 5.13628856e+00 3.23544547e+00 3.90922549e+00 -6.40649286e+00 3.03144545e+03 4.09306590e+01
1.54557746e-02 8.17801141e-01 5.11590608e+00 3.22146769e+00 3.88710567e+00 -6.36668281e+00 3.05222474e+03 4.10963397e+01
1.55610138e-02 8.21077591e-01 5.09697528e+00 3.20707449e+00 3.86581862e+00 -6.32798997e+00 3.07300750e+03 4.12609860e+01
1.56662696e-02 8.24323650e-01 5.07751387e+00 3.19284132e+00 3.84536656e+00 -6.28768822e+00 3.09379355e+03 4.14241063e+01
1.57715412e-02 8.27561138e-01 5.05734266e+00 3.17868696e+00 3.82495848e+00 -6.24039471e+00 3.11458271e+03 4.15867949e+01
1.58768277e-02 8.30833905e-01 5.03658950e+00 3.16405633e+00 3.80485160e+00 -6.18486154e+00 3.13537481e+03 4.17512547e+01
1.59821281e-02 8.34166852e-01 5.01340418e+00 3.14919497e+00 3.78453851e+00 -6.12411373e+00 3.15616965e+03 4.19187374e+01
1.60874415e-02 8.37538032e-01 4.98785667e+00 3.13476451e+00 3.76252790e+00 -6.06178646e+00 3.17696708e+03 4.20881404e+01
1.61927671e-02 8.40895571e-01 4.96183205e+00 3.12083894e+00 3.73826000e+00 -6.00087986e+00 3.19776689e+03 4.22568571e+01
1.62981038e-02 8.44205039e-01 4.93680861e+00 3.10738611e+00 3.71296427e+00 -5.94333601e+00 3.21856893e+03 4.24231578e+01
1.64034509e-02 8.47478160e-01 4.91341437e+00 3.09423005e+00 3.68856217e+00 -5.88736686e+00 3.23937300e+03 4.25876317e+01
1.65088074e-02 8.50749822e-01 4.89062365e+00 3.08037881e+00 3.66702593e+00 -5.82871686e+00 3.26017892e+03 4.27520311e+01
1.66141724e-02 8.54032387e-01 4.86732076e+00 3.06527300e+00 3.64800120e+00 -5.76497681e+00 3.28098653e+03 4.29169761e+01
1.67195450e-02 8.57306180e-01 4.84341048e+00 3.04952403e+00 3.62810207e+00 -5.69550173e+00 3.30179563e+03 4.30814786e+01
1.68249243e-02 8.60552434e-01 4.81980515e+00 3.03366106e+00 3.60530777e+00 -5.62309253e+00 3.32260605e+03 4.32445968e+01
1.69303093e-02 8.63779276e-01 4.79729998e+00 3.01764966e+00 3.58045930e+00 -5.55276419e+00 3.34341761e+03 4.34067396e+01
1.70356992e-02 8.67008676e-01 4.77480785e+00 3.00117656e+00 3.55502053e+00 -5.48706321e+00 3.36423013e+03 4.35690103e+01
1.71410930e-02 8.70243734e-01 4.75144207e+00 2.98390357e+00 3.52926530e+00 -5.42725404e+00 3.38504343e+03 4.37315643e+01
1.72464899e-02 8.73463509e-01 4.72777218e+00 2.96637278e+00 3.50206783e+00 -5.37219330e+00 3.40585733e+03 4.38933503e+01
1.73518888e-02 8.76657716e-01 4.70301786e+00 2.94947625e+00 3.47367785e+00 -5.31755487e+00 3.42667164e+03 4.40538537e+01
1.74572890e-02 8.79848604e-01 4.67597820e+00 2.93289568e+00 3.44673647e+00 -5.25820749e+00 3.44748620e+03 4.42141918e+01
1.75626895e-02 8.83060618e-01 4.64764402e+00 2.91560233e+00 3.42198364e+00 -5.19170168e+00 3.46830081e+03 4.43755896e+01
1.76680894e-02 8.86280259e-01 4.61917979e+00 2.89743815e+00 3.39781973e+00 -5.12219262e+00 3.48911531e+03 4.45373672e+01
1.77734878e-02 8.89466363e-01 4.59068318e+00 2.87890004e+00 3.37335732e+00 -5.05401774e+00 3.50992951e+03 4.46974576e+01
1.78788838e-02 8.92595360e-01 4.56165377e+00 2.86001832e+00 3.34824112e+00 -4.98658887e+00 3.53074322e+03 4.48546784e+01
1.79842764e-02 8.95679583e-01 4.53096855e+00 2.84068573e+00 3.32187404e+00 -4.91896077e+00 3.55155628e+03 4.50096503e+01
1.80896647e-02 8.98747531e-01 4.49671598e+00 2.82138674e+00 3.29413354e+00 -4.85180022e+00 3.57236850e+03 4.51638043e+01
1.81950479e-02 9.01824297e-01 4.45838136e+00 2.80256190e+00 3.26623562e+00 -4.78415457e+00 3.59317969e+03 4.53183994e+01
1.83004250e-02 9.04925486e-01 4.41748672e+00 2.78421053e+00 3.23811387e+00 -4.71360109e+00 3.61398969e+03 4.54742198e+01
1.84057952e-02 9.08050215e-01 4.37531429e+00 2.76621955e+00 3.20760115e+00 -4.63812708e+00 3.63479832e+03 4.56312221e+01
1.85111574e-02 9.11177203e-01 4.33266134e+00 2.74821767e+00 3.17542812e+00 -4.55693696e+00 3.65560538e+03 4.57883379e+01
1.86165109e-02 9.14278955e-01 4.28998307e+00 2.72954679e+00 3.14422569e+00 -4.47055998e+00 3.67641071e+03 4.59441869e+01
1.87218546e-02 9.17341376e-01 4.24797618e+00 2.70989819e+00 3.11534381e+00 -4.38016386e+00 3.69721411e+03 4.60980601e+01
1.88271878e-02 9.20362207e-01 4.20813382e+00 2.68937959e+00 3.08849648e+00 -4.28830227e+00 3.71801543e+03 4.62498424e+01
1.89325094e-02 9.23335950e-01 4.17032063e+00 2.66837399e+00 3.06069960e+00 -4.20002782e+00 3.73881446e+03 4.63992579e+01
1.90378185e-02 9.26255669e-01 4.13299384e+00 2.64756339e+00 3.02972641e+00 -4.11636425e+00 3.75961104e+03 4.65459584e+01
1.91431144e-02 9.29128718e-01 4.09523660e+00 2.62733177e+00 2.99665222e+00 -4.03202536e+00 3.78040499e+03 4.66903134e+01
1.92483960e-02 9.31974813e-01 4.05651161e+00 2.60709089e+00 2.96324522e+00 -3.94416234e+00 3.80119612e+03 4.68333129e+01
1.93536624e-02 9.34804570e-01 4.01711946e+00 2.58582916e+00 2.93023925e+00 -3.85594328e+00 3.82198426e+03 4.69754894e+01
1.94589128e-02 9.37611015e-01 3.97749710e+00 2.56373281e+00 2.89715800e+00 -3.76990781e+00 3.84276923e+03 4.71164920e+01
1.95641462e-02 9.40383850e-01 3.93704640e+00 2.54179036e+00 2.86295571e+00 -3.68491987e+00 3.86355085e+03 4.72558041e+01
1.96693617e-02 9.43122620e-01 3.89482849e+00 2.52002779e+00 2.82734190e+00 -3.59957974e+00 3.88432894e+03 4.73934033e+01
1.97745585e-02 9.45836466e-01 3.85015553e+00 2.49806805e+00 2.79054587e+00 -3.51399675e+00 3.90510332e+03 4.75297491e+01
1.98797355e-02 9.48537524e-01 3.80314747e+00 2.47610480e+00 2.75295491e+00 -3.42882166e+00 3.92587381e+03 4.76654517e+01
1.99848920e-02 9.51233276e-01 3.75477672e+00 2.45442374e+00 2.71552644e+00 -3.34412549e+00 3.94664024e+03 4.78008861e+01
2.00900270e-02 9.53922673e-01 3.70529762e+00 2.43293218e+00 2.67861773e+00 -3.25946661e+00 3.96740243e+03 4.79359987e+01
2.01951397e-02 9.56597753e-01 3.65449381e+00 2.41142601e+00 2.64158623e+00 -3.17392530e+00 3.98816020e+03 4.80703897e+01
2.03002290e-02 9.59244106e-01 3.60354096e+00 2.38979152e+00 2.60423666e+00 -3.08656617e+00 4.00891336e+03 4.82033355e+01
2.04052942e-02 9.61842306e-01 3.55351871e+00 2.36814176e+00 2.56620761e+00 -2.99757347e+00 4.02966176e+03 4.83338612e+01
2.05103343e-02 9.64380323e-01 3.50435716e+00 2.34647301e+00 2.52684346e+00 -2.90845834e+00 4.05040520e+03 4.84613633e+01
2.06153483e-02 9.66867827e-01 3.45522353e+00 2.32427523e+00 2.48693019e+00 -2.82071453e+00 4.07114350e+03 4.85863274e+01
2.07203355e-02 9.69328747e-01 3.40494548e+00 2.30128113e+00 2.44808972e+00 -2.73443865e+00 4.09187650e+03 4.87099537e+01
2.08252950e-02 9.71772439e-01 3.35279746e+00 2.27759288e+00 2.41037862e+00 -2.64910209e+00 4.11260402e+03 4.88327119e+01
2.09302257e-02 9.74177552e-01 3.29920799e+00 2.25307637e+00 2.37239967e+00 -2.56465054e+00 4.13332587e+03 4.89535316e+01
2.10351269e-02 9.76512490e-01 3.24551888e+00 2.22771717e+00 2.33352850e+00 -2.48141897e+00 4.15404188e+03 4.90708274e+01
2.11399977e-02 9.78768706e-01 3.19234512e+00 2.20198008e+00 2.29347235e+00 -2.39982449e+00 4.17475188e+03 4.91841695e+01
2.12448370e-02 9.80965362e-01 3.13893082e+00 2.17627927e+00 2.25250930e+00 -2.32060053e+00 4.19545568e+03 4.92945192e+01
2.13496442e-02 9.83123666e-01 3.08474638e+00 2.15044449e+00 2.21272776e+00 -2.24541228e+00 4.21615312e+03 4.94029407e+01
2.14544182e-02 9.85249213e-01 3.03003841e+00 2.12412900e+00 2.17514503e+00 -2.17447678e+00 4.23684401e+03 4.95097157e+01
2.15591582e-02 9.87341828e-01 2.97459625e+00 2.09753483e+00 2.13726472e+00 -2.10494067e+00 4.25752819e+03 4.96148354e+01
2.16638632e-02 9.89406523e-01 2.91777797e+00 2.07098787e+00 2.09717454e+00 -2.03417488e+00 4.27820547e+03 4.97185506e+01
2.17685325e-02 9.91443614e-01 2.86011931e+00 2.04421407e+00 2.05546222e+00 -1.96252377e+00 4.29887568e+03 4.98208769e+01
2.18731651e-02 9.93438514e-01 2.80265479e+00 2.01689813e+00 2.01289990e+00 -1.89238299e+00 4.31953865e+03 4.99210823e+01
2.19777601e-02 9.95373156e-01 2.74552991e+00 1.98905664e+00 1.97044838e+00 -1.82515857e+00 4.34019419e+03 5.00182604e+01
2.20823166e-02 9.97243013e-01 2.68905708e+00 1.96095904e+00 1.92880910e+00 -1.75959419e+00 4.36084215e+03 5.01121835e+01
2.21868339e-02 9.99056167e-01 2.63365680e+00 1.93307396e+00 1.88734931e+00 -1.69413087e+00 4.38148233e+03 5.02032569e+01
2.22913109e-02 1.00082014e+00 2.57897822e+00 1.90567325e+00 1.84579933e+00 -1.62875222e+00 4.40211458e+03 5.02918590e+01
2.23957468e-02 1.00253476e+00 2.52454167e+00 1.87862088e+00 1.80510164e+00 -1.56420950e+00 4.42273871e+03 5.03779808e+01
2.25001408e-02 1.00419437e+00 2.47029024e+00 1.85135165e+00 1.76628284e+00 -1.50126084e+00 4.44335455e+03 5.04613391e+01
2.26044919e-02 1.00579296e+00 2.41614884e+00 1.82355914e+00 1.72934926e+00 -1.44033136e+00 4.46396193e+03 5.05416327e+01
2.27087993e-02 1.00732839e+00 2.36193282e+00 1.79567378e+00 1.69262039e+00 -1.38176501e+00 4.48456068e+03 5.06187531e+01
2.28130621e-02 1.00880451e+00 2.30731071e+00 1.76815187e+00 1.65430481e+00 -1.32558257e+00 4.50515062e+03 5.06928931e+01
2.29172794e-02 1.01022987e+00 2.25203027e+00 1.74097368e+00 1.61452387e+00 -1.27056165e+00 4.52573158e+03 5.07644824e+01
2.30214504e-02 1.01161263e+00 2.19679904e+00 1.71391018e+00 1.57417408e+00 -1.21530666e+00 4.54630339e+03 5.08339306e+01
2.31255742e-02 1.01295563e+00 2.14254080e+00 1.68683085e+00 1.53367856e+00 -1.16043957e+00 4.56686588e+03 5.09013817e+01
2.32296499e-02 1.01425786e+00 2.08929506e+00 1.65979366e+00 1.49319958e+00 -1.10775627e+00 4.58741888e+03 5.09667836e+01
2.33336767e-02 1.01551934e+00 2.03649082e+00 1.63295462e+00 1.45304050e+00 -1.05793799e+00 4.60796221e+03 5.10301380e+01
2.34376537e-02 1.01674049e+00 1.98348893e+00 1.60627505e+00 1.41440967e+00 -1.01103440e+00 4.62849571e+03 5.10914668e+01
2.35415800e-02 1.01791745e+00 1.93061972e+00 1.57950444e+00 1.37824290e+00 -9.66899708e-01 4.64901920e+03 5.11505759e+01
2.36454548e-02 1.01904427e+00 1.87875335e+00 1.55273306e+00 1.34330247e+00 -9.24318804e-01 4.66953252e+03 5.12071659e+01
2.37492772e-02 1.02011987e+00 1.82813440e+00 1.52629516e+00 1.30778955e+00 -8.81639036e-01 4.69003550e+03 5.12611838e+01
2.38530464e-02 1.02114775e+00 1.77871154e+00 1.50002037e+00 1.27138053e+00 -8.38390995e-01 4.71052796e+03 5.13128052e+01
2.39567615e-02 1.02213043e+00 1.72974958e+00 1.47344868e+00 1.23526997e+00 -7.95784908e-01 4.73100974e+03 5.13621559e+01
2.40604216e-02 1.02307028e+00 1.68032989e+00 1.44678468e+00 1.20045273e+00 -7.54590352e-01 4.75148067e+03 5.14093559e+01
2.41640259e-02 1.02397376e+00 1.62975878e+00 1.42076035e+00 1.16692688e+00 -7.14088153e-01 4.77194058e+03 5.14547284e+01
2.42675736e-02 1.02484701e+00 1.57786102e+00 1.39575890e+00 1.13403688e+00 -6.73269982e-01 4.79238930e+03 5.14985813e+01
2.43710638e-02 1.02568632e+00 1.52672987e+00 1.37141566e+00 1.10098337e+00 -6.32299720e-01 4.81282667e+03 5.15407294e+01
2.44744957e-02 1.02647896e+00 1.47917437e+00 1.34700094e+00 1.06799087e+00 -5.92896760e-01 4.83325252e+03 5.15805351e+01
2.45778684e-02 1.02721696e+00 1.43530044e+00 1.32223476e+00 1.03611060e+00 -5.56575961e-01 4.85366668e+03 5.16175977e+01
2.46811811e-02 1.02790660e+00 1.39314954e+00 1.29747704e+00 1.00555375e+00 -5.22983458e-01 4.87406898e+03 5.16522315e+01
2.47844329e-02 1.02856130e+00 1.35148734e+00 1.27307643e+00 9.75343107e-01 -4.90947138e-01 4.89445927e+03 5.16851106e+01
2.48876230e-02 1.02918862e+00 1.31009843e+00 1.24899346e+00 9.45004638e-01 -4.59837421e-01 4.91483737e+03 5.17166137e+01
2.49907505e-02 1.02978736e+00 1.26951720e+00 1.22519304e+00 9.15380637e-01 -4.29386696e-01 4.93520313e+03 5.17466822e+01
2.50938147e-02 1.03035353e+00 1.23032302e+00 1.20186215e+00 8.86697781e-01 -3.99897526e-01 4.95555636e+03 5.17751158e+01
2.51968147e-02 1.03088414e+00 1.19263874e+00 1.17897468e+00 8.58393914e-01 -3.72081510e-01 4.97589692e+03 5.18017635e+01
2.52997496e-02 1.03137714e+00 1.15906052e+00 1.15588950e+00 8.33061584e-01 -3.46292977e-01 4.99622464e+03 5.18265227e+01
2.54026187e-02 1.03183247e+00 1.12726646e+00 1.13253406e+00 8.06476512e-01 -3.22736656e-01 5.01653935e+03 5.18493903e+01
2.55054211e-02 1.03225411e+00 1.09638437e+00 1.10932729e+00 7.77198657e-01 -3.00552240e-01 5.03684090e+03 5.18705657e+01
2.56081561e-02 1.03264886e+00 1.06806553e+00 1.08643060e+00 7.49850244e-01 -2.78709016e-01 5.05712911e+03 5.18903907e+01
2.57108226e-02 1.03302240e+00 1.03937015e+00 1.06418754e+00 7.23322965e-01 -2.57185152e-01 5.07740383e+03 5.19091505e+01
2.58134201e-02 1.03337503e+00 1.01022882e+00 1.04255257e+00 6.97907168e-01 -2.36293163e-01 5.09766489e+03 5.19268608e+01
2.59159476e-02 1.03370218e+00 9.82174638e-01 1.02125992e+00 6.74631129e-01 -2.16795544e-01 5.11791214e+03 5.19432918e+01
2.60184043e-02 1.03399987e+00 9.55655680e-01 1.00025782e+00 6.53450572e-01 -1.99432847e-01 5.13814541e+03 5.19582435e+01
2.61207894e-02 1.03426931e+00 9.30510355e-01 9.79653484e-01 6.33369783e-01 -1.84365679e-01 5.15836455e+03 5.19717777e+01
2.62231021e-02 1.03451601e+00 9.06199690e-01 9.59457528e-01 6.12917338e-01 -1.71199534e-01 5.17856939e+03 5.19841694e+01
2.63253417e-02 1.03474565e+00 8.81928630e-01 9.39551661e-01 5.92401462e-01 -1.59188248e-01 5.19875978e+03 5.19957046e+01
2.64275072e-02 1.03496211e+00 8.57357331e-01 9.19955952e-01 5.72654918e-01 -1.47643390e-01 5.21893555e+03 5.20065777e+01
2.65295979e-02 1.03516788e+00 8.32786811e-01 9.00760051e-01 5.53666618e-01 -1.36222962e-01 5.23909655e+03 5.20169140e+01
2.66316131e-02 1.03536446e+00 8.08732082e-01 8.82032846e-01 5.36075405e-01 -1.24923470e-01 5.25924261e+03 5.20267882e+01
2.67335518e-02 1.03555161e+00 7.85920030e-01 8.63893342e-01 5.19745964e-01 -1.14111024e-01 5.27937360e+03 5.20361890e+01
2.68354133e-02 1.03572721e+00 7.65254831e-01 8.46375813e-01 5.03703864e-01 -1.04234942e-01 5.29948933e+03 5.20450093e+01
2.69371969e-02 1.03588904e+00 7.46740867e-01 8.29362290e-01 4.88038200e-01 -9.55007407e-02 5.31958967e+03 5.20531390e+01
2.70389017e-02 1.03603737e+00 7.29554884e-01 8.12759281e-01 4.72956461e-01 -8.76733693e-02 5.33967445e+03 5.20605909e+01
2.71405269e-02 1.03617500e+00 7.13044431e-01 7.96584751e-01 4.58261706e-01 -8.02204065e-02 5.35974352e+03 5.20675052e+01
2.72420717e-02 1.03630455e+00 6.96978345e-01 7.80816350e-01 4.43787306e-01 -7.29998019e-02 5.37979672e+03 5.20740142e+01
2.73435355e-02 1.03642647e+00 6.81462210e-01 7.65357310e-01 4.29255658e-01 -6.63173772e-02 5.39983390e+03 5.20801395e+01
2.74449173e-02 1.03654021e+00 6.66803523e-01 7.50141440e-01 4.14953456e-01 -6.02942480e-02 5.41985491e+03 5.20858545e+01
2.75462165e-02 1.03664649e+00 6.53473315e-01 7.35206453e-01 4.01586113e-01 -5.47295646e-02 5.43985959e+03 5.20911947e+01
2.76474322e-02 1.03674703e+00 6.41408850e-01 7.20676584e-01 3.89479487e-01 -4.94993376e-02 5.45984779e+03 5.20962463e+01
2.77485637e-02 1.03684264e+00 6.30090703e-01 7.06647356e-01 3.78067468e-01 -4.46903969e-02 5.47981935e+03 5.21010505e+01
2.78496102e-02 1.03693239e+00 6.19268344e-01 6.93107154e-01 3.66904203e-01 -4.03901077e-02 5.49977414e+03 5.21055600e+01
2.79505710e-02 1.03701466e+00 6.08800971e-01 6.79982548e-01 3.56157762e-01 -3.66378148e-02 5.51971199e+03 5.21096938e+01
2.80514452e-02 1.03708927e+00 5.98421779e-01 6.67213564e-01 3.45698038e-01 -3.33767513e-02 5.53963275e+03 5.21134433e+01
2.81522321e-02 1.03715864e+00 5.88122170e-01 6.54788375e-01 3.35657853e-01 -3.03876774e-02 5.55953628e+03 5.21169297e+01
2.82529311e-02 1.03722624e+00 5.78308678e-01 6.42730335e-01 3.26035027e-01 -2.75006561e-02 5.57942242e+03 5.21203269e+01
2.83535412e-02 1.03729366e+00 5.69421683e-01 6.31010157e-01 3.16360224e-01 -2.47206682e-02 5.59929103e+03 5.21237151e+01
2.84540618e-02 1.03735973e+00 5.61616136e-01 6.19554212e-01 3.06636830e-01 -2.21179473e-02 5.61914195e+03 5.21270356e+01
2.85544921e-02 1.03742250e+00 5.54453729e-01 6.08366575e-01 2.97280282e-01 -1.97875062e-02 5.63897505e+03 5.21301903e+01
2.86548314e-02 1.03748144e+00 5.47294278e-01 5.97537820e-01 2.88531923e-01 -1.77534513e-02 5.65879017e+03 5.21331522e+01
2.87550789e-02 1.03753740e+00 5.40144034e-01 5.87125100e-01 2.80145542e-01 -1.59280170e-02 5.67858717e+03 5.21359652e+01
2.88552339e-02 1.03759115e+00 5.33387674e-01 5.77099994e-01 2.71536037e-01 -1.42871569e-02 5.69836590e+03 5.21386667e+01
2.89552956e-02 1.03764244e+00 5.27096942e-01 5.67438505e-01 2.62375692e-01 -1.28939644e-02 5.71812621e+03 5.21412447e+01
2.90552634e-02 1.03769070e+00 5.21003961e-01 5.58137663e-01 2.52922047e-01 -1.17753981e-02 5.73786796e+03 5.21436702e+01
2.91551365e-02 1.03773604e+00 5.14677254e-01 5.49171795e-01 2.43652816e-01 -1.08991208e-02 5.75759101e+03 5.21459495e+01
2.92549141e-02 1.03777952e+00 5.07975219e-01 5.40496205e-01 2.35023651e-01 -1.01682603e-02 5.77729522e+03 5.21481353e+01
2.93545955e-02 1.03782245e+00 5.01306968e-01 5.32080602e-01 2.27416549e-01 -9.46748663e-03 5.79698043e+03 5.21502932e+01
2.94541801e-02 1.03786555e+00 4.95146085e-01 5.23963742e-01 2.20554815e-01 -8.74996550e-03 5.81664651e+03 5.21524593e+01
2.95536671e-02 1.03790861e+00 4.89499756e-01 5.16160641e-01 2.14093012e-01 -8.03611744e-03 5.83629332e+03 5.21546235e+01
2.96530557e-02 1.03795091e+00 4.84088470e-01 5.08611766e-01 2.08128720e-01 -7.38715718e-03 5.85592071e+03 5.21567498e+01
2.97523454e-02 1.03799194e+00 4.78736479e-01 5.01282837e-01 2.02743625e-01 -6.85788517e-03 5.87552854e+03 5.21588117e+01
2.98515353e-02 1.03803173e+00 4.73440313e-01 4.94191550e-01 1.97873487e-01 -6.45245935e-03 5.89511668e+03 5.21608118e+01
2.99506247e-02 1.03807072e+00 4.68288491e-01 4.87355139e-01 1.93268103e-01 -6.13539517e-03 5.91468498e+03 5.21627718e+01
3.00496130e-02 1.03810925e+00 4.63341050e-01 4.80755813e-01 1.88714722e-01 -5.87846873e-03 5.93423331e+03 5.21647086e+01
3.01484995e-02 1.03814740e+00 4.58573573e-01 4.74373384e-01 1.84210086e-01 -5.67300656e-03 5.95376153e+03 5.21666262e+01
3.02472834e-02 1.03818519e+00 4.53922690e-01 4.68212021e-01 1.79891827e-01 -5.50449712e-03 5.97326950e+03 5.21685255e+01
3.03459641e-02 1.03822274e+00 4.49357961e-01 4.62274794e-01 1.75886308e-01 -5.35698228e-03 5.99275708e+03 5.21704128e+01
3.04445409e-02 1.03826019e+00 4.44910696e-01 4.56552009e-01 1.72151594e-01 -5.21989262e-03 6.01222414e+03 5.21722952e+01
3.05430131e-02 1.03829760e+00 4.40603520e-01 4.51022278e-01 1.68570861e-01 -5.08725369e-03 6.03167054e+03 5.21741752e+01
3.06413799e-02 1.03833495e+00 4.36421488e-01 4.45653518e-01 1.65107735e-01 -4.95210285e-03 6.05109615e+03 5.21760526e+01
3.07396409e-02 1.03837226e+00 4.32347016e-01 4.40427045e-01 1.61743982e-01 -4.81027993e-03 6.07050083e+03 5.21779275e+01
3.08377951e-02 1.03840951e+00 4.28373251e-01 4.35346450e-01 1.58438701e-01 -4.67397489e-03 6.08988445e+03 5.21797996e+01
3.09358421e-02 1.03844667e+00 4.24497101e-01 4.30411768e-01 1.55229023e-01 -4.55720940e-03 6.10924687e+03 5.21816675e+01
3.10337810e-02 1.03848374e+00 4.20714948e-01 4.25610424e-01 1.52159704e-01 -4.45988009e-03 6.12858797e+03 5.21835306e+01
3.11316113e-02 1.03852073e+00 4.17025759e-01 4.20929038e-01 1.49208146e-01 -4.37482094e-03 6.14790762e+03 5.21853892e+01
3.12293323e-02 1.03855761e+00 4.13423510e-01 4.16359563e-01 1.46353364e-01 -4.29772665e-03 6.16720567e+03 5.21872432e+01
3.13269433e-02 1.03859440e+00 4.09897779e-01 4.11899868e-01 1.43577500e-01 -4.22808415e-03 6.18648201e+03 5.21890920e+01
3.14244436e-02 1.03863110e+00 4.06444211e-01 4.07549962e-01 1.40866363e-01 -4.16487097e-03 6.20573649e+03 5.21909364e+01
3.15218327e-02 1.03866775e+00 4.03065663e-01 4.03306966e-01 1.38223938e-01 -4.10532724e-03 6.22496901e+03 5.21927783e+01
3.16191099e-02 1.03870437e+00 3.99763493e-01 3.99164855e-01 1.35656254e-01 -4.04742916e-03 6.24417942e+03 5.21946188e+01
3.17162744e-02 1.03874095e+00 3.96534046e-01 3.95117213e-01 1.33159778e-01 -3.99122572e-03 6.26336757e+03 5.21964572e+01
3.18133257e-02 1.03877746e+00 3.93372763e-01 3.91158828e-01 1.30728451e-01 -3.93750876e-03 6.28253339e+03 5.21982922e+01
3.19102633e-02 1.03881390e+00 3.90276653e-01 3.87285723e-01 1.28358624e-01 -3.88637508e-03 6.30167675e+03 5.22001231e+01
3.20070861e-02 1.03885025e+00 3.87244051e-01 3.83494695e-01 1.26047320e-01 -3.83731219e-03 6.32079743e+03 5.22019502e+01
3.21037937e-02 1.03888652e+00 3.84273322e-01 3.79782755e-01 1.23792095e-01 -3.78993661e-03 6.33989535e+03 5.22037732e+01
3.22003863e-02 1.03892270e+00 3.81362200e-01 3.76146975e-01 1.21590861e-01 -3.74420213e-03 6.35897057e+03 5.22055914e+01
3.22968623e-02 1.03895878e+00 3.78508365e-01 3.72584668e-01 1.19441697e-01 -3.70011635e-03 6.37802277e+03 5.22074043e+01
3.23932195e-02 1.03899473e+00 3.75709991e-01 3.69093370e-01 1.17342847e-01 -3.65758156e-03 6.39705151e+03 5.22092114e+01
3.24894606e-02 1.03903057e+00 3.72965611e-01 3.65670604e-01 1.15292668e-01 -3.61649557e-03 6.41605731e+03 5.22110121e+01
3.25855866e-02 1.03906626e+00 3.70273569e-01 3.62314053e-01 1.13289578e-01 -3.57683484e-03 6.43504039e+03 5.22128060e+01
3.26815895e-02 1.03910182e+00 3.67631745e-01 3.59021839e-01 1.11331835e-01 -3.53858118e-03 6.45399915e+03 5.22145929e+01
3.27774668e-02 1.03913723e+00 3.65038003e-01 3.55792000e-01 1.09417649e-01 -3.50163730e-03 6.47293312e+03 5.22163728e+01
3.28732350e-02 1.03917250e+00 3.62491059e-01 3.52622060e-01 1.07545772e-01 -3.46588991e-03 6.49184554e+03 5.22181451e+01
3.29688945e-02 1.03920759e+00 3.59990565e-01 3.49510149e-01 1.05715701e-01 -3.43134661e-03 6.51073649e+03 5.22199087e+01
3.30644057e-02 1.03924250e+00 3.57535689e-01 3.46455740e-01 1.03926706e-01 -3.39812244e-03 6.52959816e+03 5.22216628e+01
3.31597678e-02 1.03927723e+00 3.55123406e-01 3.43457117e-01 1.02176477e-01 -3.36624412e-03 6.54843038e+03 5.22234084e+01
3.32551190e-02 1.03931185e+00 3.52748595e-01 3.40508424e-01 1.00461113e-01 -3.33553927e-03 6.56726043e+03 5.22251483e+01
3.33506822e-02 1.03934642e+00 3.50406096e-01 3.37601584e-01 9.87766698e-02 -3.30579074e-03 6.58613237e+03 5.22268852e+01
3.34465992e-02 1.03938095e+00 3.48092593e-01 3.34731382e-01 9.71206135e-02 -3.27694604e-03 6.60507418e+03 5.22286209e+01
3.35428747e-02 1.03941547e+00 3.45806660e-01 3.31896904e-01 9.54918683e-02 -3.24909907e-03 6.62408678e+03 5.22303557e+01
3.36394743e-02 1.03944998e+00 3.43547660e-01 3.29098410e-01 9.38899458e-02 -3.22231438e-03 6.64316338e+03 5.22320897e+01
3.37364034e-02 1.03948446e+00 3.41314972e-01 3.26335014e-01 9.23143345e-02 -3.19655357e-03 6.66230505e+03 5.22338225e+01
3.38336835e-02 1.03951892e+00 3.39107933e-01 3.23605415e-01 9.07644548e-02 -3.17174612e-03 6.68151605e+03 5.22355543e+01
3.39313177e-02 1.03955336e+00 3.36925954e-01 3.20908875e-01 8.92397614e-02 -3.14785295e-03 6.70079696e+03 5.22372851e+01
3.40293030e-02 1.03958778e+00 3.34768485e-01 3.18244842e-01 8.77397409e-02 -3.12485857e-03 6.72014723e+03 5.22390149e+01
3.41276461e-02 1.03962218e+00 3.32634964e-01 3.15612523e-01 8.62638792e-02 -3.10275000e-03 6.73956814e+03 5.22407438e+01
3.42263549e-02 1.03965657e+00 3.30524820e-01 3.13011119e-01 8.48116675e-02 -3.08151414e-03 6.75906126e+03 5.22424718e+01
3.43254328e-02 1.03969094e+00 3.28437511e-01 3.10439981e-01 8.33826138e-02 -3.06113513e-03 6.77862728e+03 5.22441991e+01
3.44248836e-02 1.03972530e+00 3.26372529e-01 3.07898469e-01 8.19762429e-02 -3.04158874e-03 6.79826695e+03 5.22459259e+01
3.45247133e-02 1.03975965e+00 3.24329403e-01 3.05385917e-01 8.05920965e-02 -3.02284468e-03 6.81798144e+03 5.22476521e+01
3.46249272e-02 1.03979399e+00 3.22307688e-01 3.02901699e-01 7.92297344e-02 -3.00487320e-03 6.83777180e+03 5.22493780e+01
3.47255299e-02 1.03982833e+00 3.20306961e-01 3.00445225e-01 7.78887307e-02 -2.98764740e-03 6.85763893e+03 5.22511037e+01
3.48265265e-02 1.03986267e+00 3.18326811e-01 2.98015908e-01 7.65686709e-02 -2.97114213e-03 6.87758387e+03 5.22528293e+01
3.49279226e-02 1.03989701e+00 3.16366842e-01 2.95613178e-01 7.52691518e-02 -2.95533295e-03 6.89760769e+03 5.22545550e+01
3.50297233e-02 1.03993135e+00 3.14426674e-01 2.93236490e-01 7.39897813e-02 -2.94019514e-03 6.91771142e+03 5.22562808e+01
3.51319340e-02 1.03996570e+00 3.12505944e-01 2.90885311e-01 7.27301797e-02 -2.92570319e-03 6.93789610e+03 5.22580069e+01
3.52345602e-02 1.04000006e+00 3.10604301e-01 2.88559124e-01 7.14899779e-02 -2.91183114e-03 6.95816284e+03 5.22597335e+01
3.53376072e-02 1.04003443e+00 3.08721410e-01 2.86257430e-01 7.02688170e-02 -2.89855308e-03 6.97851270e+03 5.22614607e+01
3.54410808e-02 1.04006881e+00 3.06856943e-01 2.83979743e-01 6.90663477e-02 -2.88584350e-03 6.99894678e+03 5.22631885e+01
3.55449866e-02 1.04010320e+00 3.05010585e-01 2.81725590e-01 6.78822316e-02 -2.87367814e-03 7.01946621e+03 5.22649170e+01
3.56493301e-02 1.04013762e+00 3.03182033e-01 2.79494512e-01 6.67161422e-02 -2.86203490e-03 7.04007211e+03 5.22666465e+01
3.57541174e-02 1.04017205e+00 3.01370990e-01 2.77286062e-01 6.55677627e-02 -2.85089343e-03 7.06076561e+03 5.22683768e+01
3.58593541e-02 1.04020650e+00 2.99577170e-01 2.75099807e-01 6.44367796e-02 -2.84023321e-03 7.08154789e+03 5.22701082e+01
3.59650463e-02 1.04024098e+00 2.97800291e-01 2.72935324e-01 6.33228821e-02 -2.83003208e-03 7.10242011e+03 5.22718407e+01
3.60712000e-02 1.04027548e+00 2.96040081e-01 2.70792204e-01 6.22257709e-02 -2.82026767e-03 7.12338346e+03 5.22735744e+01
3.61778212e-02 1.04031000e+00 2.94296275e-01 2.68670048e-01 6.11451613e-02 -2.81091892e-03 7.14443914e+03 5.22753094e+01
3.62849161e-02 1.04034455e+00 2.92568615e-01 2.66568468e-01 6.00807777e-02 -2.80196665e-03 7.16558838e+03 5.22770455e+01
3.63924910e-02 1.04037913e+00 2.90856850e-01 2.64487084e-01 5.90323500e-02 -2.79339388e-03 7.18683240e+03 5.22787830e+01
3.65005523e-02 1.04041372e+00 2.89160732e-01 2.62425528e-01 5.79996129e-02 -2.78518524e-03 7.20817247e+03 5.22805217e+01
3.66091063e-02 1.04044835e+00 2.87480019e-01 2.60383440e-01 5.69823065e-02 -2.77732595e-03 7.22960985e+03 5.22822618e+01
3.67181596e-02 1.04048300e+00 2.85814475e-01 2.58360470e-01 5.59801772e-02 -2.76980109e-03 7.25114582e+03 5.22840032e+01
3.68277188e-02 1.04051768e+00 2.84163869e-01 2.56356277e-01 5.49929779e-02 -2.76259562e-03 7.27278170e+03 5.22857459e+01
3.69377905e-02 1.04055239e+00 2.82527974e-01 2.54370530e-01 5.40204681e-02 -2.75569496e-03 7.29451879e+03 5.22874900e+01
3.70483816e-02 1.04058712e+00 2.80906569e-01 2.52402905e-01 5.30624137e-02 -2.74908543e-03 7.31635845e+03 5.22892353e+01
3.71594989e-02 1.04062188e+00 2.79299436e-01 2.50453085e-01 5.21185860e-02 -2.74275443e-03 7.33830204e+03 5.22909819e+01
3.72711495e-02 1.04065666e+00 2.77706362e-01 2.48520764e-01 5.11887622e-02 -2.73669022e-03 7.36035092e+03 5.22927298e+01
3.73833403e-02 1.04069146e+00 2.76127139e-01 2.46605640e-01 5.02727242e-02 -2.73088162e-03 7.38250650e+03 5.22944789e+01
3.74960786e-02 1.04072629e+00 2.74561560e-01 2.44707421e-01 4.93702593e-02 -2.72531801e-03 7.40477019e+03 5.22962291e+01
3.76093716e-02 1.04076114e+00 2.73009426e-01 2.42825821e-01 4.84811597e-02 -2.71998932e-03 7.42714343e+03 5.22979805e+01
3.77232268e-02 1.04079601e+00 2.71470539e-01 2.40960562e-01 4.76052222e-02 -2.71488611e-03 7.44962768e+03 5.22997329e+01
3.78376515e-02 1.04083091e+00 2.69944708e-01 2.39111371e-01 4.67422487e-02 -2.70999952e-03 7.47222441e+03 5.23014863e+01
3.79526535e-02 1.04086582e+00 2.68431742e-01 2.37277982e-01 4.58920454e-02 -2.70532110e-03 7.49493513e+03 5.23032406e+01
3.80682403e-02 1.04090074e+00 2.66931458e-01 2.35460138e-01 4.50544227e-02 -2.70084273e-03 7.51776136e+03 5.23049958e+01
3.81844198e-02 1.04093569e+00 2.65443671e-01 2.33657584e-01 4.42291954e-02 -2.69655660e-03 7.54070463e+03 5.23067518e+01
3.83012000e-02 1.04097065e+00 2.63968205e-01 2.31870074e-01 4.34161822e-02 -2.69245527e-03 7.56376653e+03 5.23085086e+01
3.84185889e-02 1.04100562e+00 2.62504885e-01 2.30097367e-01 4.26152059e-02 -2.68853170e-03 7.58694862e+03 5.23102659e+01
3.85365947e-02 1.04104060e+00 2.61053538e-01 2.28339228e-01 4.18260932e-02 -2.68477931e-03 7.61025254e+03 5.23120239e+01
3.86552255e-02 1.04107559e+00 2.59613997e-01 2.26595426e-01 4.10486742e-02 -2.68119195e-03 7.63367990e+03 5.23137823e+01
3.87744900e-02 1.04111059e+00 2.58186098e-01 2.24865738e-01 4.02827831e-02 -2.67776385e-03 7.65723239e+03 5.23155412e+01
3.88943965e-02 1.04114560e+00 2.56769682e-01 2.23149944e-01 3.95282572e-02 -2.67448955e-03 7.68091167e+03 5.23173004e+01
3.90149538e-02 1.04118061e+00 2.55364589e-01 2.21447830e-01 3.87849374e-02 -2.67136383e-03 7.70471947e+03 5.23190598e+01
3.91361707e-02 1.04121563e+00 2.53970666e-01 2.19759186e-01 3.80526679e-02 -2.66838162e-03 7.72865752e+03 5.23208193e+01
3.92580560e-02 1.04125064e+00 2.52587761e-01 2.18083809e-01 3.73312960e-02 -2.66553799e-03 7.75272758e+03 5.23225789e+01
3.93806189e-02 1.04128566e+00 2.51215725e-01 2.16421498e-01 3.66206721e-02 -2.66282821e-03 7.77693145e+03 5.23243385e+01
3.95038686e-02 1.04132067e+00 2.49854413e-01 2.14772059e-01 3.59206499e-02 -2.66024775e-03 7.80127095e+03 5.23260980e+01
3.96278145e-02 1.04135568e+00 2.48503682e-01 2.13135302e-01 3.52310855e-02 -2.65779237e-03 7.82574792e+03 5.23278573e+01
3.97524659e-02 1.04139068e+00 2.47163393e-01 2.11511040e-01 3.45518384e-02 -2.65545802e-03 7.85036424e+03 5.23296163e+01
3.98778327e-02 1.04142568e+00 2.45833409e-01 2.09899091e-01 3.38827706e-02 -2.65324095e-03 7.87512182e+03 5.23313750e+01
4.00039246e-02 1.04146067e+00 2.44513596e-01 2.08299277e-01 3.32237467e-02 -2.65113757e-03 7.90002259e+03 5.23331331e+01
4.01307514e-02 1.04149564e+00 2.43203826e-01 2.06711424e-01 3.25746340e-02 -2.64914447e-03 7.92506851e+03 5.23348908e+01
4.02583235e-02 1.04153061e+00 2.41903968e-01 2.05135364e-01 3.19353026e-02 -2.64725830e-03 7.95026159e+03 5.23366478e+01
4.03866510e-02 1.04156556e+00 2.40613898e-01 2.03570928e-01 3.13056245e-02 -2.64547578e-03 7.97560386e+03 5.23384040e+01
4.05157444e-02 1.04160049e+00 2.39333493e-01 2.02017957e-01 3.06854745e-02 -2.64379368e-03 8.00109738e+03 5.23401595e+01
4.06456143e-02 1.04163540e+00 2.38062630e-01 2.00476290e-01 3.00747297e-02 -2.64220889e-03 8.02674424e+03 5.23419141e+01
4.07762715e-02 1.04167030e+00 2.36801194e-01 1.98945773e-01 2.94732692e-02 -2.64071844e-03 8.05254658e+03 5.23436677e+01
4.09077269e-02 1.04170518e+00 2.35549066e-01 1.97426255e-01 2.88809745e-02 -2.63931951e-03 8.07850655e+03 5.23454203e+01
4.10399918e-02 1.04174003e+00 2.34306135e-01 1.95917588e-01 2.82977292e-02 -2.63800942e-03 8.10462637e+03 5.23471717e+01
4.11730773e-02 1.04177486e+00 2.33072290e-01 1.94419626e-01 2.77234189e-02 -2.63678563e-03 8.13090827e+03 5.23489220e+01
4.13069951e-02 1.04180966e+00 2.31847422e-01 1.92932228e-01 2.71579314e-02 -2.63564569e-03 8.15735451e+03 5.23506710e+01
4.14417569e-02 1.04184444e+00 2.30631424e-01 1.91455256e-01 2.66011564e-02 -2.63458721e-03 8.18396743e+03 5.23524186e+01
4.15773745e-02 1.04187919e+00 2.29424194e-01 1.89988575e-01 2.60529853e-02 -2.63360781e-03 8.21074936e+03 5.23541647e+01
4.17138601e-02 1.04191391e+00 2.28225627e-01 1.88532053e-01 2.55133117e-02 -2.63270512e-03 8.23770270e+03 5.23559094e+01
4.18512260e-02 1.04194860e+00 2.27035624e-01 1.87085560e-01 2.49820307e-02 -2.63187683e-03 8.26482988e+03 5.23576525e+01
4.19894847e-02 1.04198325e+00 2.25854086e-01 1.85648970e-01 2.44590396e-02 -2.63112068e-03 8.29213337e+03 5.23593940e+01
4.21286489e-02 1.04201787e+00 2.24680916e-01 1.84222161e-01 2.39442369e-02 -2.63043451e-03 8.31961568e+03 5.23611337e+01
4.22687317e-02 1.04205246e+00 2.23516021e-01 1.82805012e-01 2.34375231e-02 -2.62981631e-03 8.34727939e+03 5.23628717e+01
4.24097461e-02 1.04208701e+00 2.22359306e-01 1.81397405e-01 2.29388004e-02 -2.62926414e-03 8.37512709e+03 5.23646078e+01
4.25517056e-02 1.04212152e+00 2.21210683e-01 1.79999224e-01 2.24479724e-02 -2.62877612e-03 8.40316142e+03 5.23663421e+01
4.26946239e-02 1.04215599e+00 2.20070061e-01 1.78610357e-01 2.19649444e-02 -2.62835047e-03 8.43138509e+03 5.23680743e+01
4.28385148e-02 1.04219042e+00 2.18937354e-01 1.77230695e-01 2.14896230e-02 -2.62798539e-03 8.45980084e+03 5.23698046e+01
4.29833925e-02 1.04222481e+00 2.17812474e-01 1.75860130e-01 2.10219166e-02 -2.62767908e-03 8.48841145e+03 5.23715327e+01
4.31292713e-02 1.04225916e+00 2.16695339e-01 1.74498557e-01 2.05617346e-02 -2.62742976e-03 8.51721977e+03 5.23732587e+01
4.32761659e-02 1.04229346e+00 2.15585863e-01 1.73145873e-01 2.01089882e-02 -2.62723567e-03 8.54622870e+03 5.23749826e+01
4.34240912e-02 1.04232772e+00 2.14483966e-01 1.71801978e-01 1.96635896e-02 -2.62709512e-03 8.57544117e+03 5.23767042e+01
4.35730624e-02 1.04236194e+00 2.13389567e-01 1.70466774e-01 1.92254526e-02 -2.62700652e-03 8.60486018e+03 5.23784235e+01
4.37230950e-02 1.04239610e+00 2.12302588e-01 1.69140164e-01 1.87944921e-02 -2.62696834e-03 8.63448878e+03 5.23801405e+01
4.38742046e-02 1.04243022e+00 2.11222951e-01 1.67822056e-01 1.83706242e-02 -2.62697912e-03 8.66433008e+03 5.23818551e+01
4.40264072e-02 1.04246430e+00 2.10150581e-01 1.66512357e-01 1.79537663e-02 -2.62703745e-03 8.69438725e+03 5.23835672e+01
4.41797193e-02 1.04249832e+00 2.09085402e-01 1.65210979e-01 1.75438371e-02 -2.62714194e-03 8.72466350e+03 5.23852769e+01
4.43341575e-02 1.04253229e+00 2.08027342e-01 1.63917832e-01 1.71407561e-02 -2.62729122e-03 8.75516213e+03 5.23869841e+01
4.44897385e-02 1.04256621e+00 2.06976328e-01 1.62632833e-01 1.67444443e-02 -2.62748394e-03 8.78588646e+03 5.23886888e+01
4.46464798e-02 1.04260009e+00 2.05932287e-01 1.61355897e-01 1.63548233e-02 -2.62771870e-03 8.81683991e+03 5.23903909e+01
4.48043989e-02 1.04263391e+00 2.04895150e-01 1.60086943e-01 1.59718162e-02 -2.62799416e-03 8.84802597e+03 5.23920904e+01
4.49635136e-02 1.04266767e+00 2.03864847e-01 1.58825893e-01 1.55953469e-02 -2.62830909e-03 8.87944813e+03 5.23937872e+01
4.51238422e-02 1.04270139e+00 2.02841310e-01 1.57572669e-01 1.52253404e-02 -2.62866239e-03 8.91111000e+03 5.23954814e+01
4.52854038e-02 1.04273505e+00 2.01824472e-01 1.56327191e-01 1.48617229e-02 -2.62905301e-03 8.94301538e+03 5.23971729e+01
4.54482164e-02 1.04276866e+00 2.00814269e-01 1.55089392e-01 1.45044212e-02 -2.62947996e-03 8.97516782e+03 5.23988617e+01
4.56122992e-02 1.04280221e+00 1.99810630e-01 1.53859203e-01 1.41533620e-02 -2.62994188e-03 9.00757108e+03 5.24005478e+01
4.57776742e-02 1.04283571e+00 1.98813489e-01 1.52636535e-01 1.38084734e-02 -2.63043726e-03 9.04022953e+03 5.24022312e+01
4.59443598e-02 1.04286915e+00 1.97822783e-01 1.51421333e-01 1.34696859e-02 -2.63096552e-03 9.07314681e+03 5.24039118e+01
4.61123726e-02 1.04290254e+00 1.96838461e-01 1.50213559e-01 1.31369329e-02 -2.63152701e-03 9.10632618e+03 5.24055897e+01
4.62817407e-02 1.04293588e+00 1.95860475e-01 1.49013094e-01 1.28101491e-02 -2.63212112e-03 9.13977318e+03 5.24072648e+01
4.64524884e-02 1.04296916e+00 1.94888751e-01 1.47819855e-01 1.24892635e-02 -2.63274575e-03 9.17349264e+03 5.24089370e+01
4.66246186e-02 1.04300238e+00 1.93923178e-01 1.46633915e-01 1.21741950e-02 -2.63339744e-03 9.20748513e+03 5.24106067e+01
4.67981607e-02 1.04303556e+00 1.92963642e-01 1.45455163e-01 1.18648639e-02 -2.63407138e-03 9.24175642e+03 5.24122738e+01
4.69731744e-02 1.04306868e+00 1.92010132e-01 1.44283287e-01 1.15612206e-02 -2.63476857e-03 9.27631834e+03 5.24139382e+01
4.71496434e-02 1.04310174e+00 1.91062789e-01 1.43118492e-01 1.12632544e-02 -2.63550384e-03 9.31116765e+03 5.24155995e+01
4.73275310e-02 1.04313473e+00 1.90121757e-01 1.41961102e-01 1.09709493e-02 -2.63628883e-03 9.34629710e+03 5.24172576e+01
4.75069800e-02 1.04316766e+00 1.89186839e-01 1.40810291e-01 1.06841992e-02 -2.63710277e-03 9.38173490e+03 5.24189124e+01
4.76880951e-02 1.04320056e+00 1.88257252e-01 1.39665540e-01 1.04027510e-02 -2.63790608e-03 9.41750173e+03 5.24205654e+01
4.78706095e-02 1.04323347e+00 1.87332038e-01 1.38528673e-01 1.01263107e-02 -2.63868947e-03 9.45354488e+03 5.24222194e+01
4.80544603e-02 1.04326640e+00 1.86411414e-01 1.37400132e-01 9.85489602e-03 -2.63948745e-03 9.48985195e+03 5.24238740e+01
4.82403326e-02 1.04329918e+00 1.85497926e-01 1.36275763e-01 9.58915360e-03 -2.64035234e-03 9.52655825e+03 5.24255213e+01
4.84283422e-02 1.04333166e+00 1.84595022e-01 1.35155000e-01 9.32996508e-03 -2.64132833e-03 9.56368660e+03 5.24271532e+01
4.86169936e-02 1.04336395e+00 1.83702082e-01 1.34046823e-01 9.07707126e-03 -2.64239675e-03 9.60094171e+03 5.24287757e+01
4.88061884e-02 1.04339655e+00 1.82808902e-01 1.32951848e-01 8.82760157e-03 -2.64342767e-03 9.63830413e+03 5.24304143e+01
4.90013938e-02 1.04343022e+00 1.81894502e-01 1.31839112e-01 8.57590953e-03 -2.64429905e-03 9.67685352e+03 5.24321058e+01
4.92120397e-02 1.04346576e+00 1.80932036e-01 1.30657188e-01 8.31509942e-03 -2.64512068e-03 9.71845212e+03 5.24338922e+01
4.94452429e-02 1.04350411e+00 1.79896685e-01 1.29370656e-01 8.03922863e-03 -2.64619819e-03 9.76450536e+03 5.24358189e+01
4.97033105e-02 1.04354605e+00 1.78771670e-01 1.27973203e-01 7.74487829e-03 -2.64767927e-03 9.81546885e+03 5.24379264e+01
4.99872084e-02 1.04359201e+00 1.77549640e-01 1.26467319e-01 7.43147367e-03 -2.64937514e-03 9.87153336e+03 5.24402361e+01
5.02996056e-02 1.04364205e+00 1.76229678e-01 1.24847607e-01 7.10046833e-03 -2.65104764e-03 9.93322592e+03 5.24427509e+01
5.06440899e-02 1.04369619e+00 1.74812391e-01 1.23105410e-01 6.75400455e-03 -2.65274440e-03 1.00012551e+04 5.24454714e+01
5.10238650e-02 1.04375463e+00 1.73296289e-01 1.21235959e-01 6.39390077e-03 -2.65471190e-03 1.00762535e+04 5.24484080e+01
5.14422228e-02 1.04381775e+00 1.71677207e-01 1.19236395e-01 6.02149623e-03 -2.65705799e-03 1.01588713e+04 5.24515800e+01
5.19031684e-02 1.04388594e+00 1.69949890e-01 1.17103218e-01 5.63809615e-03 -2.65962384e-03 1.02498994e+04 5.24550064e+01
5.24111686e-02 1.04395947e+00 1.68109613e-01 1.14833796e-01 5.24536769e-03 -2.66217166e-03 1.03502199e+04 5.24587015e+01
5.29709605e-02 1.04403854e+00 1.66152952e-01 1.12427601e-01 4.84544811e-03 -2.66463426e-03 1.04607683e+04 5.24626745e+01
5.35877794e-02 1.04412336e+00 1.64078437e-01 1.09885427e-01 4.44135386e-03 -2.66715556e-03 1.05825784e+04 5.24669367e+01
5.42674745e-02 1.04421435e+00 1.61887518e-01 1.07209770e-01 4.03731595e-03 -2.66991334e-03 1.07168054e+04 5.24715094e+01
5.50164620e-02 1.04431214e+00 1.59583831e-01 1.04405086e-01 3.63835726e-03 -2.67299529e-03 1.08647163e+04 5.24764232e+01
5.58417838e-02 1.04441736e+00 1.57171086e-01 1.01477906e-01 3.24987713e-03 -2.67638435e-03 1.10277019e+04 5.24817105e+01
5.67512207e-02 1.04453065e+00 1.54652442e-01 9.84373835e-02 2.87682359e-03 -2.67997773e-03 1.12072986e+04 5.24874034e+01
5.77533512e-02 1.04465276e+00 1.52031234e-01 9.52953117e-02 2.52387872e-03 -2.68362495e-03 1.14052005e+04 5.24935397e+01
5.88576155e-02 1.04478474e+00 1.49311840e-01 9.20663944e-02 2.19558391e-03 -2.68717268e-03 1.16232719e+04 5.25001716e+01
6.00744170e-02 1.04492809e+00 1.46499857e-01 8.87683180e-02 1.89667833e-03 -2.69047856e-03 1.18635673e+04 5.25073750e+01
6.14152227e-02 1.04508493e+00 1.43601619e-01 8.54216683e-02 1.63168996e-03 -2.69338168e-03 1.21283512e+04 5.25152560e+01
6.28926639e-02 1.04525812e+00 1.40623543e-01 8.20499806e-02 1.40454073e-03 -2.69565512e-03 1.24201181e+04 5.25239591e+01
6.45206566e-02 1.04545149e+00 1.37571642e-01 7.86797375e-02 1.21776231e-03 -2.69696608e-03 1.27416160e+04 5.25336757e+01
6.63145341e-02 1.04567000e+00 1.34451213e-01 7.53402438e-02 1.07176625e-03 -2.69684926e-03 1.30958730e+04 5.25446563e+01
6.82911891e-02 1.04592007e+00 1.31266577e-01 7.20635049e-02 9.64183225e-04 -2.69469141e-03 1.34862252e+04 5.25572222e+01
7.04692325e-02 1.04620969e+00 1.28020809e-01 6.88840926e-02 8.89723518e-04 -2.68971670e-03 1.39163478e+04 5.25717757e+01
7.28691692e-02 1.04654850e+00 1.24715487e-01 6.58389417e-02 8.41055113e-04 -2.68095628e-03 1.43902902e+04 5.25888009e+01
