VARIABLES="Y/c","U","Urms/utau","Vrms/utau","Wrms/utau","<uv>/utau^2","y+",u"+"
0.00000000e+00 0.00000000e+00 0.00000000e+00 0.00000000e+00 0.00000000e+00 0.00000000e+00 0.00000000e+00 0.00000000e+00
2.87964815e-06 2.27935064e-02 4.03808064e-01 8.71182345e-03 2.84678900e-01 -6.65133070e-04 8.05038442e-01 8.06030519e-01
5.87232781e-06 4.65366320e-02 8.17396105e-01 2.83146362e-02 5.34065454e-01 -5.73013483e-03 1.64167613e+00 1.64564444e+00
8.98238887e-06 7.10565829e-02 1.23295980e+00 5.76770864e-02 7.53643203e-01 -2.03838911e-02 2.51112913e+00 2.51273767e+00
1.22143416e-05 9.61002271e-02 1.63805721e+00 9.42705156e-02 9.47005277e-01 -4.89199079e-02 3.41465832e+00 3.39836389e+00
1.55728620e-05 1.21265278e-01 2.01575980e+00 1.36243051e-01 1.11746219e+00 -9.31640307e-02 4.35357096e+00 4.28829997e+00
1.90627973e-05 1.46098131e-01 2.35258893e+00 1.81999180e-01 1.26795685e+00 -1.51861192e-01 5.32922213e+00 5.16650381e+00
2.26891716e-05 1.70167618e-01 2.64081016e+00 2.30411444e-01 1.40115597e+00 -2.21610567e-01 6.34301637e+00 6.01772442e+00
2.64571914e-05 1.93109605e-01 2.87840357e+00 2.80501204e-01 1.51933542e+00 -2.97909971e-01 7.39640924e+00 6.82907948e+00
3.03722519e-05 2.14664469e-01 3.06777255e+00 3.31594964e-01 1.62439492e+00 -3.76486131e-01 8.49090897e+00 7.59138306e+00
3.44399423e-05 2.34675667e-01 3.21387467e+00 3.83099683e-01 1.71787489e+00 -4.53741402e-01 9.62807817e+00 8.29909496e+00
3.86660527e-05 2.53080507e-01 3.32281387e+00 4.34586630e-01 1.80103520e+00 -5.27158374e-01 1.08095355e+01 8.94999558e+00
4.30565798e-05 2.69889885e-01 3.40081847e+00 4.85673667e-01 1.87493454e+00 -5.95150443e-01 1.20369573e+01 9.54446844e+00
4.76177332e-05 2.85167695e-01 3.45367957e+00 5.36054422e-01 1.94049955e+00 -6.56959400e-01 1.33120797e+01 1.00847725e+01
5.23559423e-05 2.99012017e-01 3.48647579e+00 5.85465649e-01 1.99856526e+00 -7.12408869e-01 1.46367000e+01 1.05743762e+01
5.72778624e-05 3.11539815e-01 3.50351376e+00 6.33680353e-01 2.04989277e+00 -7.61710569e-01 1.60126789e+01 1.10174162e+01
6.23903815e-05 3.22875609e-01 3.50837442e+00 6.80525386e-01 2.09517280e+00 -8.05323659e-01 1.74419418e+01 1.14182968e+01
6.77006272e-05 3.33143515e-01 3.50399824e+00 7.25849621e-01 2.13502899e+00 -8.43805813e-01 1.89264815e+01 1.17814080e+01
7.32159731e-05 3.42462151e-01 3.49276845e+00 7.69558760e-01 2.17003525e+00 -8.77778434e-01 2.04683593e+01 1.21109453e+01
7.89440459e-05 3.50941569e-01 3.47660246e+00 8.11568884e-01 2.20073411e+00 -9.07835657e-01 2.20697073e+01 1.24108015e+01
8.48927325e-05 3.58681594e-01 3.45704583e+00 8.51844235e-01 2.22763734e+00 -9.34571742e-01 2.37327304e+01 1.26845075e+01
9.10701866e-05 3.65771266e-01 3.43534748e+00 8.90352744e-01 2.25121331e+00 -9.58497871e-01 2.54597080e+01 1.29352126e+01
9.74848359e-05 3.72289255e-01 3.41251238e+00 9.27100671e-01 2.27188086e+00 -9.80074242e-01 2.72529963e+01 1.31656998e+01
1.04145389e-04 3.78304860e-01 3.38934138e+00 9.62094123e-01 2.29001229e+00 -9.99675011e-01 2.91150298e+01 1.33784198e+01
1.11060843e-04 3.83879094e-01 3.36645483e+00 9.95366047e-01 2.30592904e+00 -1.01765502e+00 3.10483236e+01 1.35755310e+01
1.18240488e-04 3.89065688e-01 3.34429622e+00 1.02694823e+00 2.31990236e+00 -1.03431790e+00 3.30554752e+01 1.37589336e+01
1.25693918e-04 3.93911904e-01 3.32315778e+00 1.05689117e+00 2.33217305e+00 -1.04994325e+00 3.51391665e+01 1.39302993e+01
1.33431035e-04 3.98459066e-01 3.30323286e+00 1.08524540e+00 2.34297110e+00 -1.06477144e+00 3.73021656e+01 1.40910896e+01
1.41462055e-04 4.02743125e-01 3.28461880e+00 1.11207874e+00 2.35251750e+00 -1.07901932e+00 3.95473289e+01 1.42425761e+01
1.49797518e-04 4.06795530e-01 3.26732241e+00 1.13747006e+00 2.36100675e+00 -1.09284322e+00 4.18776025e+01 1.43858709e+01
1.58448290e-04 4.10644220e-01 3.25132382e+00 1.16151615e+00 2.36857440e+00 -1.10632370e+00 4.42960244e+01 1.45219621e+01
1.67425574e-04 4.14314334e-01 3.23664129e+00 1.18431863e+00 2.37530011e+00 -1.11946765e+00 4.68057264e+01 1.46517387e+01
1.76740912e-04 4.17828443e-01 3.22331859e+00 1.20597751e+00 2.38125518e+00 -1.13226108e+00 4.94099351e+01 1.47759990e+01
1.86406191e-04 4.21206629e-01 3.21139094e+00 1.22658069e+00 2.38650947e+00 -1.14469130e+00 5.21119740e+01 1.48954531e+01
1.96433653e-04 4.24466405e-01 3.20089623e+00 1.24620397e+00 2.39112353e+00 -1.15677356e+00 5.49152651e+01 1.50107203e+01
2.06835893e-04 4.27622184e-01 3.19187297e+00 1.26491368e+00 2.39519976e+00 -1.16861456e+00 5.78233299e+01 1.51223105e+01
2.17625870e-04 4.30685795e-01 3.18431792e+00 1.28277710e+00 2.39886281e+00 -1.18039541e+00 6.08397908e+01 1.52306418e+01
2.28816907e-04 4.33668737e-01 3.17816793e+00 1.29987822e+00 2.40216344e+00 -1.19226023e+00 6.39683728e+01 1.53361211e+01
2.40422697e-04 4.36583378e-01 3.17329028e+00 1.31631365e+00 2.40507384e+00 -1.20429273e+00 6.72129037e+01 1.54391856e+01
2.52457306e-04 4.39441739e-01 3.16948134e+00 1.33216857e+00 2.40754583e+00 -1.21654181e+00 7.05773155e+01 1.55402604e+01
2.64935192e-04 4.42253941e-01 3.16663124e+00 1.34749920e+00 2.40956350e+00 -1.22903159e+00 7.40656508e+01 1.56397032e+01
2.77871243e-04 4.45027848e-01 3.16485047e+00 1.36234385e+00 2.41117141e+00 -1.24178286e+00 7.76820713e+01 1.57377922e+01
2.91280742e-04 4.47770247e-01 3.16420629e+00 1.37674402e+00 2.41247107e+00 -1.25480057e+00 8.14308495e+01 1.58347674e+01
3.05179371e-04 4.50488138e-01 3.16454041e+00 1.39075176e+00 2.41360116e+00 -1.26806479e+00 8.53163693e+01 1.59308763e+01
3.19583206e-04 4.53187373e-01 3.16567176e+00 1.40441876e+00 2.41467947e+00 -1.28155111e+00 8.93431256e+01 1.60263258e+01
3.34508729e-04 4.55870261e-01 3.16750176e+00 1.41779129e+00 2.41575897e+00 -1.29523190e+00 9.35157254e+01 1.61211976e+01
3.49972818e-04 4.58536594e-01 3.16993589e+00 1.43091897e+00 2.41681973e+00 -1.30905433e+00 9.78388877e+01 1.62154843e+01
3.65992753e-04 4.61187480e-01 3.17287623e+00 1.44385722e+00 2.41781854e+00 -1.32297290e+00 1.02317443e+02 1.63092251e+01
3.82586212e-04 4.63826929e-01 3.17639480e+00 1.45664179e+00 2.41876051e+00 -1.33692535e+00 1.06956334e+02 1.64025618e+01
3.99771274e-04 4.66459385e-01 3.18066476e+00 1.46927520e+00 2.41968443e+00 -1.35090325e+00 1.11760613e+02 1.64956514e+01
4.17566410e-04 4.69087454e-01 3.18560271e+00 1.48176777e+00 2.42065961e+00 -1.36505924e+00 1.16735446e+02 1.65885862e+01
4.35990480e-04 4.71712697e-01 3.19099896e+00 1.49416428e+00 2.42175407e+00 -1.37964309e+00 1.21886105e+02 1.66814213e+01
4.55062732e-04 4.74336875e-01 3.19678840e+00 1.50651156e+00 2.42299633e+00 -1.39487897e+00 1.27217970e+02 1.67742191e+01
4.74802802e-04 4.76962818e-01 3.20294942e+00 1.51883593e+00 2.42440333e+00 -1.41073217e+00 1.32736532e+02 1.68670796e+01
4.95230690e-04 4.79595024e-01 3.20934118e+00 1.53116771e+00 2.42593904e+00 -1.42699088e+00 1.38447380e+02 1.69601619e+01
5.16366748e-04 4.82236784e-01 3.21591717e+00 1.54355560e+00 2.42748590e+00 -1.44360630e+00 1.44356206e+02 1.70535822e+01
5.38231720e-04 4.84886477e-01 3.22281820e+00 1.55603599e+00 2.42896764e+00 -1.46066262e+00 1.50468808e+02 1.71472833e+01
5.60846806e-04 4.87540665e-01 3.23011837e+00 1.56862012e+00 2.43045215e+00 -1.47818733e+00 1.56791113e+02 1.72411435e+01
5.84233686e-04 4.90200227e-01 3.23775918e+00 1.58132280e+00 2.43207225e+00 -1.49614539e+00 1.63329182e+02 1.73351938e+01
6.08414474e-04 4.92869066e-01 3.24565974e+00 1.59417208e+00 2.43378308e+00 -1.51462731e+00 1.70089196e+02 1.74295725e+01
6.33411650e-04 4.95548730e-01 3.25370167e+00 1.60717009e+00 2.43539401e+00 -1.53382125e+00 1.77077442e+02 1.75243343e+01
6.59248048e-04 4.98238707e-01 3.26184557e+00 1.62027138e+00 2.43675104e+00 -1.55357620e+00 1.84300301e+02 1.76194611e+01
6.85946884e-04 5.00938670e-01 3.27020105e+00 1.63344048e+00 2.43785107e+00 -1.57355081e+00 1.91764265e+02 1.77149413e+01
7.13531752e-04 5.03646607e-01 3.27871839e+00 1.64671762e+00 2.43889841e+00 -1.59375002e+00 1.99475929e+02 1.78107035e+01
7.42026554e-04 5.06357758e-01 3.28717643e+00 1.66018615e+00 2.44019177e+00 -1.61443444e+00 2.07441975e+02 1.79065794e+01
7.71455508e-04 5.09067343e-01 3.29552695e+00 1.67388732e+00 2.44202700e+00 -1.63601494e+00 2.15669175e+02 1.80023999e+01
8.01843264e-04 5.11774264e-01 3.30371062e+00 1.68779943e+00 2.44465602e+00 -1.65869032e+00 2.24164418e+02 1.80981262e+01
8.33214836e-04 5.14482991e-01 3.31152560e+00 1.70187997e+00 2.44805766e+00 -1.68187900e+00 2.32934698e+02 1.81939162e+01
8.65595143e-04 5.17199526e-01 3.31887595e+00 1.71608485e+00 2.45185808e+00 -1.70480502e+00 2.41986982e+02 1.82899820e+01
8.99008507e-04 5.19923853e-01 3.32576428e+00 1.73034544e+00 2.45591364e+00 -1.72760373e+00 2.51328069e+02 1.83863235e+01
9.33478596e-04 5.22649825e-01 3.33235725e+00 1.74459635e+00 2.46018057e+00 -1.75091009e+00 2.60964575e+02 1.84827234e+01
9.69028753e-04 5.25372985e-01 3.33885253e+00 1.75882695e+00 2.46432561e+00 -1.77471932e+00 2.70903026e+02 1.85790238e+01
1.00568222e-03 5.28094711e-01 3.34522365e+00 1.77303449e+00 2.46820956e+00 -1.79903941e+00 2.81149919e+02 1.86752734e+01
1.04346203e-03 5.30821474e-01 3.35152827e+00 1.78714713e+00 2.47210801e+00 -1.82430982e+00 2.91711697e+02 1.87717012e+01
1.08239091e-03 5.33563788e-01 3.35803821e+00 1.80112235e+00 2.47621721e+00 -1.85041939e+00 3.02594709e+02 1.88686791e+01
1.12249117e-03 5.36329254e-01 3.36477426e+00 1.81501713e+00 2.48066537e+00 -1.87697178e+00 3.13805193e+02 1.89664759e+01
1.16378467e-03 5.39114410e-01 3.37156694e+00 1.82893014e+00 2.48544682e+00 -1.90369337e+00 3.25349262e+02 1.90649689e+01
1.20629281e-03 5.41910512e-01 3.37808591e+00 1.84295645e+00 2.49030096e+00 -1.93063748e+00 3.37232895e+02 1.91638486e+01
1.25003648e-03 5.44716441e-01 3.38396260e+00 1.85716125e+00 2.49501002e+00 -1.95818167e+00 3.49461936e+02 1.92630756e+01
1.29503602e-03 5.47540587e-01 3.38937360e+00 1.87155947e+00 2.49998848e+00 -1.98622743e+00 3.62042071e+02 1.93629468e+01
1.34131113e-03 5.50390753e-01 3.39477561e+00 1.88614970e+00 2.50559877e+00 -2.01447351e+00 3.74978805e+02 1.94637385e+01
1.38888083e-03 5.53266276e-01 3.40023847e+00 1.90095272e+00 2.51096063e+00 -2.04342284e+00 3.88277456e+02 1.95654273e+01
1.43776318e-03 5.56162700e-01 3.40557453e+00 1.91584636e+00 2.51585311e+00 -2.07356161e+00 4.01943073e+02 1.96678558e+01
1.48797510e-03 5.59078597e-01 3.41081052e+00 1.93059785e+00 2.52149266e+00 -2.10512681e+00 4.15980388e+02 1.97709731e+01
1.53953290e-03 5.62013237e-01 3.41636784e+00 1.94521291e+00 2.52798602e+00 -2.13869168e+00 4.30393959e+02 1.98747531e+01
1.59245192e-03 5.64966015e-01 3.42265208e+00 1.95981642e+00 2.53450042e+00 -2.17394895e+00 4.45188074e+02 1.99791744e+01
1.64674494e-03 5.67939288e-01 3.42974876e+00 1.97438268e+00 2.54069769e+00 -2.20992410e+00 4.60366307e+02 2.00843204e+01
1.70242291e-03 5.70932418e-01 3.43733471e+00 1.98875786e+00 2.54677438e+00 -2.24620776e+00 4.75931716e+02 2.01901687e+01
1.75949623e-03 5.73937581e-01 3.44479155e+00 2.00273657e+00 2.55310805e+00 -2.28216120e+00 4.91887214e+02 2.02964426e+01
1.81797158e-03 5.76947986e-01 3.45205794e+00 2.01621324e+00 2.55958533e+00 -2.31712039e+00 5.08234664e+02 2.04029017e+01
1.87785162e-03 5.79965516e-01 3.45962640e+00 2.02932064e+00 2.56599996e+00 -2.35128117e+00 5.24974810e+02 2.05096128e+01
1.93914268e-03 5.83000233e-01 3.46809645e+00 2.04225867e+00 2.57248320e+00 -2.38448507e+00 5.42109426e+02 2.06169321e+01
2.00185054e-03 5.86066156e-01 3.47753805e+00 2.05508501e+00 2.57933002e+00 -2.41588928e+00 5.59640121e+02 2.07253560e+01
2.06596559e-03 5.89174174e-01 3.48721537e+00 2.06783007e+00 2.58679954e+00 -2.44542326e+00 5.77564214e+02 2.08352690e+01
2.13147897e-03 5.92324173e-01 3.49672627e+00 2.08058347e+00 2.59449550e+00 -2.47448936e+00 5.95879224e+02 2.09466665e+01
2.19840692e-03 5.95505216e-01 3.50621535e+00 2.09328298e+00 2.60207871e+00 -2.50426456e+00 6.14589696e+02 2.10591618e+01
2.26674832e-03 5.98702765e-01 3.51579572e+00 2.10589783e+00 2.60957684e+00 -2.53477031e+00 6.33695313e+02 2.11722413e+01
2.33644488e-03 6.01904821e-01 3.52570575e+00 2.11859177e+00 2.61680143e+00 -2.56620399e+00 6.53179779e+02 2.12854809e+01
2.40747759e-03 6.05111148e-01 3.53581900e+00 2.13124892e+00 2.62369203e+00 -2.59914791e+00 6.73037784e+02 2.13988722e+01
2.47994214e-03 6.08341624e-01 3.54599187e+00 2.14357899e+00 2.63058650e+00 -2.63421391e+00 6.93296075e+02 2.15131180e+01
2.55383377e-03 6.11622717e-01 3.55729965e+00 2.15541385e+00 2.63847111e+00 -2.67129233e+00 7.13953322e+02 2.16291539e+01
2.62876321e-03 6.14954592e-01 3.56975284e+00 2.16675454e+00 2.64674132e+00 -2.70884536e+00 7.34900698e+02 2.17469857e+01
2.70410300e-03 6.18296287e-01 3.58237001e+00 2.17719158e+00 2.65532207e+00 -2.74612956e+00 7.55962795e+02 2.18651660e+01
2.77945664e-03 6.21595620e-01 3.59695684e+00 2.18609814e+00 2.66699994e+00 -2.78192972e+00 7.77028763e+02 2.19818485e+01
2.85482117e-03 6.24837124e-01 3.60706607e+00 2.19527429e+00 2.67285722e+00 -2.81544125e+00 7.98097776e+02 2.20964850e+01
2.93030797e-03 6.28050230e-01 3.61885668e+00 2.20566033e+00 2.68234684e+00 -2.84510106e+00 8.19200972e+02 2.22101162e+01
3.00591489e-03 6.31264360e-01 3.63160415e+00 2.21746468e+00 2.69549318e+00 -2.87187599e+00 8.40337747e+02 2.23237841e+01
3.08159267e-03 6.34481843e-01 3.63915108e+00 2.22996646e+00 2.70254959e+00 -2.89883707e+00 8.61494334e+02 2.24375702e+01
3.15734517e-03 6.37694600e-01 3.64852836e+00 2.24102911e+00 2.71175207e+00 -2.92636947e+00 8.82671808e+02 2.25511896e+01
3.23319354e-03 6.40898554e-01 3.65728828e+00 2.25083011e+00 2.72067320e+00 -2.95513947e+00 9.03876082e+02 2.26644976e+01
3.30913184e-03 6.44079537e-01 3.66592544e+00 2.25975866e+00 2.72946877e+00 -2.98516184e+00 9.25105501e+02 2.27769944e+01
3.38515001e-03 6.47218142e-01 3.67467612e+00 2.26831639e+00 2.73821258e+00 -3.01506256e+00 9.46357245e+02 2.28879944e+01
3.46125115e-03 6.50324145e-01 3.68298967e+00 2.27708566e+00 2.74681508e+00 -3.04286363e+00 9.67632184e+02 2.29978421e+01
3.53743740e-03 6.53438856e-01 3.69101694e+00 2.28608274e+00 2.75514423e+00 -3.06922371e+00 9.88930918e+02 2.31079970e+01
3.61370511e-03 6.56592331e-01 3.69853664e+00 2.29509894e+00 2.76231285e+00 -3.09560448e+00 1.01025243e+03 2.32195219e+01
3.69005261e-03 6.59779034e-01 3.70547896e+00 2.30390767e+00 2.76880445e+00 -3.12197443e+00 1.03159624e+03 2.33322215e+01
3.76648026e-03 6.62979286e-01 3.71197338e+00 2.31221209e+00 2.77566400e+00 -3.14781822e+00 1.05296246e+03 2.34453994e+01
3.84298695e-03 6.66183231e-01 3.71778794e+00 2.31995628e+00 2.78283406e+00 -3.17267307e+00 1.07435078e+03 2.35587069e+01
3.91957137e-03 6.69387626e-01 3.72338191e+00 2.32738539e+00 2.78949071e+00 -3.19655682e+00 1.09576082e+03 2.36720291e+01
3.99623316e-03 6.72587143e-01 3.72979408e+00 2.33450367e+00 2.79494106e+00 -3.21963925e+00 1.11719250e+03 2.37851779e+01
4.07297182e-03 6.75778534e-01 3.73729414e+00 2.34091372e+00 2.79988696e+00 -3.24195776e+00 1.13864567e+03 2.38980396e+01
4.14978654e-03 6.78963963e-01 3.74508722e+00 2.34658624e+00 2.80517595e+00 -3.26352275e+00 1.16012010e+03 2.40106918e+01
4.22667669e-03 6.82143989e-01 3.75227410e+00 2.35201540e+00 2.81052501e+00 -3.28406223e+00 1.18161561e+03 2.41231537e+01
4.30364169e-03 6.85311714e-01 3.75910991e+00 2.35751308e+00 2.81489528e+00 -3.30373757e+00 1.20313206e+03 2.42351804e+01
4.38068085e-03 6.88457790e-01 3.76572058e+00 2.36294839e+00 2.81839109e+00 -3.32408732e+00 1.22466923e+03 2.43464417e+01
4.45779352e-03 6.91581840e-01 3.77167783e+00 2.36798210e+00 2.82243538e+00 -3.34580093e+00 1.24622696e+03 2.44569241e+01
4.53497905e-03 6.94699350e-01 3.77738538e+00 2.37257781e+00 2.82801745e+00 -3.36784868e+00 1.26780505e+03 2.45671747e+01
4.61223681e-03 6.97837331e-01 3.78335279e+00 2.37700083e+00 2.83499075e+00 -3.38978911e+00 1.28940334e+03 2.46781492e+01
4.68956619e-03 7.01021700e-01 3.78956729e+00 2.38130288e+00 2.84280730e+00 -3.41162743e+00 1.31102165e+03 2.47907648e+01
4.76696659e-03 7.04262877e-01 3.79583968e+00 2.38537690e+00 2.85089634e+00 -3.43246386e+00 1.33265981e+03 2.49053892e+01
4.84443740e-03 7.07546570e-01 3.80164050e+00 2.38948148e+00 2.85782542e+00 -3.45115565e+00 1.35431766e+03 2.50215170e+01
4.92197804e-03 7.10842893e-01 3.80648429e+00 2.39398045e+00 2.86280992e+00 -3.46758206e+00 1.37599503e+03 2.51380920e+01
4.99958787e-03 7.14133025e-01 3.81067653e+00 2.39868062e+00 2.86690584e+00 -3.48195762e+00 1.39769174e+03 2.52544477e+01
5.07726630e-03 7.17420998e-01 3.81462773e+00 2.40324654e+00 2.87107084e+00 -3.49532854e+00 1.41940763e+03 2.53707259e+01
5.15501271e-03 7.20717570e-01 3.81846814e+00 2.40768081e+00 2.87536771e+00 -3.50923647e+00 1.44114252e+03 2.54873075e+01
5.23282649e-03 7.24030771e-01 3.82156972e+00 2.41230451e+00 2.87946975e+00 -3.52313818e+00 1.46289625e+03 2.56044776e+01
5.31070702e-03 7.27371177e-01 3.82347761e+00 2.41722923e+00 2.88344714e+00 -3.53535868e+00 1.48466864e+03 2.57226101e+01
5.38865368e-03 7.30740279e-01 3.82487376e+00 2.42197305e+00 2.88803064e+00 -3.54570570e+00 1.50645952e+03 2.58417564e+01
5.46666587e-03 7.34116474e-01 3.82627642e+00 2.42608302e+00 2.89372577e+00 -3.55494272e+00 1.52826871e+03 2.59611524e+01
5.54474300e-03 7.37477319e-01 3.82750388e+00 2.42949569e+00 2.90037381e+00 -3.56369575e+00 1.55009606e+03 2.60800052e+01
5.62288449e-03 7.40830615e-01 3.82835037e+00 2.43230668e+00 2.90760536e+00 -3.57175114e+00 1.57194141e+03 2.61985903e+01
5.70108976e-03 7.44203747e-01 3.82923343e+00 2.43473669e+00 2.91500815e+00 -3.57893980e+00 1.59380458e+03 2.63178770e+01
5.77935820e-03 7.47609569e-01 3.83113215e+00 2.43701302e+00 2.92152832e+00 -3.58634771e+00 1.61568541e+03 2.64383204e+01
5.85768922e-03 7.51040318e-01 3.83428688e+00 2.43919759e+00 2.92658663e+00 -3.59551420e+00 1.63758374e+03 2.65596460e+01
5.93608223e-03 7.54487146e-01 3.83828695e+00 2.44137021e+00 2.93090659e+00 -3.60676787e+00 1.65949940e+03 2.66815410e+01
6.01453663e-03 7.57948724e-01 3.84246655e+00 2.44343335e+00 2.93514855e+00 -3.61850472e+00 1.68143223e+03 2.68039583e+01
6.09305183e-03 7.61426972e-01 3.84565904e+00 2.44525524e+00 2.93871439e+00 -3.62796016e+00 1.70338204e+03 2.69269658e+01
6.17162721e-03 7.64926876e-01 3.84655254e+00 2.44701246e+00 2.94131411e+00 -3.63359686e+00 1.72534869e+03 2.70507393e+01
6.25026218e-03 7.68455670e-01 3.84480264e+00 2.44864760e+00 2.94419994e+00 -3.63619688e+00 1.74733199e+03 2.71755330e+01
6.32895613e-03 7.72013927e-01 3.84165685e+00 2.44975684e+00 2.94781172e+00 -3.63775440e+00 1.76933178e+03 2.73013663e+01
6.40770846e-03 7.75589295e-01 3.83870562e+00 2.45016731e+00 2.95136748e+00 -3.63988906e+00 1.79134789e+03 2.74278028e+01
6.48651855e-03 7.79164406e-01 3.83702002e+00 2.44998792e+00 2.95479658e+00 -3.64317919e+00 1.81338015e+03 2.75542304e+01
6.56538582e-03 7.82731504e-01 3.83679162e+00 2.44946938e+00 2.95829655e+00 -3.64737763e+00 1.83542839e+03 2.76803769e+01
6.64430963e-03 7.86297922e-01 3.83696865e+00 2.44878471e+00 2.96188940e+00 -3.65256859e+00 1.85749244e+03 2.78065009e+01
6.72328940e-03 7.89882366e-01 3.83698672e+00 2.44794069e+00 2.96508205e+00 -3.65839454e+00 1.87957213e+03 2.79332624e+01
6.80232450e-03 7.93504851e-01 3.83707594e+00 2.44689284e+00 2.96654582e+00 -3.66326560e+00 1.90166730e+03 2.80613684e+01
6.88141431e-03 7.97165311e-01 3.83690628e+00 2.44549230e+00 2.96627802e+00 -3.66735182e+00 1.92377776e+03 2.81908169e+01
6.96055824e-03 8.00833365e-01 3.83577477e+00 2.44342727e+00 2.96630424e+00 -3.67198947e+00 1.94590334e+03 2.83205348e+01
7.03975564e-03 8.04475056e-01 3.83359076e+00 2.44061428e+00 2.96730065e+00 -3.67664547e+00 1.96804388e+03 2.84493212e+01
7.11900592e-03 8.08082611e-01 3.83112644e+00 2.43740684e+00 2.96766237e+00 -3.68037855e+00 1.99019919e+03 2.85769000e+01
7.19830844e-03 8.11668542e-01 3.82895242e+00 2.43421897e+00 2.96657378e+00 -3.68269640e+00 2.01236912e+03 2.87037136e+01
7.27766258e-03 8.15248204e-01 3.82697227e+00 2.43116841e+00 2.96449151e+00 -3.68326212e+00 2.03455347e+03 2.88303059e+01
7.35706772e-03 8.18838019e-01 3.82487368e+00 2.42813903e+00 2.96189941e+00 -3.68189469e+00 2.05675208e+03 2.89572581e+01
7.43652323e-03 8.22453558e-01 3.82187596e+00 2.42507669e+00 2.95907826e+00 -3.67975425e+00 2.07896478e+03 2.90851195e+01
7.51602849e-03 8.26099065e-01 3.81719900e+00 2.42210562e+00 2.95597172e+00 -3.67782930e+00 2.10119138e+03 2.92140390e+01
7.59558287e-03 8.29765444e-01 3.81063942e+00 2.41934165e+00 2.95229821e+00 -3.67512452e+00 2.12343171e+03 2.93436953e+01
7.67518574e-03 8.33437236e-01 3.80251002e+00 2.41658882e+00 2.94743009e+00 -3.67095990e+00 2.14568560e+03 2.94735425e+01
7.75483647e-03 8.37097896e-01 3.79364301e+00 2.41360294e+00 2.94144107e+00 -3.66714652e+00 2.16795287e+03 2.96029960e+01
7.83453442e-03 8.40738618e-01 3.78486574e+00 2.41051729e+00 2.93483917e+00 -3.66532619e+00 2.19023334e+03 2.97317448e+01
7.91427897e-03 8.44367022e-01 3.77649939e+00 2.40760442e+00 2.92809544e+00 -3.66445068e+00 2.21252684e+03 2.98600577e+01
7.99406947e-03 8.47998586e-01 3.76829168e+00 2.40505875e+00 2.92161412e+00 -3.66234584e+00 2.23483318e+03 2.99884811e+01
8.07390529e-03 8.51638181e-01 3.75984955e+00 2.40266595e+00 2.91607564e+00 -3.65762703e+00 2.25715219e+03 3.01171878e+01
8.15378579e-03 8.55274998e-01 3.75041003e+00 2.40005803e+00 2.91193462e+00 -3.65109596e+00 2.27948370e+03 3.02457964e+01
8.23371033e-03 8.58894231e-01 3.73903184e+00 2.39733410e+00 2.90823769e+00 -3.64413161e+00 2.30182751e+03 3.03737827e+01
8.31367827e-03 8.62490720e-01 3.72607688e+00 2.39461988e+00 2.90432314e+00 -3.63587176e+00 2.32418346e+03 3.05009630e+01
8.39368896e-03 8.66067870e-01 3.71307136e+00 2.39159652e+00 2.90016956e+00 -3.62426105e+00 2.34655136e+03 3.06274580e+01
8.47374177e-03 8.69621444e-01 3.70139729e+00 2.38809993e+00 2.89514368e+00 -3.61006257e+00 2.36893103e+03 3.07531191e+01
8.55383604e-03 8.73134635e-01 3.69144766e+00 2.38426773e+00 2.88928198e+00 -3.59601731e+00 2.39132230e+03 3.08773526e+01
8.63397113e-03 8.76599340e-01 3.68292214e+00 2.38018986e+00 2.88264661e+00 -3.58355219e+00 2.41372498e+03 3.09998730e+01
8.71414639e-03 8.80034189e-01 3.67530095e+00 2.37580721e+00 2.87497481e+00 -3.57217039e+00 2.43613888e+03 3.11213389e+01
8.79436117e-03 8.83470163e-01 3.66738219e+00 2.37086890e+00 2.86697714e+00 -3.56077504e+00 2.45856384e+03 3.12428452e+01
8.87461482e-03 8.86922741e-01 3.65843919e+00 2.36516682e+00 2.85945525e+00 -3.54797405e+00 2.48099966e+03 3.13649388e+01
8.95490669e-03 8.90385389e-01 3.64896970e+00 2.35881206e+00 2.85219146e+00 -3.53252465e+00 2.50344617e+03 3.14873887e+01
9.03523611e-03 8.93845771e-01 3.63982400e+00 2.35201231e+00 2.84493605e+00 -3.51538366e+00 2.52590317e+03 3.16097584e+01
9.11560245e-03 8.97303080e-01 3.63123681e+00 2.34487075e+00 2.83780725e+00 -3.49802590e+00 2.54837050e+03 3.17320190e+01
9.19600504e-03 9.00769885e-01 3.62219583e+00 2.33741507e+00 2.83028681e+00 -3.48042687e+00 2.57084796e+03 3.18546154e+01
9.27644322e-03 9.04259465e-01 3.61183536e+00 2.32963951e+00 2.82203239e+00 -3.46194950e+00 2.59333537e+03 3.19780175e+01
9.35691634e-03 9.07775966e-01 3.60030493e+00 2.32178252e+00 2.81354333e+00 -3.44139496e+00 2.61583254e+03 3.21023717e+01
9.43742373e-03 9.11311379e-01 3.58828741e+00 2.31432411e+00 2.80478414e+00 -3.41857772e+00 2.63833930e+03 3.22273937e+01
9.51796474e-03 9.14840763e-01 3.57659558e+00 2.30731124e+00 2.79496555e+00 -3.39467527e+00 2.66085546e+03 3.23522015e+01
9.59853870e-03 9.18327193e-01 3.56539824e+00 2.30018949e+00 2.78420111e+00 -3.36984506e+00 2.68338083e+03 3.24754908e+01
9.67914496e-03 9.21745481e-01 3.55448223e+00 2.29262432e+00 2.77303347e+00 -3.34393692e+00 2.70591523e+03 3.25963716e+01
9.75978284e-03 9.25101944e-01 3.54389761e+00 2.28478042e+00 2.76173401e+00 -3.31806566e+00 2.72845846e+03 3.27150665e+01
9.84045168e-03 9.28428702e-01 3.53337902e+00 2.27685188e+00 2.75095024e+00 -3.29337401e+00 2.75101036e+03 3.28327104e+01
9.92115081e-03 9.31758003e-01 3.52212623e+00 2.26912343e+00 2.74106621e+00 -3.26978586e+00 2.77357072e+03 3.29504441e+01
1.00018796e-02 9.35096613e-01 3.51008066e+00 2.26169308e+00 2.73141971e+00 -3.24671313e+00 2.79613936e+03 3.30685073e+01
1.00826373e-02 9.38425962e-01 3.49845207e+00 2.25417399e+00 2.72154356e+00 -3.22352300e+00 2.81871611e+03 3.31862423e+01
1.01634233e-02 9.41732650e-01 3.48786671e+00 2.24635070e+00 2.71128608e+00 -3.19880394e+00 2.84130076e+03 3.33031749e+01
1.02442369e-02 9.45026683e-01 3.47753899e+00 2.23834772e+00 2.70043731e+00 -3.17218380e+00 2.86389313e+03 3.34196587e+01
1.03250775e-02 9.48320480e-01 3.46671251e+00 2.23027491e+00 2.68875053e+00 -3.14505182e+00 2.88649303e+03 3.35361327e+01
1.04059444e-02 9.51608538e-01 3.45523110e+00 2.22216517e+00 2.67586273e+00 -3.11812805e+00 2.90910028e+03 3.36524028e+01
1.04868368e-02 9.54879667e-01 3.44313963e+00 2.21398402e+00 2.66207363e+00 -3.09105283e+00 2.93171469e+03 3.37680748e+01
1.05677542e-02 9.58136405e-01 3.43029904e+00 2.20571700e+00 2.64777951e+00 -3.06364763e+00 2.95433607e+03 3.38832388e+01
1.06486959e-02 9.61393902e-01 3.41616351e+00 2.19735953e+00 2.63300513e+00 -3.03601021e+00 2.97696423e+03 3.39984300e+01
1.07296611e-02 9.64662474e-01 3.40078695e+00 2.18874482e+00 2.61769421e+00 -3.00843384e+00 2.99959899e+03 3.41140126e+01
1.08106493e-02 9.67934696e-01 3.38565014e+00 2.17954151e+00 2.60194604e+00 -2.98174252e+00 3.02224014e+03 3.42297245e+01
1.08916596e-02 9.71194536e-01 3.37126579e+00 2.16955856e+00 2.58521318e+00 -2.95609940e+00 3.04488751e+03 3.43449993e+01
1.09726915e-02 9.74437838e-01 3.35669520e+00 2.15852663e+00 2.56793971e+00 -2.93072553e+00 3.06754091e+03 3.44596889e+01
1.10537443e-02 9.77673511e-01 3.34298728e+00 2.14630148e+00 2.55300283e+00 -2.90384136e+00 3.09020014e+03 3.45741072e+01
1.11348173e-02 9.80904068e-01 3.32413428e+00 2.13475719e+00 2.53300315e+00 -2.87639165e+00 3.11286501e+03 3.46883431e+01
1.12159098e-02 9.84119784e-01 3.30621944e+00 2.12460927e+00 2.51561025e+00 -2.84708734e+00 3.13553534e+03 3.48020537e+01
1.12970211e-02 9.87316769e-01 3.29069511e+00 2.11564433e+00 2.50170463e+00 -2.81524482e+00 3.15821094e+03 3.49151025e+01
1.13781506e-02 9.90505452e-01 3.27159598e+00 2.10716966e+00 2.48307129e+00 -2.78254886e+00 3.18089160e+03 3.50278576e+01
1.14592975e-02 9.93696450e-01 3.25362961e+00 2.09736986e+00 2.46652979e+00 -2.74891991e+00 3.20357716e+03 3.51406944e+01
1.15404613e-02 9.96890791e-01 3.23493101e+00 2.08632400e+00 2.45022404e+00 -2.71547844e+00 3.22626740e+03 3.52536487e+01
1.16216411e-02 1.00008417e+00 3.21484069e+00 2.07471106e+00 2.43308912e+00 -2.68169123e+00 3.24896215e+03 3.53665675e+01
1.17028364e-02 1.00327487e+00 3.19349555e+00 2.06315236e+00 2.41439231e+00 -2.64662228e+00 3.27166121e+03 3.54793908e+01
1.17840464e-02 1.00646269e+00 3.17066605e+00 2.05164037e+00 2.39388695e+00 -2.60975319e+00 3.29436439e+03 3.55921110e+01
1.18652704e-02 1.00964119e+00 3.14682008e+00 2.03966560e+00 2.37319690e+00 -2.57190024e+00 3.31707150e+03 3.57045013e+01
1.19465078e-02 1.01279815e+00 3.12327002e+00 2.02686215e+00 2.35311148e+00 -2.53449141e+00 3.33978234e+03 3.58161298e+01
1.20277579e-02 1.01592826e+00 3.10091180e+00 2.01318046e+00 2.33328592e+00 -2.49809217e+00 3.36249674e+03 3.59268087e+01
1.21090200e-02 1.01904131e+00 3.07885708e+00 1.99917196e+00 2.31259908e+00 -2.46190135e+00 3.38521448e+03 3.60368839e+01
1.21902934e-02 1.02215158e+00 3.05605207e+00 1.98532336e+00 2.29036822e+00 -2.42388202e+00 3.40793539e+03 3.61468599e+01
1.22715775e-02 1.02525959e+00 3.03236304e+00 1.97154294e+00 2.26722360e+00 -2.38307744e+00 3.43065927e+03 3.62567553e+01
1.23528714e-02 1.02835059e+00 3.00832883e+00 1.95751526e+00 2.24409916e+00 -2.34039409e+00 3.45338592e+03 3.63660495e+01
1.24341747e-02 1.03141353e+00 2.98408278e+00 1.94308152e+00 2.22140090e+00 -2.29688681e+00 3.47611516e+03 3.64743519e+01
1.25154865e-02 1.03445440e+00 2.95894410e+00 1.92835933e+00 2.19876564e+00 -2.25282626e+00 3.49884680e+03 3.65818738e+01
1.25968061e-02 1.03748517e+00 2.93268201e+00 1.91370301e+00 2.17546668e+00 -2.20828418e+00 3.52158064e+03 3.66890369e+01
1.26781330e-02 1.04050563e+00 2.90578295e+00 1.89935032e+00 2.15121855e+00 -2.16369203e+00 3.54431648e+03 3.67958341e+01
1.27594663e-02 1.04350385e+00 2.87892696e+00 1.88514945e+00 2.12620748e+00 -2.11929646e+00 3.56705415e+03 3.69018449e+01
1.28408055e-02 1.04647016e+00 2.85257717e+00 1.87070547e+00 2.10075854e+00 -2.07509341e+00 3.58979343e+03 3.70067275e+01
1.29221497e-02 1.04940303e+00 2.82641939e+00 1.85573551e+00 2.07483394e+00 -2.03154705e+00 3.61253415e+03 3.71104279e+01
1.30034985e-02 1.05230361e+00 2.79927417e+00 1.84045144e+00 2.04824367e+00 -1.98923130e+00 3.63527611e+03 3.72129858e+01
1.30848509e-02 1.05517040e+00 2.77057502e+00 1.82523541e+00 2.02173211e+00 -1.94819258e+00 3.65801912e+03 3.73143479e+01
1.31662064e-02 1.05800040e+00 2.74130417e+00 1.81017548e+00 1.99578394e+00 -1.90764243e+00 3.68076298e+03 3.74144088e+01
1.32475643e-02 1.06079470e+00 2.71264051e+00 1.79498149e+00 1.96999093e+00 -1.86659625e+00 3.70350750e+03 3.75132070e+01
1.33289238e-02 1.06356271e+00 2.68408280e+00 1.77930547e+00 1.94462231e+00 -1.82445241e+00 3.72625248e+03 3.76110752e+01
1.34102844e-02 1.06631737e+00 2.65414121e+00 1.76318811e+00 1.92003700e+00 -1.78118064e+00 3.74899775e+03 3.77084695e+01
1.34916452e-02 1.06906128e+00 2.62248901e+00 1.74695287e+00 1.89581973e+00 -1.73730989e+00 3.77174309e+03 3.78054823e+01
1.35730056e-02 1.07178007e+00 2.58995082e+00 1.73075824e+00 1.87138367e+00 -1.69375322e+00 3.79448833e+03 3.79016067e+01
1.36543650e-02 1.07445626e+00 2.55737507e+00 1.71453566e+00 1.84604132e+00 -1.65079179e+00 3.81723327e+03 3.79962251e+01
1.37357226e-02 1.07708937e+00 2.52489720e+00 1.69822455e+00 1.81960258e+00 -1.60773572e+00 3.83997771e+03 3.80893204e+01
1.38170777e-02 1.07969518e+00 2.49185504e+00 1.68172729e+00 1.79304127e+00 -1.56387973e+00 3.86272146e+03 3.81814486e+01
1.38984297e-02 1.08228452e+00 2.45763149e+00 1.66489272e+00 1.76689156e+00 -1.51929711e+00 3.88546433e+03 3.82729917e+01
1.39797778e-02 1.08485099e+00 2.42247268e+00 1.64763473e+00 1.74086066e+00 -1.47457062e+00 3.90820612e+03 3.83637245e+01
1.40611214e-02 1.08738175e+00 2.38696888e+00 1.63009282e+00 1.71457510e+00 -1.43013542e+00 3.93094665e+03 3.84531931e+01
1.41424598e-02 1.08987163e+00 2.35160178e+00 1.61249462e+00 1.68776228e+00 -1.38622670e+00 3.95368573e+03 3.85412155e+01
1.42237923e-02 1.09232369e+00 2.31626597e+00 1.59482567e+00 1.66049805e+00 -1.34324380e+00 3.97642315e+03 3.86279006e+01
1.43051181e-02 1.09474484e+00 2.28005628e+00 1.57690607e+00 1.63310844e+00 -1.30090992e+00 3.99915873e+03 3.87134926e+01
1.43864368e-02 1.09714335e+00 2.24203153e+00 1.55879838e+00 1.60538851e+00 -1.25827814e+00 4.02189227e+03 3.87982821e+01
1.44677474e-02 1.09952126e+00 2.20215528e+00 1.54063348e+00 1.57727697e+00 -1.21516003e+00 4.04462358e+03 3.88823411e+01
1.45490494e-02 1.10186625e+00 2.16130288e+00 1.52237896e+00 1.54941957e+00 -1.17227751e+00 4.06735247e+03 3.89652341e+01
1.46303420e-02 1.10415738e+00 2.12009201e+00 1.50413646e+00 1.52185380e+00 -1.13033934e+00 4.09007875e+03 3.90462224e+01
1.47116246e-02 1.10638194e+00 2.07863716e+00 1.48608382e+00 1.49376688e+00 -1.08913791e+00 4.11280222e+03 3.91248575e+01
1.47928964e-02 1.10854323e+00 2.03661408e+00 1.46823434e+00 1.46495605e+00 -1.04808941e+00 4.13552270e+03 3.92012553e+01
1.48741569e-02 1.11065067e+00 1.99368214e+00 1.45046520e+00 1.43596058e+00 -1.00725148e+00 4.15823999e+03 3.92757485e+01
1.49554053e-02 1.11270731e+00 1.95016509e+00 1.43254588e+00 1.40677806e+00 -9.66791342e-01 4.18095390e+03 3.93484442e+01
1.50366409e-02 1.11470920e+00 1.90645130e+00 1.41431338e+00 1.37737148e+00 -9.26829703e-01 4.20366423e+03 3.94192028e+01
1.51178630e-02 1.11665240e+00 1.86273795e+00 1.39573450e+00 1.34821434e+00 -8.87430886e-01 4.22637080e+03 3.94878855e+01
1.51990710e-02 1.11853676e+00 1.81902066e+00 1.37689629e+00 1.31988392e+00 -8.48581372e-01 4.24907342e+03 3.95544878e+01
1.52802641e-02 1.12036436e+00 1.77496436e+00 1.35798967e+00 1.29222173e+00 -8.10684121e-01 4.27177189e+03 3.96190838e+01
1.53614417e-02 1.12213707e+00 1.73045509e+00 1.33911729e+00 1.26447984e+00 -7.73932432e-01 4.29446602e+03 3.96817399e+01
1.54426032e-02 1.12385530e+00 1.68594593e+00 1.32019400e+00 1.23667322e+00 -7.38087166e-01 4.31715562e+03 3.97424694e+01
1.55237477e-02 1.12551675e+00 1.64176827e+00 1.30105735e+00 1.20933664e+00 -7.03178510e-01 4.33984050e+03 3.98011908e+01
1.56048747e-02 1.12711745e+00 1.59814440e+00 1.28157606e+00 1.18262998e+00 -6.69532242e-01 4.36252047e+03 3.98577634e+01
1.56859834e-02 1.12865695e+00 1.55539578e+00 1.26179505e+00 1.15589557e+00 -6.37366514e-01 4.38519534e+03 3.99121724e+01
1.57670732e-02 1.13014229e+00 1.51314082e+00 1.24190010e+00 1.12889394e+00 -6.06507835e-01 4.40786492e+03 3.99646662e+01
1.58481434e-02 1.13158296e+00 1.47065223e+00 1.22206055e+00 1.10207527e+00 -5.76356980e-01 4.43052902e+03 4.00155807e+01
1.59291933e-02 1.13297983e+00 1.42805615e+00 1.20230233e+00 1.07569427e+00 -5.46492441e-01 4.45318744e+03 4.00649464e+01
1.60102223e-02 1.13432065e+00 1.38648156e+00 1.18251202e+00 1.04963128e+00 -5.17081332e-01 4.47584001e+03 4.01123306e+01
1.60912296e-02 1.13559014e+00 1.34699502e+00 1.16259546e+00 1.02370399e+00 -4.88612889e-01 4.49848652e+03 4.01571936e+01
1.61722146e-02 1.13678488e+00 1.30943682e+00 1.14259303e+00 9.97934441e-01 -4.61434762e-01 4.52112679e+03 4.01994155e+01
1.62531765e-02 1.13791612e+00 1.27258001e+00 1.12269950e+00 9.72121876e-01 -4.35527678e-01 4.54376064e+03 4.02393933e+01
1.63341148e-02 1.13899817e+00 1.23552046e+00 1.10302502e+00 9.46028391e-01 -4.10713848e-01 4.56638786e+03 4.02776322e+01
1.64150288e-02 1.14003626e+00 1.19850093e+00 1.08352924e+00 9.19898557e-01 -3.86817873e-01 4.58900828e+03 4.03143173e+01
1.64959177e-02 1.14102541e+00 1.16216517e+00 1.06414101e+00 8.93978999e-01 -3.63819807e-01 4.61162170e+03 4.03492723e+01
1.65767809e-02 1.14195860e+00 1.12686487e+00 1.04477151e+00 8.68188954e-01 -3.41882175e-01 4.63422794e+03 4.03822504e+01
1.66576178e-02 1.14283511e+00 1.09283392e+00 1.02538663e+00 8.42540263e-01 -3.21010649e-01 4.65682680e+03 4.04132252e+01
1.67384276e-02 1.14366121e+00 1.06013523e+00 1.00605208e+00 8.17151618e-01 -3.01108053e-01 4.67941810e+03 4.04424180e+01
1.68192097e-02 1.14444412e+00 1.02843482e+00 9.86888991e-01 7.92293922e-01 -2.82250904e-01 4.70200166e+03 4.04700842e+01
1.68999634e-02 1.14518710e+00 9.97483803e-01 9.68017820e-01 7.68273296e-01 -2.64490614e-01 4.72457728e+03 4.04963393e+01
1.69806881e-02 1.14589017e+00 9.67363531e-01 9.49405401e-01 7.45284019e-01 -2.47637832e-01 4.74714478e+03 4.05211844e+01
1.70613830e-02 1.14655306e+00 9.37826702e-01 9.30896497e-01 7.23374585e-01 -2.31544875e-01 4.76970397e+03 4.05446092e+01
1.71420476e-02 1.14717649e+00 9.08533294e-01 9.12350724e-01 7.02409588e-01 -2.16254658e-01 4.79225466e+03 4.05666397e+01
1.72226811e-02 1.14776218e+00 8.79717906e-01 8.93845217e-01 6.81985945e-01 -2.01722829e-01 4.81479668e+03 4.05873364e+01
1.73032829e-02 1.14831158e+00 8.51976382e-01 8.75623439e-01 6.61625771e-01 -1.87881100e-01 4.83732982e+03 4.06067506e+01
1.73838523e-02 1.14882479e+00 8.25551551e-01 8.57708477e-01 6.41200562e-01 -1.74771188e-01 4.85985392e+03 4.06248862e+01
1.74643886e-02 1.14930231e+00 8.00190694e-01 8.39914741e-01 6.21163485e-01 -1.62388694e-01 4.88236877e+03 4.06417611e+01
1.75448913e-02 1.14974779e+00 7.75429279e-01 8.22284461e-01 6.01704240e-01 -1.50688293e-01 4.90487420e+03 4.06575042e+01
1.76253595e-02 1.15016710e+00 7.51426823e-01 8.05035662e-01 5.82575678e-01 -1.39451286e-01 4.92737003e+03 4.06723222e+01
1.77057928e-02 1.15056412e+00 7.28841265e-01 7.88205948e-01 5.63897129e-01 -1.28436577e-01 4.94985606e+03 4.06863524e+01
1.77861904e-02 1.15093828e+00 7.07733121e-01 7.71685465e-01 5.45954111e-01 -1.17865720e-01 4.97233211e+03 4.06995753e+01
1.78665516e-02 1.15128660e+00 6.87627449e-01 7.55370201e-01 5.28727597e-01 -1.08127218e-01 4.99479801e+03 4.07118848e+01
1.79468758e-02 1.15160767e+00 6.68076685e-01 7.39217166e-01 5.12118268e-01 -9.92722829e-02 5.01725356e+03 4.07232313e+01
1.80271624e-02 1.15190280e+00 6.49200822e-01 7.23270036e-01 4.95982872e-01 -9.11490679e-02 5.03969858e+03 4.07336617e+01
1.81074106e-02 1.15217403e+00 6.31464241e-01 7.07606777e-01 4.80006618e-01 -8.37508313e-02 5.06213290e+03 4.07432475e+01
1.81876199e-02 1.15242303e+00 6.14927201e-01 6.92299110e-01 4.63839108e-01 -7.70871223e-02 5.08455632e+03 4.07520481e+01
1.82677896e-02 1.15265164e+00 5.99241603e-01 6.77327573e-01 4.47655497e-01 -7.10744311e-02 5.10696867e+03 4.07601283e+01
1.83479190e-02 1.15286180e+00 5.84213074e-01 6.62593190e-01 4.32180672e-01 -6.55883219e-02 5.12936977e+03 4.07675571e+01
1.84280076e-02 1.15305558e+00 5.69751326e-01 6.48136213e-01 4.17668314e-01 -6.04312574e-02 5.15175943e+03 4.07744067e+01
1.85080545e-02 1.15323545e+00 5.55838505e-01 6.34085045e-01 4.04031173e-01 -5.54025231e-02 5.17413747e+03 4.07807651e+01
1.85880593e-02 1.15340336e+00 5.42403351e-01 6.20436568e-01 3.91305496e-01 -5.04892498e-02 5.19650371e+03 4.07867007e+01
1.86680212e-02 1.15355920e+00 5.29294925e-01 6.07133328e-01 3.78880088e-01 -4.59104156e-02 5.21885798e+03 4.07922093e+01
1.87479397e-02 1.15370163e+00 5.16693809e-01 5.94146948e-01 3.66298093e-01 -4.18362811e-02 5.24120009e+03 4.07972441e+01
1.88278140e-02 1.15383072e+00 5.04909363e-01 5.81423560e-01 3.54116096e-01 -3.82127954e-02 5.26352986e+03 4.08018073e+01
1.89076435e-02 1.15394867e+00 4.93967484e-01 5.68946681e-01 3.42402113e-01 -3.48776897e-02 5.28584712e+03 4.08059769e+01
1.89874277e-02 1.15405801e+00 4.83706221e-01 5.56740841e-01 3.30738512e-01 -3.16970602e-02 5.30815169e+03 4.08098420e+01
1.90671658e-02 1.15415986e+00 4.74059165e-01 5.44821873e-01 3.19448090e-01 -2.86856393e-02 5.33044338e+03 4.08134426e+01
1.91468572e-02 1.15425413e+00 4.64936768e-01 5.33203233e-01 3.08894848e-01 -2.59639881e-02 5.35272202e+03 4.08167755e+01
1.92265013e-02 1.15434062e+00 4.55979234e-01 5.21897128e-01 2.98884426e-01 -2.36101274e-02 5.37498744e+03 4.08198331e+01
1.93060974e-02 1.15441942e+00 4.46970425e-01 5.10941075e-01 2.89108875e-01 -2.15839901e-02 5.39723945e+03 4.08226191e+01
1.93856450e-02 1.15449090e+00 4.37880434e-01 5.00375110e-01 2.79632582e-01 -1.97732057e-02 5.41947789e+03 4.08251466e+01
1.94651434e-02 1.15455591e+00 4.28743216e-01 4.90187901e-01 2.70710203e-01 -1.80447248e-02 5.44170256e+03 4.08274455e+01
1.95445920e-02 1.15461569e+00 4.19968637e-01 4.80315784e-01 2.62407046e-01 -1.63239700e-02 5.46391331e+03 4.08295594e+01
1.96239901e-02 1.15467109e+00 4.11309084e-01 4.70732310e-01 2.53935529e-01 -1.47137127e-02 5.48610995e+03 4.08315186e+01
1.97033371e-02 1.15472238e+00 4.03153218e-01 4.61374707e-01 2.45967445e-01 -1.32495367e-02 5.50829231e+03 4.08333325e+01
1.97826324e-02 1.15476988e+00 3.95867529e-01 4.52209185e-01 2.39082078e-01 -1.18923220e-02 5.53046022e+03 4.08350123e+01
1.98618754e-02 1.15481436e+00 3.88978621e-01 4.43325838e-01 2.32337322e-01 -1.06389972e-02 5.55261350e+03 4.08365856e+01
1.99410654e-02 1.15485649e+00 3.82531875e-01 4.34745391e-01 2.25611986e-01 -9.45745420e-03 5.57475198e+03 4.08380755e+01
2.00202019e-02 1.15489606e+00 3.76408369e-01 4.26453327e-01 2.18873640e-01 -8.38804600e-03 5.59687548e+03 4.08394752e+01
2.00992842e-02 1.15493239e+00 3.70357683e-01 4.18451166e-01 2.12274907e-01 -7.49353079e-03 5.61898384e+03 4.08407602e+01
2.01783117e-02 1.15496526e+00 3.64383598e-01 4.10708580e-01 2.06257049e-01 -6.76017748e-03 5.64107689e+03 4.08419229e+01
2.02572838e-02 1.15499520e+00 3.58610315e-01 4.03175934e-01 2.00874370e-01 -6.12912148e-03 5.66315444e+03 4.08429823e+01
2.03361999e-02 1.15502298e+00 3.53185281e-01 3.95825320e-01 1.95737159e-01 -5.55950057e-03 5.68521633e+03 4.08439653e+01
2.04150594e-02 1.15504919e+00 3.48089776e-01 3.88676111e-01 1.90488106e-01 -5.05913368e-03 5.70726240e+03 4.08448925e+01
2.04938616e-02 1.15507424e+00 3.43137045e-01 3.81765380e-01 1.85108692e-01 -4.65787556e-03 5.72929247e+03 4.08457790e+01
2.05726061e-02 1.15509843e+00 3.38254453e-01 3.75081195e-01 1.79941585e-01 -4.33797891e-03 5.75130636e+03 4.08466348e+01
2.06512920e-02 1.15512185e+00 3.33444169e-01 3.68609910e-01 1.75150290e-01 -4.04126857e-03 5.77330393e+03 4.08474636e+01
2.07299190e-02 1.15514457e+00 3.28735946e-01 3.62387961e-01 1.70456761e-01 -3.73950081e-03 5.79528498e+03 4.08482674e+01
2.08084863e-02 1.15516672e+00 3.24219406e-01 3.56419666e-01 1.65786205e-01 -3.45134661e-03 5.81724937e+03 4.08490510e+01
2.08869934e-02 1.15518851e+00 3.19847166e-01 3.50658785e-01 1.61450133e-01 -3.18558714e-03 5.83919692e+03 4.08498217e+01
2.09654396e-02 1.15521006e+00 3.15516495e-01 3.45073664e-01 1.57585659e-01 -2.91625980e-03 5.86112746e+03 4.08505842e+01
2.10438244e-02 1.15523123e+00 3.11269675e-01 3.39658204e-01 1.54043478e-01 -2.63564909e-03 5.88304083e+03 4.08513331e+01
2.11221472e-02 1.15525156e+00 3.07193962e-01 3.34417938e-01 1.50687099e-01 -2.37622296e-03 5.90493686e+03 4.08520525e+01
2.12004075e-02 1.15527069e+00 3.03297618e-01 3.29353613e-01 1.47474358e-01 -2.17258087e-03 5.92681539e+03 4.08527291e+01
2.12786045e-02 1.15528863e+00 2.99520397e-01 3.24457697e-01 1.44326743e-01 -2.03468531e-03 5.94867626e+03 4.08533640e+01
2.13567377e-02 1.15530579e+00 2.95835028e-01 3.19728512e-01 1.41157715e-01 -1.94322380e-03 5.97051930e+03 4.08539712e+01
2.14348066e-02 1.15532263e+00 2.92264999e-01 3.15153368e-01 1.37996592e-01 -1.86707436e-03 5.99234434e+03 4.08545671e+01
2.15128105e-02 1.15533945e+00 2.88828427e-01 3.10704744e-01 1.34917433e-01 -1.78764421e-03 6.01415123e+03 4.08551622e+01
2.15907489e-02 1.15535633e+00 2.85501499e-01 3.06369503e-01 1.31968491e-01 -1.70328195e-03 6.03593980e+03 4.08557590e+01
2.16686213e-02 1.15537313e+00 2.82284405e-01 3.02140730e-01 1.29188119e-01 -1.62005959e-03 6.05770990e+03 4.08563536e+01
2.17464269e-02 1.15538967e+00 2.79177167e-01 2.98014853e-01 1.26570747e-01 -1.54375995e-03 6.07946135e+03 4.08569388e+01
2.18241653e-02 1.15540582e+00 2.76102196e-01 2.94004750e-01 1.24062002e-01 -1.47707070e-03 6.10119401e+03 4.08575099e+01
2.19018359e-02 1.15542158e+00 2.73016801e-01 2.90121305e-01 1.21661245e-01 -1.42261462e-03 6.12290771e+03 4.08580677e+01
2.19794381e-02 1.15543711e+00 2.69980603e-01 2.86357412e-01 1.19385335e-01 -1.38120133e-03 6.14460229e+03 4.08586170e+01
2.20569714e-02 1.15545253e+00 2.67045528e-01 2.82701011e-01 1.17188349e-01 -1.34826466e-03 6.16627759e+03 4.08591623e+01
2.21344351e-02 1.15546790e+00 2.64200927e-01 2.79146494e-01 1.15048057e-01 -1.31788451e-03 6.18793346e+03 4.08597061e+01
2.22118288e-02 1.15548324e+00 2.61432959e-01 2.75691178e-01 1.12984481e-01 -1.28788036e-03 6.20956974e+03 4.08602489e+01
2.22891518e-02 1.15549855e+00 2.58740871e-01 2.72331870e-01 1.10992107e-01 -1.26046221e-03 6.23118628e+03 4.08607904e+01
2.23664036e-02 1.15551381e+00 2.56118568e-01 2.69065257e-01 1.09059649e-01 -1.23806773e-03 6.25278290e+03 4.08613303e+01
2.24435837e-02 1.15552905e+00 2.53562042e-01 2.65884402e-01 1.07196782e-01 -1.21908616e-03 6.27435947e+03 4.08618694e+01
2.25206915e-02 1.15554431e+00 2.51070136e-01 2.62781789e-01 1.05392548e-01 -1.19976879e-03 6.29591583e+03 4.08624090e+01
2.25977264e-02 1.15555960e+00 2.48639697e-01 2.59752304e-01 1.03621293e-01 -1.17850437e-03 6.31745182e+03 4.08629500e+01
2.26746879e-02 1.15557491e+00 2.46267864e-01 2.56791132e-01 1.01873309e-01 -1.15658107e-03 6.33896729e+03 4.08634917e+01
2.27515755e-02 1.15559020e+00 2.43948056e-01 2.53893942e-01 1.00161643e-01 -1.13637107e-03 6.36046208e+03 4.08640324e+01
2.28283885e-02 1.15560541e+00 2.41670870e-01 2.51058434e-01 9.85034660e-02 -1.11895809e-03 6.38193605e+03 4.08645705e+01
2.29051266e-02 1.15562055e+00 2.39435324e-01 2.48284142e-01 9.68967659e-02 -1.10338471e-03 6.40338904e+03 4.08651059e+01
2.29817890e-02 1.15563565e+00 2.37246760e-01 2.45570037e-01 9.53303823e-02 -1.08828360e-03 6.42482091e+03 4.08656399e+01
2.30583754e-02 1.15565074e+00 2.35106104e-01 2.42913659e-01 9.37997354e-02 -1.07329194e-03 6.44623149e+03 4.08661737e+01
2.31348851e-02 1.15566581e+00 2.33010477e-01 2.40312426e-01 9.23038299e-02 -1.05861668e-03 6.46762065e+03 4.08667070e+01
2.32113176e-02 1.15568086e+00 2.30956953e-01 2.37764082e-01 9.08415660e-02 -1.04439286e-03 6.48898824e+03 4.08672392e+01
2.32876724e-02 1.15569586e+00 2.28943484e-01 2.35266601e-01 8.94117827e-02 -1.03063838e-03 6.51033409e+03 4.08677696e+01
2.33639490e-02 1.15571080e+00 2.26969270e-01 2.32818235e-01 8.80131802e-02 -1.01730846e-03 6.53165808e+03 4.08682982e+01
2.34401468e-02 1.15572569e+00 2.25033799e-01 2.30417423e-01 8.66445995e-02 -1.00434722e-03 6.55296005e+03 4.08688249e+01
2.35162654e-02 1.15574052e+00 2.23136088e-01 2.28062712e-01 8.53050340e-02 -9.91714406e-04 6.57423985e+03 4.08693495e+01
2.35923041e-02 1.15575528e+00 2.21274922e-01 2.25752724e-01 8.39935917e-02 -9.79383302e-04 6.59549735e+03 4.08698714e+01
2.36682625e-02 1.15576995e+00 2.19449254e-01 2.23486150e-01 8.27094435e-02 -9.67336110e-04 6.61673239e+03 4.08703903e+01
2.37441401e-02 1.15578453e+00 2.17658224e-01 2.21261745e-01 8.14517723e-02 -9.55561245e-04 6.63794483e+03 4.08709058e+01
2.38199363e-02 1.15579900e+00 2.15900931e-01 2.19078316e-01 8.02197921e-02 -9.44055326e-04 6.65913453e+03 4.08714177e+01
2.38956507e-02 1.15581336e+00 2.14176337e-01 2.16934723e-01 7.90127625e-02 -9.32824429e-04 6.68030134e+03 4.08719255e+01
2.39712827e-02 1.15582759e+00 2.12483357e-01 2.14829872e-01 7.78299857e-02 -9.21882988e-04 6.70144513e+03 4.08724291e+01
2.40468318e-02 1.15584171e+00 2.10820935e-01 2.12762716e-01 7.66707903e-02 -9.11251922e-04 6.72256575e+03 4.08729282e+01
2.41222976e-02 1.15585569e+00 2.09188034e-01 2.10732248e-01 7.55345270e-02 -9.00956433e-04 6.74366306e+03 4.08734228e+01
2.41976794e-02 1.15586954e+00 2.07583616e-01 2.08737505e-01 7.44205711e-02 -8.91023412e-04 6.76473692e+03 4.08739128e+01
2.42729769e-02 1.15588327e+00 2.06006654e-01 2.06777560e-01 7.33283241e-02 -8.81478790e-04 6.78578719e+03 4.08743984e+01
2.43481896e-02 1.15589688e+00 2.04456173e-01 2.04851525e-01 7.22572103e-02 -8.72345335e-04 6.80681374e+03 4.08748798e+01
2.44233169e-02 1.15591038e+00 2.02931271e-01 2.02958547e-01 7.12066738e-02 -8.63640971e-04 6.82781643e+03 4.08753572e+01
2.44983582e-02 1.15592378e+00 2.01431120e-01 2.01097809e-01 7.01761781e-02 -8.55377219e-04 6.84879509e+03 4.08758311e+01
2.45733133e-02 1.15593709e+00 1.99954966e-01 1.99268519e-01 6.91652051e-02 -8.47558032e-04 6.86974964e+03 4.08763018e+01
2.46481817e-02 1.15595032e+00 1.98502135e-01 1.97469919e-01 6.81732553e-02 -8.40179906e-04 6.89067995e+03 4.08767699e+01
2.47229625e-02 1.15596350e+00 1.97072034e-01 1.95701285e-01 6.71998473e-02 -8.33232516e-04 6.91158578e+03 4.08772358e+01
2.47976554e-02 1.15597662e+00 1.95664144e-01 1.93961912e-01 6.62445146e-02 -8.26698647e-04 6.93246704e+03 4.08777001e+01
2.48722607e-02 1.15598972e+00 1.94278008e-01 1.92251103e-01 6.53068062e-02 -8.20555181e-04 6.95332380e+03 4.08781631e+01
2.49467771e-02 1.15600279e+00 1.92913228e-01 1.90568220e-01 6.43862896e-02 -8.14775905e-04 6.97415570e+03 4.08786255e+01
2.50212030e-02 1.15601585e+00 1.91569452e-01 1.88912652e-01 6.34825471e-02 -8.09331842e-04 6.99496230e+03 4.08790874e+01
2.50955402e-02 1.15602891e+00 1.90246351e-01 1.87283731e-01 6.25951675e-02 -8.04189782e-04 7.01574413e+03 4.08795494e+01
2.51697898e-02 1.15604198e+00 1.88943628e-01 1.85680830e-01 6.17237572e-02 -7.99316562e-04 7.03650144e+03 4.08800116e+01
2.52439455e-02 1.15605506e+00 1.87661028e-01 1.84103494e-01 6.08679516e-02 -7.94684217e-04 7.05723251e+03 4.08804743e+01
2.53180055e-02 1.15606816e+00 1.86398273e-01 1.82551184e-01 6.00273793e-02 -7.90263746e-04 7.07793683e+03 4.08809376e+01
2.53919823e-02 1.15608128e+00 1.85155037e-01 1.81023087e-01 5.92016473e-02 -7.86019524e-04 7.09861787e+03 4.08814017e+01
2.54658761e-02 1.15609442e+00 1.83931105e-01 1.79518661e-01 5.83904493e-02 -7.81922823e-04 7.11927573e+03 4.08818664e+01
2.55396570e-02 1.15610758e+00 1.82726433e-01 1.78037982e-01 5.75936012e-02 -7.77962119e-04 7.13990203e+03 4.08823317e+01
2.56133244e-02 1.15612075e+00 1.81540574e-01 1.76580532e-01 5.68106706e-02 -7.74123108e-04 7.16049660e+03 4.08827976e+01
2.56869828e-02 1.15613395e+00 1.80371890e-01 1.75143778e-01 5.60404646e-02 -7.70371038e-04 7.18108865e+03 4.08832645e+01
2.57608008e-02 1.15614720e+00 1.79217796e-01 1.73724083e-01 5.52811890e-02 -7.66673125e-04 7.20172530e+03 4.08837330e+01
2.58348856e-02 1.15616052e+00 1.78076218e-01 1.72319146e-01 5.45313985e-02 -7.63023794e-04 7.22243656e+03 4.08842039e+01
2.59092409e-02 1.15617390e+00 1.76946636e-01 1.70928719e-01 5.37906867e-02 -7.59427050e-04 7.24322343e+03 4.08846771e+01
2.59838408e-02 1.15618733e+00 1.75829505e-01 1.69553101e-01 5.30593070e-02 -7.55870688e-04 7.26407868e+03 4.08851521e+01
2.60586895e-02 1.15620080e+00 1.74724998e-01 1.68192025e-01 5.23373422e-02 -7.52338271e-04 7.28500349e+03 4.08856286e+01
2.61338035e-02 1.15621431e+00 1.73632682e-01 1.66845003e-01 5.16244810e-02 -7.48830106e-04 7.30600244e+03 4.08861063e+01
2.62091850e-02 1.15622785e+00 1.72552103e-01 1.65511818e-01 5.09204015e-02 -7.45354054e-04 7.32707621e+03 4.08865851e+01
2.62848321e-02 1.15624141e+00 1.71483137e-01 1.64192338e-01 5.02250077e-02 -7.41908895e-04 7.34822421e+03 4.08870648e+01
2.63607498e-02 1.15625499e+00 1.70425736e-01 1.62886308e-01 4.95382674e-02 -7.38489962e-04 7.36944787e+03 4.08875449e+01
2.64369443e-02 1.15626857e+00 1.69379688e-01 1.61593461e-01 4.88600423e-02 -7.35100062e-04 7.39074891e+03 4.08880253e+01
2.65134182e-02 1.15628215e+00 1.68344699e-01 1.60313594e-01 4.81901437e-02 -7.31745520e-04 7.41212807e+03 4.08885057e+01
2.65901747e-02 1.15629573e+00 1.67320550e-01 1.59046507e-01 4.75284327e-02 -7.28429241e-04 7.43358621e+03 4.08889858e+01
2.66672182e-02 1.15630929e+00 1.66307075e-01 1.57791978e-01 4.68748094e-02 -7.25152929e-04 7.45512461e+03 4.08894655e+01
2.67445530e-02 1.15632284e+00 1.65304079e-01 1.56549799e-01 4.62291601e-02 -7.21920665e-04 7.47674443e+03 4.08899445e+01
2.68221826e-02 1.15633636e+00 1.64311346e-01 1.55319777e-01 4.55913528e-02 -7.18737349e-04 7.49844668e+03 4.08904227e+01
2.69001112e-02 1.15634985e+00 1.63328668e-01 1.54101714e-01 4.49612627e-02 -7.15606697e-04 7.52023249e+03 4.08908998e+01
2.69783429e-02 1.15636331e+00 1.62355856e-01 1.52895419e-01 4.43387784e-02 -7.12531923e-04 7.54210306e+03 4.08913757e+01
2.70568818e-02 1.15637672e+00 1.61392728e-01 1.51700705e-01 4.37237910e-02 -7.09516561e-04 7.56405952e+03 4.08918503e+01
2.71357322e-02 1.15639010e+00 1.60439100e-01 1.50517392e-01 4.31161891e-02 -7.06564047e-04 7.58610302e+03 4.08923234e+01
2.72148982e-02 1.15640344e+00 1.59494789e-01 1.49345303e-01 4.25158626e-02 -7.03677289e-04 7.60823478e+03 4.08927950e+01
2.72943841e-02 1.15641672e+00 1.58559625e-01 1.48184263e-01 4.19227055e-02 -7.00858758e-04 7.63045598e+03 4.08932649e+01
2.73741943e-02 1.15642996e+00 1.57633444e-01 1.47034104e-01 4.13366157e-02 -6.98110643e-04 7.65276784e+03 4.08937331e+01
2.74543333e-02 1.15644315e+00 1.56716086e-01 1.45894662e-01 4.07574921e-02 -6.95434814e-04 7.67517160e+03 4.08941995e+01
2.75348054e-02 1.15645629e+00 1.55807397e-01 1.44765774e-01 4.01852353e-02 -6.92832765e-04 7.69766849e+03 4.08946642e+01
2.76156152e-02 1.15646938e+00 1.54907229e-01 1.43647283e-01 3.96197477e-02 -6.90305651e-04 7.72025979e+03 4.08951270e+01
2.76967672e-02 1.15648241e+00 1.54015440e-01 1.42539035e-01 3.90609345e-02 -6.87854418e-04 7.74294677e+03 4.08955880e+01
2.77782662e-02 1.15649540e+00 1.53131893e-01 1.41440881e-01 3.85087023e-02 -6.85479650e-04 7.76573072e+03 4.08960472e+01
2.78601167e-02 1.15650833e+00 1.52256460e-01 1.40352672e-01 3.79629613e-02 -6.83181014e-04 7.78861297e+03 4.08965046e+01
2.79423236e-02 1.15652121e+00 1.51389020e-01 1.39274267e-01 3.74236235e-02 -6.80957788e-04 7.81159484e+03 4.08969601e+01
2.80248916e-02 1.15653404e+00 1.50529450e-01 1.38205523e-01 3.68906012e-02 -6.78809721e-04 7.83467767e+03 4.08974140e+01
2.81078257e-02 1.15654683e+00 1.49677633e-01 1.37146303e-01 3.63638083e-02 -6.76736529e-04 7.85786284e+03 4.08978661e+01
2.81911308e-02 1.15655956e+00 1.48833459e-01 1.36096472e-01 3.58431611e-02 -6.74737316e-04 7.88115172e+03 4.08983165e+01
2.82748119e-02 1.15657225e+00 1.47996822e-01 1.35055900e-01 3.53285786e-02 -6.72810704e-04 7.90454573e+03 4.08987653e+01
2.83588741e-02 1.15658490e+00 1.47167620e-01 1.34024457e-01 3.48199807e-02 -6.70955233e-04 7.92804627e+03 4.08992125e+01
2.84433225e-02 1.15659750e+00 1.46345754e-01 1.33002016e-01 3.43172889e-02 -6.69169456e-04 7.95165480e+03 4.08996582e+01
2.85281625e-02 1.15661006e+00 1.45531129e-01 1.31988454e-01 3.38204264e-02 -6.67451778e-04 7.97537278e+03 4.09001024e+01
2.86133992e-02 1.15662258e+00 1.44723653e-01 1.30983651e-01 3.33293183e-02 -6.65800404e-04 7.99920167e+03 4.09005451e+01
2.86990381e-02 1.15663506e+00 1.43923238e-01 1.29987486e-01 3.28438910e-02 -6.64213425e-04 8.02314300e+03 4.09009865e+01
2.87850846e-02 1.15664751e+00 1.43129796e-01 1.28999845e-01 3.23640726e-02 -6.62688909e-04 8.04719827e+03 4.09014266e+01
2.88715442e-02 1.15665991e+00 1.42343245e-01 1.28020611e-01 3.18897924e-02 -6.61224895e-04 8.07136904e+03 4.09018654e+01
2.89584225e-02 1.15667228e+00 1.41563502e-01 1.27049675e-01 3.14209815e-02 -6.59819374e-04 8.09565687e+03 4.09023029e+01
2.90457252e-02 1.15668462e+00 1.40790488e-01 1.26086926e-01 3.09575721e-02 -6.58470293e-04 8.12006335e+03 4.09027392e+01
2.91334582e-02 1.15669693e+00 1.40024125e-01 1.25132256e-01 3.04994980e-02 -6.57175591e-04 8.14459008e+03 4.09031744e+01
2.92216271e-02 1.15670920e+00 1.39264338e-01 1.24185561e-01 3.00466943e-02 -6.55933220e-04 8.16923871e+03 4.09036085e+01
2.93102379e-02 1.15672145e+00 1.38511052e-01 1.23246735e-01 2.95990974e-02 -6.54741146e-04 8.19401088e+03 4.09040415e+01
2.93992968e-02 1.15673366e+00 1.37764194e-01 1.22315678e-01 2.91566450e-02 -6.53597358e-04 8.21890829e+03 4.09044734e+01
2.94888097e-02 1.15674584e+00 1.37023692e-01 1.21392290e-01 2.87192760e-02 -6.52499883e-04 8.24393264e+03 4.09049042e+01
2.95787828e-02 1.15675799e+00 1.36289477e-01 1.20476473e-01 2.82869307e-02 -6.51446798e-04 8.26908566e+03 4.09053340e+01
2.96692225e-02 1.15677012e+00 1.35561479e-01 1.19568130e-01 2.78595503e-02 -6.50436237e-04 8.29436911e+03 4.09057628e+01
2.97601351e-02 1.15678221e+00 1.34839629e-01 1.18667167e-01 2.74370775e-02 -6.49466390e-04 8.31978477e+03 4.09061905e+01
2.98515271e-02 1.15679428e+00 1.34123861e-01 1.17773492e-01 2.70194560e-02 -6.48535504e-04 8.34533445e+03 4.09066172e+01
2.99434051e-02 1.15680632e+00 1.33414108e-01 1.16887013e-01 2.66066304e-02 -6.47641884e-04 8.37101998e+03 4.09070429e+01
3.00357758e-02 1.15681832e+00 1.32710304e-01 1.16007641e-01 2.61985468e-02 -6.46783896e-04 8.39684324e+03 4.09074676e+01
3.01286458e-02 1.15683030e+00 1.32012384e-01 1.15135288e-01 2.57951519e-02 -6.45959968e-04 8.42280612e+03 4.09078911e+01
3.02220221e-02 1.15684225e+00 1.31320284e-01 1.14269868e-01 2.53963938e-02 -6.45168589e-04 8.44891054e+03 4.09083136e+01
3.03159117e-02 1.15685416e+00 1.30633941e-01 1.13411295e-01 2.50022215e-02 -6.44408317e-04 8.47515845e+03 4.09087349e+01
3.04103217e-02 1.15686604e+00 1.29953292e-01 1.12559488e-01 2.46125848e-02 -6.43677782e-04 8.50155183e+03 4.09091551e+01
3.05052592e-02 1.15687789e+00 1.29278276e-01 1.11714363e-01 2.42274347e-02 -6.42975682e-04 8.52809270e+03 4.09095740e+01
3.06007316e-02 1.15688970e+00 1.28608830e-01 1.10875842e-01 2.38467231e-02 -6.42300786e-04 8.55478310e+03 4.09099917e+01
3.06967464e-02 1.15690148e+00 1.27944893e-01 1.10043843e-01 2.34704027e-02 -6.41651929e-04 8.58162510e+03 4.09104081e+01
3.07933109e-02 1.15691321e+00 1.27286407e-01 1.09218291e-01 2.30984271e-02 -6.41028011e-04 8.60862083e+03 4.09108232e+01
3.08904330e-02 1.15692491e+00 1.26633311e-01 1.08399109e-01 2.27307509e-02 -6.40427990e-04 8.63577242e+03 4.09112369e+01
3.09881204e-02 1.15693656e+00 1.25985545e-01 1.07586222e-01 2.23673293e-02 -6.39850878e-04 8.66308204e+03 4.09116490e+01
3.10863810e-02 1.15694818e+00 1.25343052e-01 1.06779557e-01 2.20081185e-02 -6.39295738e-04 8.69055191e+03 4.09120597e+01
3.11852229e-02 1.15695974e+00 1.24705774e-01 1.05979041e-01 2.16530754e-02 -6.38761687e-04 8.71818428e+03 4.09124687e+01
3.12846542e-02 1.15697126e+00 1.24073652e-01 1.05184604e-01 2.13021579e-02 -6.38247887e-04 8.74598144e+03 4.09128760e+01
3.13846832e-02 1.15698273e+00 1.23446631e-01 1.04396175e-01 2.09553243e-02 -6.37753550e-04 8.77394570e+03 4.09132816e+01
3.14853185e-02 1.15699414e+00 1.22824654e-01 1.03613687e-01 2.06125339e-02 -6.37277933e-04 8.80207942e+03 4.09136853e+01
3.15865684e-02 1.15700551e+00 1.22207665e-01 1.02837071e-01 2.02737467e-02 -6.36820337e-04 8.83038500e+03 4.09140871e+01
3.16884419e-02 1.15701681e+00 1.21595611e-01 1.02066262e-01 1.99389232e-02 -6.36380104e-04 8.85886489e+03 4.09144869e+01
3.17909477e-02 1.15702805e+00 1.20988436e-01 1.01301194e-01 1.96080250e-02 -6.35956615e-04 8.88752156e+03 4.09148845e+01
3.18940949e-02 1.15703924e+00 1.20386086e-01 1.00541804e-01 1.92810139e-02 -6.35549288e-04 8.91635753e+03 4.09152800e+01
3.19978926e-02 1.15705035e+00 1.19788510e-01 9.97880297e-02 1.89578527e-02 -6.35157576e-04 8.94537536e+03 4.09156731e+01
3.21023502e-02 1.15706140e+00 1.19195654e-01 9.90398085e-02 1.86385047e-02 -6.34780963e-04 8.97457767e+03 4.09160638e+01
3.22074771e-02 1.15707238e+00 1.18607466e-01 9.82970801e-02 1.83229338e-02 -6.34418962e-04 9.00396710e+03 4.09164521e+01
3.23132830e-02 1.15708328e+00 1.18023896e-01 9.75597852e-02 1.80111046e-02 -6.34071113e-04 9.03354635e+03 4.09168377e+01
3.24197778e-02 1.15709411e+00 1.17444892e-01 9.68278652e-02 1.77029823e-02 -6.33736976e-04 9.06331816e+03 4.09172206e+01
3.25269713e-02 1.15710486e+00 1.16870404e-01 9.61012629e-02 1.73985325e-02 -6.33416132e-04 9.09328532e+03 4.09176007e+01
3.26348737e-02 1.15711553e+00 1.16300384e-01 9.53799220e-02 1.70977216e-02 -6.33108178e-04 9.12345068e+03 4.09179779e+01
3.27434954e-02 1.15712610e+00 1.15734782e-01 9.46637870e-02 1.68005164e-02 -6.32812728e-04 9.15381712e+03 4.09183520e+01
3.28528470e-02 1.15713659e+00 1.15173550e-01 9.39528036e-02 1.65068844e-02 -6.32529411e-04 9.18438758e+03 4.09187230e+01
3.29629390e-02 1.15714699e+00 1.14616640e-01 9.32469186e-02 1.62167934e-02 -6.32257871e-04 9.21516506e+03 4.09190907e+01
3.30737823e-02 1.15715729e+00 1.14064006e-01 9.25460794e-02 1.59302121e-02 -6.31997766e-04 9.24615259e+03 4.09194550e+01
3.31853882e-02 1.15716750e+00 1.13515600e-01 9.18502346e-02 1.56471093e-02 -6.31748765e-04 9.27735328e+03 4.09198159e+01
3.32977678e-02 1.15717760e+00 1.12971378e-01 9.11593336e-02 1.53674548e-02 -6.31510545e-04 9.30877028e+03 4.09201731e+01
3.34109327e-02 1.15718759e+00 1.12431294e-01 9.04733268e-02 1.50912186e-02 -6.31282793e-04 9.34040680e+03 4.09205265e+01
3.35248944e-02 1.15719748e+00 1.11895302e-01 8.97921653e-02 1.48183711e-02 -6.31065201e-04 9.37226612e+03 4.09208762e+01
3.36396651e-02 1.15720725e+00 1.11363360e-01 8.91158014e-02 1.45488835e-02 -6.30857466e-04 9.40435156e+03 4.09212218e+01
3.37552567e-02 1.15721691e+00 1.10835422e-01 8.84441878e-02 1.42827273e-02 -6.30659288e-04 9.43666651e+03 4.09215633e+01
3.38716817e-02 1.15722645e+00 1.10311447e-01 8.77772785e-02 1.40198744e-02 -6.30470373e-04 9.46921444e+03 4.09219007e+01
3.39889526e-02 1.15723587e+00 1.09791391e-01 8.71150281e-02 1.37602973e-02 -6.30290428e-04 9.50199885e+03 4.09222336e+01
3.41070822e-02 1.15724515e+00 1.09275212e-01 8.64573919e-02 1.35039687e-02 -6.30119158e-04 9.53502334e+03 4.09225621e+01
3.42260837e-02 1.15725431e+00 1.08762869e-01 8.58043262e-02 1.32508621e-02 -6.29956269e-04 9.56829155e+03 4.09228860e+01
3.43459702e-02 1.15726334e+00 1.08254320e-01 8.51557885e-02 1.30009510e-02 -6.29801472e-04 9.60180719e+03 4.09232051e+01
3.44667554e-02 1.15727222e+00 1.07749526e-01 8.45117363e-02 1.27542095e-02 -6.29654466e-04 9.63557407e+03 4.09235194e+01
3.45884531e-02 1.15728097e+00 1.07248445e-01 8.38721280e-02 1.25106121e-02 -6.29514952e-04 9.66959606e+03 4.09238287e+01
3.47110773e-02 1.15728957e+00 1.06751038e-01 8.32369244e-02 1.22701337e-02 -6.29382661e-04 9.70387705e+03 4.09241329e+01
3.48346424e-02 1.15729802e+00 1.06257265e-01 8.26060852e-02 1.20327493e-02 -6.29257293e-04 9.73842106e+03 4.09244318e+01
3.49591633e-02 1.15730632e+00 1.05767089e-01 8.19795695e-02 1.17984346e-02 -6.29138532e-04 9.77323233e+03 4.09247253e+01
3.50846545e-02 1.15731447e+00 1.05280469e-01 8.13573427e-02 1.15671655e-02 -6.29026152e-04 9.80831480e+03 4.09250133e+01
3.52111307e-02 1.15732245e+00 1.04797369e-01 8.07393687e-02 1.13389183e-02 -6.28919872e-04 9.84367266e+03 4.09252956e+01
3.53386094e-02 1.15733027e+00 1.04317750e-01 8.01256017e-02 1.11136691e-02 -6.28819264e-04 9.87931079e+03 4.09255721e+01
3.54671052e-02 1.15733792e+00 1.03841576e-01 7.95160121e-02 1.08913951e-02 -6.28724142e-04 9.91523325e+03 4.09258427e+01
3.55966309e-02 1.15734540e+00 1.03368810e-01 7.89105795e-02 1.06720741e-02 -6.28634394e-04 9.95144365e+03 4.09261073e+01
3.57272089e-02 1.15735271e+00 1.02899413e-01 7.83092428e-02 1.04556822e-02 -6.28549309e-04 9.98794820e+03 4.09263656e+01
3.58588582e-02 1.15735983e+00 1.02433349e-01 7.77119578e-02 1.02421970e-02 -6.28468492e-04 1.00247523e+04 4.09266175e+01
3.59915812e-02 1.15736677e+00 1.01970588e-01 7.71187584e-02 1.00315999e-02 -6.28392558e-04 1.00618565e+04 4.09268630e+01
3.61254007e-02 1.15737353e+00 1.01511092e-01 7.65295859e-02 9.82386734e-03 -6.28320710e-04 1.00992673e+04 4.09271019e+01
3.62603644e-02 1.15738009e+00 1.01054810e-01 7.59442809e-02 9.61897136e-03 -6.28251011e-04 1.01369979e+04 4.09273339e+01
3.63964593e-02 1.15738645e+00 1.00601726e-01 7.53629490e-02 9.41689955e-03 -6.28185155e-04 1.01750448e+04 4.09275590e+01
3.65336556e-02 1.15739262e+00 1.00151832e-01 7.47857585e-02 9.21764219e-03 -6.28125081e-04 1.02133996e+04 4.09277772e+01
3.66720666e-02 1.15739858e+00 9.97050347e-02 7.42122843e-02 9.02115347e-03 -6.28065149e-04 1.02520939e+04 4.09279880e+01
3.68117762e-02 1.15740433e+00 9.92612705e-02 7.36422461e-02 8.82740060e-03 -6.28002528e-04 1.02911513e+04 4.09281913e+01
3.69525722e-02 1.15740987e+00 9.88206471e-02 7.30765524e-02 8.63642389e-03 -6.27948900e-04 1.03305125e+04 4.09283873e+01
3.70944029e-02 1.15741521e+00 9.83830899e-02 7.25154332e-02 8.44818841e-03 -6.27907145e-04 1.03701629e+04 4.09285762e+01
3.72378128e-02 1.15742032e+00 9.79481732e-02 7.19568165e-02 8.26251079e-03 -6.27853322e-04 1.04102547e+04 4.09287567e+01
3.73828973e-02 1.15742516e+00 9.75162511e-02 7.14004552e-02 8.07952685e-03 -6.27779021e-04 1.04508148e+04 4.09289278e+01
3.75284675e-02 1.15742978e+00 9.70888819e-02 7.08508935e-02 7.89986828e-03 -6.27721612e-04 1.04915106e+04 4.09290912e+01
3.76744331e-02 1.15743427e+00 9.66648607e-02 7.03083545e-02 7.72303448e-03 -6.27701918e-04 1.05323169e+04 4.09292501e+01
3.78251258e-02 1.15743870e+00 9.62342848e-02 6.97570382e-02 7.54498489e-03 -6.27672677e-04 1.05744448e+04 4.09294067e+01
3.79880472e-02 1.15744313e+00 9.57793481e-02 6.91708450e-02 7.35854488e-03 -6.27590503e-04 1.06199913e+04 4.09295635e+01
3.81688885e-02 1.15744767e+00 9.52840460e-02 6.85318781e-02 7.15747699e-03 -6.27492181e-04 1.06705476e+04 4.09297239e+01
3.83695346e-02 1.15745233e+00 9.47424484e-02 6.78369903e-02 6.93990029e-03 -6.27431102e-04 1.07266405e+04 4.09298888e+01
3.85908102e-02 1.15745695e+00 9.41563365e-02 6.70874162e-02 6.70727030e-03 -6.27386050e-04 1.07885006e+04 4.09300523e+01
3.88349018e-02 1.15746131e+00 9.35268952e-02 6.62803792e-02 6.46089694e-03 -6.27301320e-04 1.08567392e+04 4.09302065e+01
3.91047411e-02 1.15746526e+00 9.28510485e-02 6.54115848e-02 6.20041596e-03 -6.27173169e-04 1.09321758e+04 4.09303461e+01
3.94029699e-02 1.15746869e+00 9.21244550e-02 6.44788997e-02 5.92507032e-03 -6.27033901e-04 1.10155491e+04 4.09304675e+01
3.97323160e-02 1.15747140e+00 9.13449438e-02 6.34812372e-02 5.63520834e-03 -6.26886111e-04 1.11076215e+04 4.09305631e+01
4.00960929e-02 1.15747303e+00 9.05123120e-02 6.24171609e-02 5.33220078e-03 -6.26702716e-04 1.12093195e+04 4.09306207e+01
4.04980034e-02 1.15747319e+00 8.96263826e-02 6.12856577e-02 5.01753961e-03 -6.26468859e-04 1.13216781e+04 4.09306267e+01
4.09419900e-02 1.15747149e+00 8.86863515e-02 6.00868488e-02 4.69251328e-03 -6.26191821e-04 1.14457997e+04 4.09305666e+01
4.14324194e-02 1.15746743e+00 8.76915805e-02 5.88217135e-02 4.35870906e-03 -6.25867661e-04 1.15829048e+04 4.09304231e+01
4.19741788e-02 1.15746038e+00 8.66422870e-02 5.74922760e-02 4.01873421e-03 -6.25454597e-04 1.17343598e+04 4.09301738e+01
4.25726423e-02 1.15744960e+00 8.55394685e-02 5.61016799e-02 3.67566956e-03 -6.24892700e-04 1.19016671e+04 4.09297925e+01
4.32337226e-02 1.15743430e+00 8.43848504e-02 5.46542251e-02 3.33285163e-03 -6.24139695e-04 1.20864796e+04 4.09292516e+01
4.39639668e-02 1.15741367e+00 8.31807124e-02 5.31556261e-02 2.99355676e-03 -6.23163698e-04 1.22906277e+04 4.09285219e+01
4.47706083e-02 1.15738679e+00 8.19297420e-02 5.16130268e-02 2.66131307e-03 -6.21913668e-04 1.25161335e+04 4.09275717e+01
4.56616253e-02 1.15735272e+00 8.06349575e-02 5.00351621e-02 2.33996726e-03 -6.20308988e-04 1.27652275e+04 4.09263669e+01
4.66458283e-02 1.15731050e+00 7.92996721e-02 4.84323528e-02 2.03362416e-03 -6.18243780e-04 1.30403726e+04 4.09248737e+01
4.77329483e-02 1.15725929e+00 7.79274388e-02 4.68164141e-02 1.74628192e-03 -6.15592326e-04 1.33442894e+04 4.09230629e+01
4.89337268e-02 1.15719855e+00 7.65219341e-02 4.52006281e-02 1.48163057e-03 -6.12209085e-04 1.36799807e+04 4.09209151e+01
5.02600208e-02 1.15712818e+00 7.50867644e-02 4.35996745e-02 1.24287325e-03 -6.07921300e-04 1.40507613e+04 4.09184267e+01
5.17249195e-02 1.15704875e+00 7.36252701e-02 4.20294898e-02 1.03273063e-03 -6.02519849e-04 1.44602904e+04 4.09156181e+01
5.33428706e-02 1.15696183e+00 7.21404158e-02 4.05070694e-02 8.53308241e-04 -5.95754079e-04 1.49126071e+04 4.09125444e+01
5.51298218e-02 1.15687031e+00 7.06347947e-02 3.90501973e-02 7.05797826e-04 -5.87329879e-04 1.54121697e+04 4.09093080e+01
5.71033765e-02 1.15677877e+00 6.91107207e-02 3.76771280e-02 5.90035656e-04 -5.76907668e-04 1.59638993e+04 4.09060710e+01
