VARIABLES="Y/c","U","Urms/utau","Vrms/utau","Wrms/utau","<uv>/utau^2","y+",u"+"
0.00000000e+00 0.00000000e+00 0.00000000e+00 0.00000000e+00 0.00000000e+00 0.00000000e+00 0.00000000e+00 0.00000000e+00
4.29128060e-06 7.13891590e-04 9.62911779e-01 1.32440383e-02 9.24639339e-01 -1.14851000e-03 1.71552636e-01 1.77808443e-01
8.75182830e-06 1.50520165e-03 1.91035866e+00 4.78332816e-02 1.81019769e+00 -8.64099145e-03 3.49872067e-01 3.74895298e-01
1.33882056e-05 2.37362807e-03 2.84101042e+00 1.02904105e-01 2.65695184e+00 -2.96807788e-02 5.35220644e-01 5.91185201e-01
1.82072204e-05 3.31535253e-03 3.75175658e+00 1.75954710e-01 3.46477162e+00 -7.10431525e-02 7.27870520e-01 8.25727229e-01
2.32159338e-05 4.32105205e-03 4.63624927e+00 2.64847338e-01 4.23241179e+00 -1.37675579e-01 9.28103986e-01 1.07619966e+00
2.84216694e-05 5.37750004e-03 5.48722761e+00 3.67323993e-01 4.95824486e+00 -2.31688698e-01 1.13621382e+00 1.33930857e+00
3.38320220e-05 6.46912688e-03 6.29845827e+00 4.81437179e-01 5.64112192e+00 -3.52667488e-01 1.35250362e+00 1.61117656e+00
3.94548664e-05 7.57977318e-03 7.06516976e+00 6.05260173e-01 6.28021540e+00 -4.98065812e-01 1.57728822e+00 1.88777928e+00
4.52983668e-05 8.69421580e-03 7.78462242e+00 7.37168936e-01 6.87545619e+00 -6.64381294e-01 1.81089399e+00 2.16532560e+00
5.13709868e-05 9.79913410e-03 8.45586946e+00 8.75646956e-01 7.42748613e+00 -8.47772285e-01 2.05365927e+00 2.44049814e+00
5.76814984e-05 1.08835965e-02 9.07942737e+00 1.01941819e+00 7.93761347e+00 -1.04474044e+00 2.30593475e+00 2.71057454e+00
6.42389926e-05 1.19391553e-02 9.65685478e+00 1.16734421e+00 8.40765754e+00 -1.25232777e+00 2.56808387e+00 2.97345103e+00
7.10528894e-05 1.29597076e-02 1.01903821e+01 1.31845054e+00 8.83977890e+00 -1.46823101e+00 2.84048320e+00 3.22760780e+00
7.81329481e-05 1.39412365e-02 1.06826157e+01 1.47190604e+00 9.23633045e+00 -1.69072922e+00 3.12352289e+00 3.47204457e+00
8.54892782e-05 1.48815117e-02 1.11363238e+01 1.62698180e+00 9.59974665e+00 -1.91853256e+00 3.41760709e+00 3.70620604e+00
9.31323497e-05 1.57797826e-02 1.15542992e+01 1.78308661e+00 9.93247693e+00 -2.15072300e+00 3.72315436e+00 3.92990534e+00
1.01073005e-04 1.66364706e-02 1.19392758e+01 1.93968897e+00 1.02369406e+01 -2.38662253e+00 4.04059813e+00 4.14324751e+00
1.09322468e-04 1.74528651e-02 1.22938852e+01 2.09637936e+00 1.05154945e+01 -2.62584921e+00 4.37038715e+00 4.34655381e+00
1.17892360e-04 1.82308345e-02 1.26206340e+01 2.25277619e+00 1.07704004e+01 -2.86822078e+00 4.71298592e+00 4.54028956e+00
1.26794704e-04 1.89725795e-02 1.29218961e+01 2.40859144e+00 1.10037980e+01 -3.11379761e+00 5.06887518e+00 4.72500298e+00
1.36041945e-04 1.96804718e-02 1.31999011e+01 2.56353968e+00 1.12176837e+01 -3.36269271e+00 5.43855235e+00 4.90128477e+00
1.45646953e-04 2.03569926e-02 1.34567247e+01 2.71739879e+00 1.14138986e+01 -3.61502259e+00 5.82253201e+00 5.06975299e+00
1.55623042e-04 2.10047383e-02 1.36942818e+01 2.86993715e+00 1.15941159e+01 -3.87075321e+00 6.22134638e+00 5.23105429e+00
1.65983978e-04 2.16264396e-02 1.39143201e+01 3.02096178e+00 1.17598311e+01 -4.12972376e+00 6.63554579e+00 5.38586878e+00
1.76743992e-04 2.22249670e-02 1.41184211e+01 3.17026479e+00 1.19123572e+01 -4.39154457e+00 7.06569915e+00 5.53491140e+00
1.87917792e-04 2.28032967e-02 1.43080231e+01 3.31766044e+00 1.20528245e+01 -4.65563188e+00 7.51239446e+00 5.67892333e+00
1.99520576e-04 2.33643789e-02 1.44844483e+01 3.46295765e+00 1.21821795e+01 -4.92129660e+00 7.97623925e+00 5.81863927e+00
2.11568042e-04 2.39108829e-02 1.46488875e+01 3.60598656e+00 1.23011956e+01 -5.18804857e+00 8.45786110e+00 5.95472399e+00
2.24076401e-04 2.44449033e-02 1.48023518e+01 3.74658885e+00 1.24105045e+01 -5.45588303e+00 8.95790808e+00 6.08769917e+00
2.37062388e-04 2.49677868e-02 1.49456701e+01 3.88463738e+00 1.25106535e+01 -5.72538371e+00 9.47704924e+00 6.21790021e+00
2.50543277e-04 2.54801789e-02 1.50795549e+01 4.02002969e+00 1.26022002e+01 -5.99744366e+00 1.00159751e+01 6.34548798e+00
2.64536887e-04 2.59822343e-02 1.52046457e+01 4.15267604e+00 1.26857718e+01 -6.27280854e+00 1.05753980e+01 6.47050111e+00
2.79061598e-04 2.64738712e-02 1.53214673e+01 4.28249025e+00 1.27620211e+01 -6.55177819e+00 1.11560527e+01 6.59291939e+00
2.94136357e-04 2.69550806e-02 1.54304472e+01 4.40940785e+00 1.28315439e+01 -6.83429545e+00 1.17586968e+01 6.71274067e+00
3.09780695e-04 2.74262690e-02 1.55321080e+01 4.53342879e+00 1.28948486e+01 -7.12024491e+00 1.23841109e+01 6.83006625e+00
3.26014731e-04 2.78882979e-02 1.56271835e+01 4.65463420e+00 1.29523846e+01 -7.40963212e+00 1.30330993e+01 6.94511070e+00
3.42859184e-04 2.83420163e-02 1.57164342e+01 4.77317575e+00 1.30045936e+01 -7.70247271e+00 1.37064905e+01 7.05808542e+00
3.60335382e-04 2.87878802e-02 1.58004018e+01 4.88923487e+00 1.30519606e+01 -7.99841881e+00 1.44051369e+01 7.16910403e+00
3.78465271e-04 2.92263812e-02 1.58793471e+01 5.00298492e+00 1.30950567e+01 -8.29680625e+00 1.51299159e+01 7.27828890e+00
3.97271420e-04 2.96588722e-02 1.59532755e+01 5.11456302e+00 1.31345051e+01 -8.59717658e+00 1.58817299e+01 7.38597678e+00
4.16777032e-04 3.00876541e-02 1.60220012e+01 5.22408326e+00 1.31708348e+01 -8.89948237e+00 1.66615062e+01 7.49274052e+00
4.37005944e-04 3.05151647e-02 1.60853403e+01 5.33165875e+00 1.32042916e+01 -9.20425360e+00 1.74701980e+01 7.59918698e+00
4.57982639e-04 3.09435058e-02 1.61433248e+01 5.43740569e+00 1.32348017e+01 -9.51281535e+00 1.83087838e+01 7.70583962e+00
4.79732240e-04 3.13750243e-02 1.61962653e+01 5.54144463e+00 1.32621326e+01 -9.82623746e+00 1.91782682e+01 7.81328297e+00
5.02280522e-04 3.18125916e-02 1.62447160e+01 5.64388368e+00 1.32861039e+01 -1.01443255e+01 2.00796814e+01 7.92223210e+00
5.25653907e-04 3.22583696e-02 1.62892981e+01 5.74473629e+00 1.33069949e+01 -1.04669508e+01 2.10140798e+01 8.03322540e+00
5.49879463e-04 3.27126856e-02 1.63304225e+01 5.84389858e+00 1.33257012e+01 -1.07955253e+01 2.19825455e+01 8.14634424e+00
5.74984906e-04 3.31748980e-02 1.63682299e+01 5.94126501e+00 1.33432465e+01 -1.11324891e+01 2.29861865e+01 8.26142876e+00
6.00998591e-04 3.36446677e-02 1.64027156e+01 6.03680181e+00 1.33605594e+01 -1.14811642e+01 2.40261362e+01 8.37839441e+00
6.27949509e-04 3.41211751e-02 1.64337363e+01 6.13049826e+00 1.33786522e+01 -1.18456186e+01 2.51035538e+01 8.49703699e+00
6.55867277e-04 3.46014206e-02 1.64611044e+01 6.22235409e+00 1.33982282e+01 -1.22288359e+01 2.62196231e+01 8.61660957e+00
6.84782128e-04 3.50804781e-02 1.64845225e+01 6.31242128e+00 1.34190353e+01 -1.26334769e+01 2.73755529e+01 8.73588559e+00
7.14724898e-04 3.55539818e-02 1.65031286e+01 6.40087067e+00 1.34401683e+01 -1.30627739e+01 2.85725757e+01 8.85377813e+00
7.45727008e-04 3.60209234e-02 1.65163959e+01 6.48803951e+00 1.34612743e+01 -1.35186407e+01 2.98119479e+01 8.97003619e+00
7.77820451e-04 3.64854195e-02 1.65256780e+01 6.57428569e+00 1.34828257e+01 -1.40021790e+01 3.10949483e+01 9.08568461e+00
8.11037763e-04 3.69566434e-02 1.65331806e+01 6.65984108e+00 1.35047435e+01 -1.45138311e+01 3.24228777e+01 9.20300728e+00
8.45412007e-04 3.74451980e-02 1.65403345e+01 6.74494561e+00 1.35257942e+01 -1.50543757e+01 3.37970577e+01 9.32464420e+00
8.80976737e-04 3.79564846e-02 1.65482806e+01 6.82987557e+00 1.35450542e+01 -1.56268908e+01 3.52188298e+01 9.45194034e+00
9.17765975e-04 3.84876017e-02 1.65589277e+01 6.91465724e+00 1.35629579e+01 -1.62276438e+01 3.66895541e+01 9.58417358e+00
9.55814165e-04 3.90318285e-02 1.65742213e+01 6.99898016e+00 1.35803648e+01 -1.68373635e+01 3.82106076e+01 9.71967102e+00
9.95156141e-04 3.95834795e-02 1.65935812e+01 7.08237129e+00 1.35981761e+01 -1.74365684e+01 3.97833828e+01 9.85701738e+00
1.03582708e-03 4.01367134e-02 1.66142435e+01 7.16454969e+00 1.36170841e+01 -1.80254334e+01 4.14092860e+01 9.99475810e+00
1.07786245e-03 4.06841725e-02 1.66348226e+01 7.24605655e+00 1.36359064e+01 -1.86191455e+01 4.30897353e+01 1.01310609e+01
1.12129798e-03 4.12211741e-02 1.66567447e+01 7.32804307e+00 1.36521540e+01 -1.92301089e+01 4.48261583e+01 1.02647598e+01
1.16616955e-03 4.17507320e-02 1.66818824e+01 7.41086146e+00 1.36636731e+01 -1.98523337e+01 4.66199904e+01 1.03966057e+01
1.21251320e-03 4.22834134e-02 1.67097828e+01 7.49395770e+00 1.36692960e+01 -2.04645447e+01 4.84726715e+01 1.05292298e+01
1.26036499e-03 4.28318748e-02 1.67392907e+01 7.57731270e+00 1.36700407e+01 -2.10562370e+01 5.03856440e+01 1.06657829e+01
1.30976100e-03 4.34041738e-02 1.67712223e+01 7.66170633e+00 1.36686243e+01 -2.16410129e+01 5.23603493e+01 1.08082710e+01
1.36073716e-03 4.40020007e-02 1.68058749e+01 7.74839833e+00 1.36675560e+01 -2.22366187e+01 5.43982248e+01 1.09571153e+01
1.41332926e-03 4.46244032e-02 1.68414169e+01 7.83885951e+00 1.36687183e+01 -2.28420345e+01 5.65007003e+01 1.11120792e+01
1.46757277e-03 4.52697093e-02 1.68772634e+01 7.93342272e+00 1.36738050e+01 -2.34499608e+01 5.86691947e+01 1.12727463e+01
1.52350284e-03 4.59332705e-02 1.69157441e+01 8.03101472e+00 1.36826442e+01 -2.40668289e+01 6.09051124e+01 1.14379593e+01
1.58115411e-03 4.66059624e-02 1.69592308e+01 8.13077402e+00 1.36916522e+01 -2.46983085e+01 6.32098388e+01 1.16054464e+01
1.64056067e-03 4.72749732e-02 1.70078262e+01 8.23240177e+00 1.36965937e+01 -2.53518305e+01 6.55847366e+01 1.17720177e+01
1.70175594e-03 4.79269847e-02 1.70609060e+01 8.33475912e+00 1.36967361e+01 -2.60332451e+01 6.80311411e+01 1.19343568e+01
1.76477248e-03 4.85553336e-02 1.71177253e+01 8.43569767e+00 1.36972716e+01 -2.67105060e+01 7.05503552e+01 1.20908043e+01
1.82964196e-03 4.91649049e-02 1.71774983e+01 8.53345053e+00 1.37042666e+01 -2.73331220e+01 7.31436442e+01 1.22425774e+01
1.89639503e-03 4.97666064e-02 1.72425458e+01 8.62765155e+00 1.37162511e+01 -2.79114273e+01 7.58122331e+01 1.23923930e+01
1.96506108e-03 5.03691035e-02 1.73167165e+01 8.71912650e+00 1.37265717e+01 -2.85215845e+01 7.85572977e+01 1.25424090e+01
2.03566816e-03 5.09798705e-02 1.74006522e+01 8.80862920e+00 1.37325413e+01 -2.92217520e+01 8.13799587e+01 1.26944856e+01
2.10824299e-03 5.16082360e-02 1.74886006e+01 8.89660661e+00 1.37378814e+01 -3.00215332e+01 8.42812844e+01 1.28509440e+01
2.18281060e-03 5.22577818e-02 1.75731739e+01 8.98464746e+00 1.37461707e+01 -3.08974850e+01 8.72622759e+01 1.30126761e+01
2.25939398e-03 5.29190144e-02 1.76540601e+01 9.07512240e+00 1.37574482e+01 -3.17917215e+01 9.03238515e+01 1.31773190e+01
2.33801460e-03 5.35796067e-02 1.77361413e+01 9.16820326e+00 1.37721788e+01 -3.26528504e+01 9.34668703e+01 1.33418033e+01
2.41869215e-03 5.42376624e-02 1.78234443e+01 9.26171266e+00 1.37928383e+01 -3.35158545e+01 9.66921186e+01 1.35056554e+01
2.50144282e-03 5.48923556e-02 1.79179726e+01 9.35466703e+00 1.38174754e+01 -3.44784196e+01 1.00000244e+02 1.36686707e+01
2.58628087e-03 5.55264579e-02 1.80187703e+01 9.44845457e+00 1.38415146e+01 -3.55695523e+01 1.03391817e+02 1.38265603e+01
2.67322034e-03 5.61161797e-02 1.81213207e+01 9.54429031e+00 1.38674528e+01 -3.66911986e+01 1.06867399e+02 1.39734000e+01
2.76226979e-03 5.66611612e-02 1.82233245e+01 9.64041971e+00 1.38992983e+01 -3.77472492e+01 1.10427331e+02 1.41090987e+01
2.85343160e-03 5.71919757e-02 1.83228361e+01 9.73412639e+00 1.39282476e+01 -3.87518107e+01 1.14071709e+02 1.42412694e+01
2.94671338e-03 5.77435018e-02 1.84142280e+01 9.82515488e+00 1.39394137e+01 -3.96944334e+01 1.17800837e+02 1.43785974e+01
3.04212187e-03 5.83269582e-02 1.84951282e+01 9.91498549e+00 1.39281405e+01 -4.04891634e+01 1.21614985e+02 1.45238766e+01
3.13964112e-03 5.89304102e-02 1.85680514e+01 1.00062212e+01 1.39006812e+01 -4.10984414e+01 1.25513515e+02 1.46741348e+01
3.23925586e-03 5.95438559e-02 1.86371143e+01 1.00977494e+01 1.38736079e+01 -4.15702896e+01 1.29495816e+02 1.48268809e+01
3.34098721e-03 6.01792634e-02 1.87057308e+01 1.01836468e+01 1.38679373e+01 -4.20185252e+01 1.33562732e+02 1.49850942e+01
3.44483060e-03 6.08635149e-02 1.87752338e+01 1.02636577e+01 1.38969156e+01 -4.25917154e+01 1.37714082e+02 1.51554694e+01
3.55069753e-03 6.16175368e-02 1.88495151e+01 1.03440415e+01 1.39630580e+01 -4.33603081e+01 1.41946327e+02 1.53432188e+01
3.65855676e-03 6.24452830e-02 1.89330908e+01 1.04281243e+01 1.40537327e+01 -4.42350108e+01 1.46258218e+02 1.55493260e+01
3.76854485e-03 6.33296151e-02 1.90248831e+01 1.05163568e+01 1.41485866e+01 -4.50748154e+01 1.50655215e+02 1.57695225e+01
3.88065163e-03 6.42283941e-02 1.91217343e+01 1.06090313e+01 1.42390644e+01 -4.58284050e+01 1.55136911e+02 1.59933158e+01
3.99430466e-03 6.50910498e-02 1.92147880e+01 1.07059361e+01 1.43190875e+01 -4.65294322e+01 1.59680421e+02 1.62081142e+01
4.10858370e-03 6.59027310e-02 1.93120820e+01 1.08038883e+01 1.44032332e+01 -4.72315639e+01 1.64248957e+02 1.64102205e+01
4.22290749e-03 6.67058327e-02 1.94229844e+01 1.09005938e+01 1.45043408e+01 -4.79944280e+01 1.68819282e+02 1.66101909e+01
4.33727158e-03 6.75577188e-02 1.95180611e+01 1.10017543e+01 1.45927613e+01 -4.88816392e+01 1.73391218e+02 1.68223055e+01
4.45183904e-03 6.84766430e-02 1.96178728e+01 1.11086267e+01 1.47002972e+01 -4.99065970e+01 1.77971284e+02 1.70511081e+01
4.56660652e-03 6.94549926e-02 1.97092613e+01 1.12215362e+01 1.48148405e+01 -5.10136261e+01 1.82559347e+02 1.72947073e+01
4.68150170e-03 7.04742713e-02 1.97581683e+01 1.13351806e+01 1.49004680e+01 -5.20830315e+01 1.87152515e+02 1.75484998e+01
4.79653008e-03 7.14992411e-02 1.98015432e+01 1.14423240e+01 1.49899295e+01 -5.30285024e+01 1.91751007e+02 1.78037111e+01
4.91172282e-03 7.25067565e-02 1.98469913e+01 1.15521856e+01 1.50637100e+01 -5.38504343e+01 1.96356071e+02 1.80545744e+01
5.02707170e-03 7.35062595e-02 1.99025813e+01 1.16713578e+01 1.51082483e+01 -5.45611341e+01 2.00967375e+02 1.83034384e+01
5.14256251e-03 7.45285641e-02 1.99735533e+01 1.17963854e+01 1.51394333e+01 -5.51857690e+01 2.05584355e+02 1.85579751e+01
5.25820039e-03 7.56034231e-02 2.00443192e+01 1.19188623e+01 1.51795096e+01 -5.58169332e+01 2.10207213e+02 1.88255950e+01
5.37398902e-03 7.67469725e-02 2.01003284e+01 1.20322670e+01 1.52438908e+01 -5.65637166e+01 2.14836098e+02 1.91103190e+01
5.48992360e-03 7.79501836e-02 2.01375466e+01 1.21382675e+01 1.53235789e+01 -5.74515070e+01 2.19470818e+02 1.94098995e+01
5.60600226e-03 7.91685037e-02 2.01660558e+01 1.22384853e+01 1.54047170e+01 -5.84752495e+01 2.24111298e+02 1.97132398e+01
5.72222612e-03 8.03421453e-02 2.01954043e+01 1.23307763e+01 1.54905708e+01 -5.96372365e+01 2.28757582e+02 2.00054493e+01
5.83859399e-03 8.14501023e-02 2.02253969e+01 1.24193556e+01 1.55888768e+01 -6.08386721e+01 2.33409623e+02 2.02812959e+01
5.95510415e-03 8.25419784e-02 2.02597589e+01 1.25123172e+01 1.56934190e+01 -6.18972374e+01 2.38067353e+02 2.05531339e+01
6.07175606e-03 8.36987156e-02 2.03109256e+01 1.26114990e+01 1.57836310e+01 -6.26861598e+01 2.42730749e+02 2.08411243e+01
6.18854898e-03 8.49562691e-02 2.03878673e+01 1.27130262e+01 1.58469963e+01 -6.32776693e+01 2.47399783e+02 2.11542246e+01
6.30548172e-03 8.62769454e-02 2.04873182e+01 1.28102985e+01 1.58960351e+01 -6.39371839e+01 2.52074406e+02 2.14830503e+01
6.42255334e-03 8.75990274e-02 2.05968903e+01 1.28984891e+01 1.59466693e+01 -6.48799699e+01 2.56754581e+02 2.18122290e+01
6.53976299e-03 8.89017349e-02 2.06985520e+01 1.29778730e+01 1.59989181e+01 -6.61299034e+01 2.61440275e+02 2.21365785e+01
6.65710966e-03 9.02097316e-02 2.07823741e+01 1.30525960e+01 1.60491830e+01 -6.75384713e+01 2.66131445e+02 2.24622400e+01
6.77459236e-03 9.15476966e-02 2.08540186e+01 1.31281947e+01 1.60982260e+01 -6.88290579e+01 2.70828054e+02 2.27953628e+01
6.89221016e-03 9.29177409e-02 2.09198643e+01 1.32058825e+01 1.61547134e+01 -6.98236590e+01 2.75530064e+02 2.31364752e+01
7.00996207e-03 9.43224884e-02 2.09734674e+01 1.32810615e+01 1.62218855e+01 -7.06086789e+01 2.80237435e+02 2.34862283e+01
7.12784711e-03 9.57826972e-02 2.10051925e+01 1.33516800e+01 1.62911453e+01 -7.13791111e+01 2.84950129e+02 2.38497877e+01
7.24586430e-03 9.73177655e-02 2.10237726e+01 1.34232514e+01 1.63682065e+01 -7.23425800e+01 2.89668105e+02 2.42319852e+01
7.36401265e-03 9.89261066e-02 2.10524246e+01 1.35013375e+01 1.64679720e+01 -7.35839166e+01 2.94391325e+02 2.46324288e+01
7.48229117e-03 1.00596695e-01 2.11092280e+01 1.35867272e+01 1.65843418e+01 -7.49843085e+01 2.99119748e+02 2.50483767e+01
7.60069885e-03 1.02319264e-01 2.11934815e+01 1.36778476e+01 1.66980980e+01 -7.64109384e+01 3.03853335e+02 2.54772722e+01
7.71923469e-03 1.04063620e-01 2.12834628e+01 1.37722297e+01 1.67922905e+01 -7.79394004e+01 3.08592045e+02 2.59115923e+01
7.83789770e-03 1.05767970e-01 2.13611610e+01 1.38662916e+01 1.68580925e+01 -7.97333045e+01 3.13335839e+02 2.63359501e+01
7.95668684e-03 1.07379600e-01 2.14322241e+01 1.39535940e+01 1.69015253e+01 -8.15962769e+01 3.18084676e+02 2.67372239e+01
8.07560111e-03 1.08905399e-01 2.15094837e+01 1.40292846e+01 1.69294306e+01 -8.31226223e+01 3.22838515e+02 2.71171318e+01
8.19463949e-03 1.10398407e-01 2.15957537e+01 1.40963372e+01 1.69396870e+01 -8.42472048e+01 3.27597315e+02 2.74888789e+01
8.31380094e-03 1.11893733e-01 2.16896488e+01 1.41600060e+01 1.69395195e+01 -8.51539311e+01 3.32361035e+02 2.78612064e+01
8.43308443e-03 1.13380473e-01 2.17965132e+01 1.42200410e+01 1.69518410e+01 -8.59817787e+01 3.37129635e+02 2.82313995e+01
8.55248894e-03 1.14841453e-01 2.19190034e+01 1.42741681e+01 1.69893761e+01 -8.67716943e+01 3.41903072e+02 2.85951821e+01
8.67201342e-03 1.16293622e-01 2.20473754e+01 1.43244835e+01 1.70430061e+01 -8.75227941e+01 3.46681305e+02 2.89567740e+01
8.79165682e-03 1.17776068e-01 2.21811173e+01 1.43737480e+01 1.70959314e+01 -8.83752339e+01 3.51464292e+02 2.93259041e+01
8.91141809e-03 1.19322966e-01 2.23274693e+01 1.44213372e+01 1.71417931e+01 -8.95120843e+01 3.56251992e+02 2.97110791e+01
9.03129619e-03 1.20958106e-01 2.24794361e+01 1.44703571e+01 1.71870333e+01 -9.08754241e+01 3.61044362e+02 3.01182270e+01
9.15129005e-03 1.22689536e-01 2.26228060e+01 1.45240581e+01 1.72265237e+01 -9.21964413e+01 3.65841359e+02 3.05493523e+01
9.27139861e-03 1.24496571e-01 2.27444884e+01 1.45755521e+01 1.72550754e+01 -9.33550999e+01 3.70642942e+02 3.09992977e+01
9.39162081e-03 1.26339085e-01 2.28373735e+01 1.46183980e+01 1.72846908e+01 -9.45895376e+01 3.75449068e+02 3.14580670e+01
9.51195556e-03 1.28197460e-01 2.29137114e+01 1.46585291e+01 1.73175754e+01 -9.60573935e+01 3.80259694e+02 3.19207759e+01
9.63240181e-03 1.30101083e-01 2.29905031e+01 1.47042098e+01 1.73545609e+01 -9.75944210e+01 3.85074777e+02 3.23947449e+01
9.75295846e-03 1.32100520e-01 2.30762783e+01 1.47571316e+01 1.73938793e+01 -9.91034992e+01 3.89894273e+02 3.28925707e+01
9.87362443e-03 1.34207297e-01 2.31859850e+01 1.48162404e+01 1.74205480e+01 -1.00604353e+02 3.94718140e+02 3.34171302e+01
9.99439864e-03 1.36375788e-01 2.33216076e+01 1.48801197e+01 1.74288957e+01 -1.02027007e+02 3.99546333e+02 3.39570653e+01
1.01152800e-02 1.38548683e-01 2.34545014e+01 1.49459104e+01 1.74252843e+01 -1.03167186e+02 4.04378810e+02 3.44981028e+01
1.02362674e-02 1.40700536e-01 2.35660962e+01 1.50058739e+01 1.74200597e+01 -1.03863159e+02 4.09215527e+02 3.50339026e+01
1.03573597e-02 1.42829251e-01 2.36685657e+01 1.50534820e+01 1.74244757e+01 -1.04246524e+02 4.14056438e+02 3.55639409e+01
1.04785559e-02 1.44937009e-01 2.37751114e+01 1.50919194e+01 1.74477727e+01 -1.04480469e+02 4.18901501e+02 3.60887620e+01
1.05998548e-02 1.47045604e-01 2.38830009e+01 1.51270400e+01 1.75042319e+01 -1.04576367e+02 4.23750671e+02 3.66137914e+01
1.07212554e-02 1.49203245e-01 2.39885330e+01 1.51631236e+01 1.75865219e+01 -1.04575561e+02 4.28603903e+02 3.71510322e+01
1.08427564e-02 1.51436983e-01 2.40985660e+01 1.52044144e+01 1.76638757e+01 -1.04701247e+02 4.33461153e+02 3.77072258e+01
1.09643568e-02 1.53712557e-01 2.42270317e+01 1.52464558e+01 1.77336547e+01 -1.05371186e+02 4.38322377e+02 3.82738442e+01
1.10860555e-02 1.55979621e-01 2.43798819e+01 1.52781343e+01 1.78032275e+01 -1.06593151e+02 4.43187528e+02 3.88383505e+01
1.12078513e-02 1.58240032e-01 2.45436851e+01 1.52978858e+01 1.78671594e+01 -1.07918947e+02 4.48056562e+02 3.94012011e+01
1.13297431e-02 1.60531146e-01 2.46974089e+01 1.53124148e+01 1.79379859e+01 -1.09121630e+02 4.52929433e+02 3.99716902e+01
1.14517298e-02 1.62864759e-01 2.48296415e+01 1.53252418e+01 1.80379791e+01 -1.10121849e+02 4.57806097e+02 4.05527547e+01
1.15738102e-02 1.65224594e-01 2.49431379e+01 1.53390961e+01 1.81667130e+01 -1.10725746e+02 4.62686508e+02 4.11403465e+01
1.16959831e-02 1.67604931e-01 2.50448821e+01 1.53584063e+01 1.82963958e+01 -1.10963484e+02 4.67570620e+02 4.17330415e+01
1.18182475e-02 1.70016065e-01 2.51460962e+01 1.53857383e+01 1.84077251e+01 -1.11202916e+02 4.72458387e+02 4.23334062e+01
1.19406022e-02 1.72460456e-01 2.52596403e+01 1.54214650e+01 1.84975277e+01 -1.11817262e+02 4.77349763e+02 4.29420595e+01
1.20630460e-02 1.74926769e-01 2.53838718e+01 1.54630102e+01 1.85702605e+01 -1.12844899e+02 4.82244703e+02 4.35561769e+01
1.21855778e-02 1.77401241e-01 2.55094098e+01 1.55039634e+01 1.86425652e+01 -1.14027375e+02 4.87143159e+02 4.41723212e+01
1.23081964e-02 1.79869802e-01 2.56333680e+01 1.55397084e+01 1.87148224e+01 -1.15165826e+02 4.92045085e+02 4.47869865e+01
1.24309006e-02 1.82319866e-01 2.57511896e+01 1.55697505e+01 1.87813550e+01 -1.16243518e+02 4.96950436e+02 4.53970455e+01
1.25536893e-02 1.84755521e-01 2.58518624e+01 1.55973897e+01 1.88522769e+01 -1.17259557e+02 5.01859163e+02 4.60035196e+01
1.26765613e-02 1.87201896e-01 2.59273889e+01 1.56296593e+01 1.89289743e+01 -1.18194698e+02 5.06771221e+02 4.66126688e+01
1.27995155e-02 1.89678360e-01 2.59776996e+01 1.56718707e+01 1.89963791e+01 -1.19140196e+02 5.11686563e+02 4.72293089e+01
1.29225506e-02 1.92169162e-01 2.60117620e+01 1.57207165e+01 1.90463699e+01 -1.20172574e+02 5.16605140e+02 4.78495069e+01
1.30456655e-02 1.94636405e-01 2.60449500e+01 1.57693420e+01 1.90828882e+01 -1.21213176e+02 5.21526907e+02 4.84638320e+01
1.31688590e-02 1.97069630e-01 2.60905246e+01 1.58169720e+01 1.91095995e+01 -1.22115971e+02 5.26451816e+02 4.90696914e+01
1.32921298e-02 1.99511240e-01 2.61559148e+01 1.58654006e+01 1.91337857e+01 -1.22799772e+02 5.31379819e+02 4.96776450e+01
1.34154769e-02 2.02021152e-01 2.62343836e+01 1.59184064e+01 1.91612077e+01 -1.23465923e+02 5.36310869e+02 5.03026077e+01
1.35388990e-02 2.04625347e-01 2.63100751e+01 1.59801972e+01 1.91967612e+01 -1.24438245e+02 5.41244918e+02 5.09510446e+01
1.36623950e-02 2.07310282e-01 2.63738852e+01 1.60445178e+01 1.92417299e+01 -1.25733815e+02 5.46181918e+02 5.16195845e+01
1.37859636e-02 2.10052974e-01 2.64288038e+01 1.61011290e+01 1.92881003e+01 -1.27244058e+02 5.51121822e+02 5.23025054e+01
1.39096035e-02 2.12838065e-01 2.64836511e+01 1.61487438e+01 1.93355933e+01 -1.28909784e+02 5.56064581e+02 5.29959788e+01
1.40333137e-02 2.15649543e-01 2.65419877e+01 1.61949177e+01 1.93827510e+01 -1.30520753e+02 5.61010147e+02 5.36960174e+01
1.41570930e-02 2.18454766e-01 2.66062724e+01 1.62461510e+01 1.94256788e+01 -1.31809177e+02 5.65958472e+02 5.43944974e+01
1.42809400e-02 2.21203642e-01 2.66787684e+01 1.62989984e+01 1.94675955e+01 -1.32749862e+02 5.70909508e+02 5.50789520e+01
1.44048536e-02 2.23855469e-01 2.67601414e+01 1.63450937e+01 1.95110984e+01 -1.33529606e+02 5.75863205e+02 5.57392494e+01
1.45288326e-02 2.26409227e-01 2.68543312e+01 1.63809017e+01 1.95729790e+01 -1.34325329e+02 5.80819516e+02 5.63751313e+01
1.46528757e-02 2.28906044e-01 2.69646278e+01 1.64096332e+01 1.96662129e+01 -1.35371763e+02 5.85778391e+02 5.69968368e+01
1.47769818e-02 2.31404814e-01 2.70862485e+01 1.64404559e+01 1.97599393e+01 -1.36727127e+02 5.90739783e+02 5.76190253e+01
1.49011495e-02 2.33939326e-01 2.72258814e+01 1.64796420e+01 1.98284977e+01 -1.38086695e+02 5.95703641e+02 5.82501089e+01
1.50253778e-02 2.36484383e-01 2.73936314e+01 1.65226689e+01 1.98855455e+01 -1.39163402e+02 6.00669917e+02 5.88838215e+01
1.51496653e-02 2.38985374e-01 2.75733383e+01 1.65618930e+01 1.99471633e+01 -1.39886611e+02 6.05638562e+02 5.95065683e+01
1.52740108e-02 2.41433574e-01 2.77402981e+01 1.65960634e+01 2.00114635e+01 -1.40449217e+02 6.10609527e+02 6.01161811e+01
1.53984132e-02 2.43889284e-01 2.78799689e+01 1.66282037e+01 2.00701195e+01 -1.41209927e+02 6.15582762e+02 6.07276770e+01
1.55228711e-02 2.46420777e-01 2.79968136e+01 1.66618199e+01 2.01235686e+01 -1.42353485e+02 6.20558218e+02 6.13580420e+01
1.56473833e-02 2.49035104e-01 2.81021906e+01 1.66987638e+01 2.01887656e+01 -1.43736061e+02 6.25535846e+02 6.20090220e+01
1.57719485e-02 2.51674659e-01 2.81935796e+01 1.67355088e+01 2.02783780e+01 -1.45000775e+02 6.30515595e+02 6.26662807e+01
1.58965657e-02 2.54272697e-01 2.82671092e+01 1.67678697e+01 2.03818528e+01 -1.45923355e+02 6.35497417e+02 6.33132018e+01
1.60212334e-02 2.56809365e-01 2.83286131e+01 1.67996773e+01 2.04782041e+01 -1.46516864e+02 6.40481261e+02 6.39448396e+01
1.61459504e-02 2.59318819e-01 2.83964630e+01 1.68393916e+01 2.05514831e+01 -1.46911289e+02 6.45467078e+02 6.45697023e+01
1.62707156e-02 2.61846146e-01 2.84858307e+01 1.68898104e+01 2.05970405e+01 -1.47388573e+02 6.50454818e+02 6.51990203e+01
1.63955276e-02 2.64409897e-01 2.85860569e+01 1.69482551e+01 2.06124520e+01 -1.48098689e+02 6.55444430e+02 6.58374116e+01
1.65203852e-02 2.67011815e-01 2.86829137e+01 1.70079553e+01 2.06142458e+01 -1.48884860e+02 6.60435866e+02 6.64853126e+01
1.66452871e-02 2.69653806e-01 2.87685136e+01 1.70634884e+01 2.06185367e+01 -1.49570966e+02 6.65429074e+02 6.71431999e+01
1.67702321e-02 2.72320989e-01 2.88442152e+01 1.71112086e+01 2.06323921e+01 -1.50131413e+02 6.70424004e+02 6.78073676e+01
1.68952190e-02 2.74969887e-01 2.89403127e+01 1.71438537e+01 2.06920052e+01 -1.50665121e+02 6.75420607e+02 6.84669897e+01
1.70202464e-02 2.77563023e-01 2.90021168e+01 1.71733069e+01 2.07251837e+01 -1.51344771e+02 6.80418832e+02 6.91127288e+01
1.71453131e-02 2.80106547e-01 2.90575754e+01 1.72109012e+01 2.07785110e+01 -1.52257034e+02 6.85418628e+02 6.97461118e+01
1.72704179e-02 2.82625894e-01 2.91246223e+01 1.72563979e+01 2.08945979e+01 -1.53260384e+02 6.90419945e+02 7.03734721e+01
1.73955595e-02 2.85152994e-01 2.91485152e+01 1.73068379e+01 2.10032136e+01 -1.54154046e+02 6.95422732e+02 7.10027458e+01
1.75207366e-02 2.87737542e-01 2.91630526e+01 1.73577020e+01 2.11218593e+01 -1.55046789e+02 7.00426940e+02 7.16463114e+01
1.76459479e-02 2.90417265e-01 2.91715979e+01 1.74157838e+01 2.12233124e+01 -1.56157026e+02 7.05432517e+02 7.23135666e+01
1.77711922e-02 2.93169887e-01 2.91817497e+01 1.74792937e+01 2.13066425e+01 -1.57403908e+02 7.10439412e+02 7.29989702e+01
1.78964683e-02 2.95908869e-01 2.92094312e+01 1.75402619e+01 2.13957986e+01 -1.58585541e+02 7.15447575e+02 7.36809797e+01
1.80217747e-02 2.98554056e-01 2.92588172e+01 1.75951147e+01 2.14958555e+01 -1.59424617e+02 7.20456955e+02 7.43396393e+01
1.81471104e-02 3.01109883e-01 2.93212497e+01 1.76416014e+01 2.16023399e+01 -1.59810340e+02 7.25467501e+02 7.49760561e+01
1.82724739e-02 3.03654168e-01 2.93734808e+01 1.76811182e+01 2.17061041e+01 -1.60034411e+02 7.30479163e+02 7.56096055e+01
1.83978641e-02 3.06249705e-01 2.94078721e+01 1.77223756e+01 2.17949563e+01 -1.60458453e+02 7.35491889e+02 7.62559183e+01
1.85232796e-02 3.08880389e-01 2.94392904e+01 1.77709947e+01 2.18605879e+01 -1.61202755e+02 7.40505628e+02 7.69109800e+01
1.86487192e-02 3.11471989e-01 2.94791795e+01 1.78184315e+01 2.19101939e+01 -1.62226213e+02 7.45520329e+02 7.75563102e+01
1.87741815e-02 3.13968653e-01 2.95288175e+01 1.78556560e+01 2.19499864e+01 -1.63355048e+02 7.50535942e+02 7.81780063e+01
1.88996654e-02 3.16386397e-01 2.95804325e+01 1.78855120e+01 2.19778122e+01 -1.64335948e+02 7.55552415e+02 7.87800531e+01
1.90251696e-02 3.18789503e-01 2.96279159e+01 1.79135488e+01 2.20029990e+01 -1.65063460e+02 7.60569697e+02 7.93784464e+01
1.91506926e-02 3.21224704e-01 2.96773678e+01 1.79411509e+01 2.20331661e+01 -1.65664613e+02 7.65587736e+02 7.99848270e+01
1.92762334e-02 3.23691595e-01 2.97352434e+01 1.79672220e+01 2.20613370e+01 -1.66318775e+02 7.70606482e+02 8.05991060e+01
1.94017906e-02 3.26163635e-01 2.97979039e+01 1.79924100e+01 2.20836822e+01 -1.67102626e+02 7.75625884e+02 8.12146752e+01
1.95273628e-02 3.28614366e-01 2.98605752e+01 1.80173024e+01 2.21028470e+01 -1.67941792e+02 7.80645889e+02 8.18249395e+01
1.96529489e-02 3.31032964e-01 2.99221095e+01 1.80407580e+01 2.21210212e+01 -1.68678628e+02 7.85666448e+02 8.24271985e+01
1.97785475e-02 3.33440268e-01 2.99818528e+01 1.80665898e+01 2.21371656e+01 -1.69234124e+02 7.90687508e+02 8.30266408e+01
1.99041574e-02 3.35883032e-01 3.00482398e+01 1.80959062e+01 2.21501653e+01 -1.69607260e+02 7.95709018e+02 8.36349132e+01
2.00297773e-02 3.38390924e-01 3.01371713e+01 1.81213571e+01 2.21637828e+01 -1.69876569e+02 8.00730926e+02 8.42594123e+01
2.01554059e-02 3.40946837e-01 3.02547142e+01 1.81372533e+01 2.21828528e+01 -1.70293166e+02 8.05753183e+02 8.48958863e+01
2.02810418e-02 3.43516668e-01 3.03908750e+01 1.81407510e+01 2.22044430e+01 -1.70928905e+02 8.10775735e+02 8.55358378e+01
2.04066839e-02 3.46092180e-01 3.05342616e+01 1.81342283e+01 2.22154769e+01 -1.71580337e+02 8.15798532e+02 8.61772053e+01
2.05323309e-02 3.48679360e-01 3.06753271e+01 1.81273808e+01 2.22128901e+01 -1.72179904e+02 8.20821522e+02 8.68214756e+01
2.06579813e-02 3.51266478e-01 3.07986183e+01 1.81274856e+01 2.22123184e+01 -1.72817807e+02 8.25844655e+02 8.74657241e+01
2.07836341e-02 3.53838012e-01 3.09014456e+01 1.81372429e+01 2.22279025e+01 -1.73517861e+02 8.30867877e+02 8.81060838e+01
2.09092878e-02 3.56399914e-01 3.09949805e+01 1.81598231e+01 2.22636257e+01 -1.74266038e+02 8.35891139e+02 8.87440378e+01
2.10349412e-02 3.58962160e-01 3.10854281e+01 1.81938942e+01 2.23037343e+01 -1.75105300e+02 8.40914388e+02 8.93820741e+01
2.11605930e-02 3.61520467e-01 3.11712540e+01 1.82314872e+01 2.23260088e+01 -1.76017781e+02 8.45937574e+02 9.00191307e+01
2.12862419e-02 3.64079621e-01 3.12494554e+01 1.82654834e+01 2.23401470e+01 -1.76907605e+02 8.50960644e+02 9.06564012e+01
2.14118867e-02 3.66667171e-01 3.13227118e+01 1.82924548e+01 2.23617259e+01 -1.77792039e+02 8.55983548e+02 9.13007468e+01
2.15375260e-02 3.69301401e-01 3.13932446e+01 1.83135280e+01 2.23831015e+01 -1.78661434e+02 8.61006233e+02 9.19567139e+01
2.16631585e-02 3.71965118e-01 3.14593909e+01 1.83350272e+01 2.24014606e+01 -1.79436579e+02 8.66028649e+02 9.26200168e+01
2.17887831e-02 3.74621915e-01 3.15231772e+01 1.83613840e+01 2.24239526e+01 -1.80155222e+02 8.71050745e+02 9.32816037e+01
2.19143983e-02 3.77249983e-01 3.15872672e+01 1.83922902e+01 2.24514204e+01 -1.80755568e+02 8.76072468e+02 9.39360481e+01
2.20400029e-02 3.79862658e-01 3.16501613e+01 1.84254701e+01 2.24748959e+01 -1.81051153e+02 8.81093767e+02 9.45866531e+01
2.21655957e-02 3.82503954e-01 3.17076810e+01 1.84588256e+01 2.24969104e+01 -1.81007468e+02 8.86114592e+02 9.52443684e+01
2.22911753e-02 3.85221576e-01 3.17512046e+01 1.84936236e+01 2.25412192e+01 -1.80849960e+02 8.91134890e+02 9.59210828e+01
2.24167404e-02 3.88034062e-01 3.17765083e+01 1.85321692e+01 2.26081948e+01 -1.80871816e+02 8.96154611e+02 9.66214179e+01
2.25422898e-02 3.90919484e-01 3.17854620e+01 1.85721739e+01 2.26730133e+01 -1.81085536e+02 9.01173704e+02 9.73399073e+01
2.26678222e-02 3.93833353e-01 3.17843247e+01 1.86098929e+01 2.27223442e+01 -1.81280677e+02 9.06192116e+02 9.80654674e+01
2.27933363e-02 3.96731768e-01 3.17823824e+01 1.86438126e+01 2.27528883e+01 -1.81324295e+02 9.11209797e+02 9.87871703e+01
2.29188309e-02 3.99586697e-01 3.17760938e+01 1.86702398e+01 2.27737543e+01 -1.81318625e+02 9.16226695e+02 9.94980525e+01
2.30443045e-02 4.02398404e-01 3.17524082e+01 1.86857164e+01 2.28071274e+01 -1.81340369e+02 9.21242760e+02 1.00198185e+02
2.31697561e-02 4.05196331e-01 3.17147773e+01 1.86977125e+01 2.28628194e+01 -1.81262494e+02 9.26257940e+02 1.00894882e+02
2.32951842e-02 4.08019454e-01 3.16862914e+01 1.87137887e+01 2.29375064e+01 -1.81003994e+02 9.31272184e+02 1.01597834e+02
2.34205877e-02 4.10892237e-01 3.16766795e+01 1.87330945e+01 2.30188465e+01 -1.80689445e+02 9.36285442e+02 1.02313137e+02
2.35459652e-02 4.13815301e-01 3.16731430e+01 1.87529861e+01 2.30871550e+01 -1.80561069e+02 9.41297661e+02 1.03040956e+02
2.36713155e-02 4.16772294e-01 3.16656126e+01 1.87719476e+01 2.31396083e+01 -1.80574639e+02 9.46308792e+02 1.03777228e+02
2.37966372e-02 4.19747160e-01 3.16517485e+01 1.87892071e+01 2.31792515e+01 -1.80490505e+02 9.51318783e+02 1.04517961e+02
2.39219292e-02 4.22738310e-01 3.16302982e+01 1.88024388e+01 2.32135177e+01 -1.80344998e+02 9.56327583e+02 1.05262760e+02
2.40471901e-02 4.25753226e-01 3.15994431e+01 1.88092507e+01 2.32554332e+01 -1.80285925e+02 9.61335142e+02 1.06013485e+02
2.41724187e-02 4.28790947e-01 3.15604089e+01 1.88120702e+01 2.33098548e+01 -1.80242264e+02 9.66341408e+02 1.06769887e+02
2.42976137e-02 4.31841462e-01 3.15235908e+01 1.88136804e+01 2.33752938e+01 -1.80040941e+02 9.71346331e+02 1.07529465e+02
2.44227738e-02 4.34904877e-01 3.14942732e+01 1.88166159e+01 2.34404149e+01 -1.79509660e+02 9.76349861e+02 1.08292238e+02
2.45478978e-02 4.37993963e-01 3.14645651e+01 1.88242925e+01 2.34894596e+01 -1.78665124e+02 9.81351947e+02 1.09061385e+02
2.46729844e-02 4.41109286e-01 3.14264410e+01 1.88376521e+01 2.35118422e+01 -1.77816927e+02 9.86352537e+02 1.09837055e+02
2.47980324e-02 4.44226560e-01 3.13806930e+01 1.88549879e+01 2.35123736e+01 -1.77166617e+02 9.91351583e+02 1.10613204e+02
2.49230404e-02 4.47317128e-01 3.13377859e+01 1.88713846e+01 2.35015485e+01 -1.76686382e+02 9.96349032e+02 1.11382704e+02
2.50480073e-02 4.50374383e-01 3.13071386e+01 1.88833297e+01 2.34858851e+01 -1.76287886e+02 1.00134484e+03 1.12143915e+02
2.51729317e-02 4.53414810e-01 3.12845251e+01 1.88908313e+01 2.34730845e+01 -1.75807626e+02 1.00633894e+03 1.12900942e+02
2.52978124e-02 4.56454310e-01 3.12617131e+01 1.88947896e+01 2.34629857e+01 -1.75098551e+02 1.01133130e+03 1.13657738e+02
2.54226482e-02 4.59488795e-01 3.12383365e+01 1.88952482e+01 2.34461304e+01 -1.74235399e+02 1.01632187e+03 1.14413292e+02
2.55474378e-02 4.62500239e-01 3.12215901e+01 1.88914844e+01 2.34172349e+01 -1.73391106e+02 1.02131058e+03 1.15163122e+02
2.56721800e-02 4.65479866e-01 3.12146163e+01 1.88857654e+01 2.33871249e+01 -1.72552212e+02 1.02629740e+03 1.15905038e+02
2.57968734e-02 4.68442870e-01 3.12071943e+01 1.88831708e+01 2.33738635e+01 -1.71579817e+02 1.03128228e+03 1.16642816e+02
2.59215169e-02 4.71416178e-01 3.11828450e+01 1.88888911e+01 2.33725697e+01 -1.70551099e+02 1.03626515e+03 1.17383161e+02
2.60461092e-02 4.74416089e-01 3.11379243e+01 1.89052651e+01 2.33647561e+01 -1.69731766e+02 1.04124598e+03 1.18130129e+02
2.61706491e-02 4.77446016e-01 3.10783880e+01 1.89276845e+01 2.33460072e+01 -1.69297414e+02 1.04622472e+03 1.18884570e+02
2.62951352e-02 4.80501855e-01 3.10144570e+01 1.89503571e+01 2.33200304e+01 -1.69211492e+02 1.05120130e+03 1.19645466e+02
2.64195665e-02 4.83564439e-01 3.09592015e+01 1.89710853e+01 2.32857284e+01 -1.69263839e+02 1.05617570e+03 1.20408044e+02
2.65439416e-02 4.86607017e-01 3.09169153e+01 1.89877214e+01 2.32494312e+01 -1.69154911e+02 1.06114784e+03 1.21165632e+02
2.66682594e-02 4.89627764e-01 3.08834530e+01 1.90001550e+01 2.32215558e+01 -1.68818984e+02 1.06611770e+03 1.21917780e+02
2.67925185e-02 4.92658642e-01 3.08472763e+01 1.90098239e+01 2.32046138e+01 -1.68505605e+02 1.07108521e+03 1.22672458e+02
2.69167178e-02 4.95733764e-01 3.07981645e+01 1.90163768e+01 2.32064840e+01 -1.68295535e+02 1.07605032e+03 1.23438155e+02
2.70408560e-02 4.98860232e-01 3.07345530e+01 1.90209682e+01 2.32301514e+01 -1.68057637e+02 1.08101300e+03 1.24216625e+02
2.71649319e-02 5.02022145e-01 3.06638469e+01 1.90227236e+01 2.32674181e+01 -1.67678786e+02 1.08597319e+03 1.25003902e+02
2.72889443e-02 5.05206966e-01 3.05920345e+01 1.90216975e+01 2.33043877e+01 -1.67146343e+02 1.09093083e+03 1.25796867e+02
2.74128919e-02 5.08414812e-01 3.05114135e+01 1.90257375e+01 2.33229933e+01 -1.66653500e+02 1.09588589e+03 1.26595559e+02
2.75367736e-02 5.11635718e-01 3.04176044e+01 1.90392313e+01 2.33306316e+01 -1.66430066e+02 1.10083831e+03 1.27397506e+02
2.76605881e-02 5.14846504e-01 3.03248511e+01 1.90566014e+01 2.33380993e+01 -1.66375175e+02 1.10578805e+03 1.28196942e+02
2.77843342e-02 5.18049129e-01 3.02515742e+01 1.90653512e+01 2.33395122e+01 -1.66284641e+02 1.11073505e+03 1.28994352e+02
2.79080108e-02 5.21280961e-01 3.02054871e+01 1.90590681e+01 2.33324226e+01 -1.66140376e+02 1.11567927e+03 1.29799044e+02
2.80316165e-02 5.24562152e-01 3.01847538e+01 1.90449232e+01 2.33195941e+01 -1.65964629e+02 1.12062066e+03 1.30616042e+02
2.81551502e-02 5.27852201e-01 3.01814740e+01 1.90303235e+01 2.33177079e+01 -1.65725666e+02 1.12555917e+03 1.31435250e+02
2.82786108e-02 5.31084007e-01 3.01840949e+01 1.90150442e+01 2.33394056e+01 -1.65409558e+02 1.13049475e+03 1.32239947e+02
2.84019969e-02 5.34240467e-01 3.01841304e+01 1.89963828e+01 2.33695204e+01 -1.64991257e+02 1.13542737e+03 1.33025882e+02
2.85253074e-02 5.37379476e-01 3.01703964e+01 1.89734785e+01 2.33989114e+01 -1.64513654e+02 1.14035695e+03 1.33807474e+02
2.86485412e-02 5.40572660e-01 3.01304526e+01 1.89483522e+01 2.34335369e+01 -1.64196117e+02 1.14528347e+03 1.34602550e+02
2.87716969e-02 5.43833409e-01 3.00687078e+01 1.89223603e+01 2.34669923e+01 -1.64205935e+02 1.15020687e+03 1.35414439e+02
2.88947735e-02 5.47121953e-01 3.00063748e+01 1.88939915e+01 2.34866997e+01 -1.64469901e+02 1.15512711e+03 1.36233248e+02
2.90177698e-02 5.50404157e-01 2.99560634e+01 1.88634446e+01 2.34850839e+01 -1.64728250e+02 1.16004414e+03 1.37050490e+02
2.91406845e-02 5.53674531e-01 2.99149812e+01 1.88323476e+01 2.34652556e+01 -1.64739011e+02 1.16495790e+03 1.37864802e+02
2.92635166e-02 5.56926302e-01 2.98757964e+01 1.88011167e+01 2.34291439e+01 -1.64489387e+02 1.16986836e+03 1.38674491e+02
2.93862648e-02 5.60128538e-01 2.98383208e+01 1.87683406e+01 2.33757427e+01 -1.64071536e+02 1.17477547e+03 1.39471844e+02
2.95089279e-02 5.63245580e-01 2.98067288e+01 1.87291497e+01 2.33099370e+01 -1.63534363e+02 1.17967917e+03 1.40247986e+02
2.96315048e-02 5.66273734e-01 2.97836930e+01 1.86772804e+01 2.32433389e+01 -1.63006139e+02 1.18457944e+03 1.41002005e+02
2.97539944e-02 5.69251594e-01 2.97733832e+01 1.86180593e+01 2.31847819e+01 -1.62532110e+02 1.18947620e+03 1.41743511e+02
2.98763954e-02 5.72226326e-01 2.97538007e+01 1.85643886e+01 2.31082877e+01 -1.62095740e+02 1.19436943e+03 1.42484245e+02
2.99987067e-02 5.75207219e-01 2.97610496e+01 1.85056294e+01 2.30588620e+01 -1.61635701e+02 1.19925908e+03 1.43226513e+02
3.01209272e-02 5.78164532e-01 2.97540578e+01 1.84393713e+01 2.29873470e+01 -1.61104051e+02 1.20414509e+03 1.43962906e+02
3.02430557e-02 5.81070681e-01 2.97336281e+01 1.83766725e+01 2.28919442e+01 -1.60500958e+02 1.20902742e+03 1.44686554e+02
3.03650911e-02 5.83908385e-01 2.97511702e+01 1.83217452e+01 2.28423357e+01 -1.59875090e+02 1.21390604e+03 1.45393162e+02
3.04870323e-02 5.86690761e-01 2.97615094e+01 1.82788251e+01 2.27866672e+01 -1.59259269e+02 1.21878088e+03 1.46085990e+02
3.06088780e-02 5.89476684e-01 2.97714579e+01 1.82405516e+01 2.27208314e+01 -1.58707908e+02 1.22365191e+03 1.46779703e+02
3.07306271e-02 5.92309740e-01 2.97849429e+01 1.82003011e+01 2.26439722e+01 -1.58420162e+02 1.22851908e+03 1.47485157e+02
3.08522786e-02 5.95182122e-01 2.97971458e+01 1.81541612e+01 2.25539470e+01 -1.58371374e+02 1.23338234e+03 1.48200406e+02
3.09738313e-02 5.98065341e-01 2.98105927e+01 1.81015774e+01 2.24654533e+01 -1.58284669e+02 1.23824166e+03 1.48918352e+02
3.10952841e-02 6.00939815e-01 2.98245162e+01 1.80468017e+01 2.23902125e+01 -1.57985279e+02 1.24309698e+03 1.49634115e+02
3.12166358e-02 6.03787245e-01 2.98396033e+01 1.79964945e+01 2.23287358e+01 -1.57517093e+02 1.24794826e+03 1.50343141e+02
3.13378854e-02 6.06587551e-01 2.98514887e+01 1.79546253e+01 2.22737648e+01 -1.56984840e+02 1.25279546e+03 1.51040442e+02
3.14590317e-02 6.09336839e-01 2.98562786e+01 1.79164677e+01 2.22233627e+01 -1.56375675e+02 1.25763853e+03 1.51725054e+02
3.15800737e-02 6.12051058e-01 2.98559512e+01 1.78750599e+01 2.21820826e+01 -1.55601731e+02 1.26247742e+03 1.52400942e+02
3.17010102e-02 6.14745536e-01 2.98447757e+01 1.78309423e+01 2.21557195e+01 -1.54641313e+02 1.26731210e+03 1.53071910e+02
3.18218401e-02 6.17419481e-01 2.98190722e+01 1.77883579e+01 2.21424246e+01 -1.53538782e+02 1.27214252e+03 1.53737749e+02
3.19425623e-02 6.20066417e-01 2.97855692e+01 1.77472499e+01 2.21332637e+01 -1.52360669e+02 1.27696864e+03 1.54396845e+02
3.20631758e-02 6.22698719e-01 2.97477975e+01 1.77036462e+01 2.21253768e+01 -1.51153146e+02 1.28179041e+03 1.55052282e+02
3.21836794e-02 6.25347929e-01 2.97034930e+01 1.76561682e+01 2.21088992e+01 -1.50015067e+02 1.28660778e+03 1.55711922e+02
3.23040721e-02 6.28033711e-01 2.96480705e+01 1.76071235e+01 2.20687951e+01 -1.49120147e+02 1.29142073e+03 1.56380666e+02
3.24243528e-02 6.30748026e-01 2.95824119e+01 1.75583719e+01 2.20108879e+01 -1.48489666e+02 1.29622919e+03 1.57056520e+02
3.25445204e-02 6.33471949e-01 2.95129948e+01 1.75121367e+01 2.19523419e+01 -1.47954015e+02 1.30103314e+03 1.57734767e+02
3.26645739e-02 6.36186546e-01 2.94451056e+01 1.74687742e+01 2.19029379e+01 -1.47384868e+02 1.30583252e+03 1.58410675e+02
3.27845122e-02 6.38870355e-01 2.93781773e+01 1.74252495e+01 2.18615590e+01 -1.46728406e+02 1.31062729e+03 1.59078899e+02
3.29043342e-02 6.41513709e-01 2.93054145e+01 1.73787655e+01 2.18174013e+01 -1.45932939e+02 1.31541742e+03 1.59737042e+02
3.30240388e-02 6.44136912e-01 2.92245737e+01 1.73260447e+01 2.17630189e+01 -1.44999133e+02 1.32020286e+03 1.60390170e+02
3.31436251e-02 6.46777414e-01 2.91426780e+01 1.72662208e+01 2.16994158e+01 -1.43943623e+02 1.32498356e+03 1.61047605e+02
3.32630920e-02 6.49461278e-01 2.90659135e+01 1.72063530e+01 2.16278329e+01 -1.42773309e+02 1.32975949e+03 1.61715839e+02
3.33824384e-02 6.52194713e-01 2.89998849e+01 1.71538101e+01 2.15517685e+01 -1.41485065e+02 1.33453060e+03 1.62396420e+02
3.35016633e-02 6.54972822e-01 2.89500123e+01 1.71095518e+01 2.14698232e+01 -1.40108530e+02 1.33929686e+03 1.63088132e+02
3.36207657e-02 6.57784437e-01 2.89070411e+01 1.70704213e+01 2.13761956e+01 -1.38845727e+02 1.34405822e+03 1.63788198e+02
3.37397445e-02 6.60611331e-01 2.88521606e+01 1.70340503e+01 2.12750299e+01 -1.37853185e+02 1.34881464e+03 1.64492068e+02
3.38585987e-02 6.63426639e-01 2.87732451e+01 1.70012998e+01 2.11809003e+01 -1.37138995e+02 1.35356608e+03 1.65193048e+02
3.39773273e-02 6.66195355e-01 2.86736338e+01 1.69716643e+01 2.11022426e+01 -1.36634166e+02 1.35831249e+03 1.65882431e+02
3.40959293e-02 6.68889158e-01 2.85694919e+01 1.69402744e+01 2.10347380e+01 -1.36126380e+02 1.36305385e+03 1.66553164e+02
3.42144036e-02 6.71510888e-01 2.84708079e+01 1.69012291e+01 2.09735821e+01 -1.35498034e+02 1.36779010e+03 1.67205950e+02
3.43327493e-02 6.74097185e-01 2.83781074e+01 1.68529071e+01 2.09163333e+01 -1.34816664e+02 1.37252121e+03 1.67849913e+02
3.44509654e-02 6.76694605e-01 2.82874292e+01 1.67989047e+01 2.08608302e+01 -1.34130524e+02 1.37724714e+03 1.68496650e+02
3.45690508e-02 6.79337173e-01 2.81895966e+01 1.67452107e+01 2.08023197e+01 -1.33430942e+02 1.38196784e+03 1.69154629e+02
3.46870046e-02 6.82036126e-01 2.80766697e+01 1.66951659e+01 2.07357724e+01 -1.32720079e+02 1.38668328e+03 1.69826640e+02
3.48048258e-02 6.84779623e-01 2.79523079e+01 1.66458523e+01 2.06616982e+01 -1.31977357e+02 1.39139342e+03 1.70509734e+02
3.49225135e-02 6.87543241e-01 2.78261014e+01 1.65933704e+01 2.05837222e+01 -1.31177427e+02 1.39609823e+03 1.71197835e+02
3.50400665e-02 6.90301268e-01 2.76988394e+01 1.65382199e+01 2.05044730e+01 -1.30361870e+02 1.40079765e+03 1.71884544e+02
3.51574840e-02 6.93030612e-01 2.75676643e+01 1.64828408e+01 2.04242385e+01 -1.29550468e+02 1.40549165e+03 1.72564110e+02
3.52747650e-02 6.95716677e-01 2.74361348e+01 1.64281530e+01 2.03385976e+01 -1.28719108e+02 1.41018020e+03 1.73232890e+02
3.53919086e-02 6.98365483e-01 2.73083996e+01 1.63737209e+01 2.02449116e+01 -1.27900569e+02 1.41486325e+03 1.73892387e+02
3.55089137e-02 7.01004248e-01 2.71813953e+01 1.63182554e+01 2.01485635e+01 -1.27192210e+02 1.41954076e+03 1.74549384e+02
3.56257795e-02 7.03657826e-01 2.70528700e+01 1.62614968e+01 2.00563167e+01 -1.26578518e+02 1.42421271e+03 1.75210077e+02
3.57425050e-02 7.06323726e-01 2.69249690e+01 1.62041016e+01 1.99717738e+01 -1.25887309e+02 1.42887905e+03 1.75873840e+02
3.58590892e-02 7.08975893e-01 2.67981648e+01 1.61436412e+01 1.98964291e+01 -1.24994751e+02 1.43353974e+03 1.76534175e+02
3.59755312e-02 7.11591734e-01 2.66711712e+01 1.60767319e+01 1.98298412e+01 -1.23916793e+02 1.43819474e+03 1.77185457e+02
3.60918301e-02 7.14171987e-01 2.65439103e+01 1.60042740e+01 1.97681720e+01 -1.22742010e+02 1.44284403e+03 1.77827884e+02
3.62079849e-02 7.16734902e-01 2.64161139e+01 1.59309872e+01 1.97056517e+01 -1.21607464e+02 1.44748755e+03 1.78466008e+02
3.63239948e-02 7.19293934e-01 2.62869142e+01 1.58609370e+01 1.96360081e+01 -1.20658724e+02 1.45212528e+03 1.79103176e+02
3.64398589e-02 7.21845456e-01 2.61583103e+01 1.57931486e+01 1.95597090e+01 -1.19934982e+02 1.45675718e+03 1.79738475e+02
3.65555761e-02 7.24379460e-01 2.60373749e+01 1.57235892e+01 1.94856788e+01 -1.19249545e+02 1.46138321e+03 1.80369405e+02
3.66711456e-02 7.26895472e-01 2.59290246e+01 1.56492131e+01 1.94190015e+01 -1.18397066e+02 1.46600334e+03 1.80995844e+02
3.67865666e-02 7.29404421e-01 2.58253970e+01 1.55719247e+01 1.93515400e+01 -1.17407300e+02 1.47061753e+03 1.81620515e+02
3.69018381e-02 7.31920120e-01 2.57120849e+01 1.54971078e+01 1.92661544e+01 -1.16430623e+02 1.47522574e+03 1.82246863e+02
3.70169592e-02 7.34450270e-01 2.55860025e+01 1.54251816e+01 1.91536627e+01 -1.15534096e+02 1.47982794e+03 1.82876811e+02
3.71319291e-02 7.36992659e-01 2.54565291e+01 1.53527551e+01 1.90216384e+01 -1.14653325e+02 1.48442409e+03 1.83509809e+02
3.72467468e-02 7.39537863e-01 2.53310899e+01 1.52792692e+01 1.88866756e+01 -1.13746404e+02 1.48901416e+03 1.84143507e+02
3.73614116e-02 7.42072952e-01 2.52095010e+01 1.52070543e+01 1.87611100e+01 -1.12819833e+02 1.49359812e+03 1.84774682e+02
3.74759225e-02 7.44585913e-01 2.50858160e+01 1.51380595e+01 1.86489818e+01 -1.11816585e+02 1.49817592e+03 1.85400344e+02
3.75902785e-02 7.47071201e-01 2.49554450e+01 1.50707937e+01 1.85514710e+01 -1.10687456e+02 1.50274754e+03 1.86019109e+02
3.77044791e-02 7.49527223e-01 2.48244524e+01 1.50019580e+01 1.84646192e+01 -1.09484428e+02 1.50731294e+03 1.86630577e+02
3.78185235e-02 7.51949877e-01 2.47029525e+01 1.49308062e+01 1.83812072e+01 -1.08300046e+02 1.51187210e+03 1.87233742e+02
3.79324102e-02 7.54337823e-01 2.45940739e+01 1.48598057e+01 1.82941829e+01 -1.07139838e+02 1.51642495e+03 1.87828283e+02
3.80461386e-02 7.56702876e-01 2.44933528e+01 1.47912470e+01 1.81946863e+01 -1.05936181e+02 1.52097147e+03 1.88417141e+02
3.81597092e-02 7.59067169e-01 2.43911923e+01 1.47253905e+01 1.80808990e+01 -1.04712138e+02 1.52551168e+03 1.89005815e+02
3.82731197e-02 7.61450028e-01 2.42800221e+01 1.46614309e+01 1.79606855e+01 -1.03593260e+02 1.53004550e+03 1.89599105e+02
3.83863672e-02 7.63859157e-01 2.41587894e+01 1.45979715e+01 1.78457684e+01 -1.02610339e+02 1.53457279e+03 1.90198924e+02
3.84994552e-02 7.66287204e-01 2.40309992e+01 1.45331700e+01 1.77434665e+01 -1.01668111e+02 1.53909372e+03 1.90803438e+02
3.86123857e-02 7.68711670e-01 2.39021871e+01 1.44672286e+01 1.76444268e+01 -1.00690473e+02 1.54360834e+03 1.91407051e+02
3.87251470e-02 7.71105825e-01 2.37801156e+01 1.44026930e+01 1.75365374e+01 -9.95953548e+01 1.54811620e+03 1.92003119e+02
3.88377359e-02 7.73456352e-01 2.36663372e+01 1.43401635e+01 1.74192308e+01 -9.83509416e+01 1.55261717e+03 1.92588331e+02
3.89501757e-02 7.75768525e-01 2.35522276e+01 1.42772287e+01 1.72978484e+01 -9.70471486e+01 1.55711218e+03 1.93163998e+02
3.90624669e-02 7.78055225e-01 2.34341286e+01 1.42116778e+01 1.71772017e+01 -9.57498713e+01 1.56160125e+03 1.93733325e+02
3.91745537e-02 7.80325695e-01 2.33149486e+01 1.41431424e+01 1.70592531e+01 -9.44613842e+01 1.56608215e+03 1.94298612e+02
3.92864352e-02 7.82584092e-01 2.31955046e+01 1.40725634e+01 1.69444720e+01 -9.31568092e+01 1.57055484e+03 1.94860894e+02
3.93983063e-02 7.84832618e-01 2.30752346e+01 1.40011037e+01 1.68309079e+01 -9.18103105e+01 1.57502711e+03 1.95420719e+02
3.95104809e-02 7.87074104e-01 2.29559729e+01 1.39294958e+01 1.67142244e+01 -9.03882876e+01 1.57951152e+03 1.95978795e+02
3.96231578e-02 7.89313819e-01 2.28366626e+01 1.38588480e+01 1.65899053e+01 -8.88908444e+01 1.58401601e+03 1.96536429e+02
3.97363418e-02 7.91557731e-01 2.27083399e+01 1.37885616e+01 1.64618557e+01 -8.74210707e+01 1.58854077e+03 1.97095102e+02
3.98499826e-02 7.93809710e-01 2.25625424e+01 1.37163993e+01 1.63409537e+01 -8.60823220e+01 1.59308379e+03 1.97655774e+02
3.99640862e-02 7.96073142e-01 2.23997709e+01 1.36432477e+01 1.62283807e+01 -8.48647885e+01 1.59764531e+03 1.98219294e+02
4.00786814e-02 7.98349809e-01 2.22296887e+01 1.35707810e+01 1.61134872e+01 -8.36783264e+01 1.60222649e+03 1.98786108e+02
4.01937708e-02 8.00632181e-01 2.20626222e+01 1.34994209e+01 1.59826336e+01 -8.24948960e+01 1.60682742e+03 1.99354339e+02
4.03093484e-02 8.02903120e-01 2.19011928e+01 1.34293856e+01 1.58314766e+01 -8.13662228e+01 1.61144787e+03 1.99919720e+02
4.04254220e-02 8.05148247e-01 2.17427601e+01 1.33592557e+01 1.56734912e+01 -8.02875513e+01 1.61608814e+03 2.00478675e+02
4.05420008e-02 8.07365020e-01 2.15895784e+01 1.32855598e+01 1.55242517e+01 -7.92093645e+01 1.62074862e+03 2.01030578e+02
4.06590880e-02 8.09560375e-01 2.14462247e+01 1.32051535e+01 1.53819936e+01 -7.80968972e+01 1.62542941e+03 2.01577156e+02
4.07766872e-02 8.11746111e-01 2.13104619e+01 1.31159020e+01 1.52396605e+01 -7.69353022e+01 1.63013068e+03 2.02121337e+02
4.08948049e-02 8.13935453e-01 2.11734253e+01 1.30178356e+01 1.51030207e+01 -7.57436153e+01 1.63485268e+03 2.02666402e+02
4.10134467e-02 8.16137927e-01 2.10256104e+01 1.29161960e+01 1.49778502e+01 -7.45472130e+01 1.63959562e+03 2.03214725e+02
4.11326173e-02 8.18355756e-01 2.08622881e+01 1.28180450e+01 1.48530039e+01 -7.33494298e+01 1.64435971e+03 2.03766862e+02
4.12523222e-02 8.20583378e-01 2.06888350e+01 1.27255405e+01 1.47107491e+01 -7.21402382e+01 1.64914515e+03 2.04321431e+02
4.13725671e-02 8.22808936e-01 2.05131074e+01 1.26364163e+01 1.45476664e+01 -7.09121597e+01 1.65395219e+03 2.04875480e+02
4.14933573e-02 8.25019545e-01 2.03360217e+01 1.25493962e+01 1.43750551e+01 -6.96739764e+01 1.65878102e+03 2.05425804e+02
4.16146985e-02 8.27207642e-01 2.01567595e+01 1.24652067e+01 1.42055231e+01 -6.84246983e+01 1.66363188e+03 2.05970522e+02
4.17365965e-02 8.29371529e-01 1.99747501e+01 1.23842424e+01 1.40429699e+01 -6.71558012e+01 1.66850500e+03 2.06509211e+02
4.18590568e-02 8.31510332e-01 1.97864497e+01 1.23042569e+01 1.38822711e+01 -6.58946260e+01 1.67340060e+03 2.07041656e+02
4.19820854e-02 8.33620644e-01 1.95871336e+01 1.22205554e+01 1.37176785e+01 -6.46747506e+01 1.67831892e+03 2.07567004e+02
4.21056881e-02 8.35699611e-01 1.93852141e+01 1.21313927e+01 1.35545131e+01 -6.35169254e+01 1.68326018e+03 2.08084542e+02
4.22298709e-02 8.37750934e-01 1.91739692e+01 1.20413794e+01 1.33712729e+01 -6.24370964e+01 1.68822464e+03 2.08595186e+02
4.23546397e-02 8.39786251e-01 1.89668599e+01 1.19485976e+01 1.31848799e+01 -6.14289381e+01 1.69321253e+03 2.09101837e+02
4.24800008e-02 8.41819606e-01 1.87571535e+01 1.18510044e+01 1.29930489e+01 -6.04793805e+01 1.69822409e+03 2.09607997e+02
4.26059604e-02 8.43859472e-01 1.85352549e+01 1.17536438e+01 1.27841879e+01 -5.95680436e+01 1.70325958e+03 2.10115773e+02
4.27325245e-02 8.45905485e-01 1.83316521e+01 1.16573022e+01 1.25980460e+01 -5.86353236e+01 1.70831924e+03 2.10625074e+02
4.28596997e-02 8.47953604e-01 1.81347695e+01 1.15641717e+01 1.24193143e+01 -5.76583185e+01 1.71340332e+03 2.11134898e+02
4.29874923e-02 8.50002833e-01 1.79341046e+01 1.14743338e+01 1.22393042e+01 -5.66620145e+01 1.71851209e+03 2.11644998e+02
4.31159088e-02 8.52054975e-01 1.77233765e+01 1.13869821e+01 1.20586838e+01 -5.56738826e+01 1.72364580e+03 2.12155816e+02
4.32449558e-02 8.54107781e-01 1.75011311e+01 1.12998694e+01 1.18783115e+01 -5.46868942e+01 1.72880472e+03 2.12666791e+02
4.33746400e-02 8.56152341e-01 1.72702503e+01 1.12122002e+01 1.16953766e+01 -5.36798440e+01 1.73398911e+03 2.13175708e+02
4.35049682e-02 8.58178708e-01 1.70295648e+01 1.11260295e+01 1.15114047e+01 -5.26571805e+01 1.73919924e+03 2.13680094e+02
4.36359471e-02 8.60180897e-01 1.67779882e+01 1.10414082e+01 1.13311004e+01 -5.16415217e+01 1.74443539e+03 2.14178466e+02
4.37675838e-02 8.62154167e-01 1.65206987e+01 1.09538176e+01 1.11543916e+01 -5.06554339e+01 1.74969783e+03 2.14669643e+02
4.38998852e-02 8.64091295e-01 1.62651332e+01 1.08587700e+01 1.09818977e+01 -4.96814076e+01 1.75498685e+03 2.15151820e+02
4.40328584e-02 8.65985413e-01 1.60123669e+01 1.07575350e+01 1.08150612e+01 -4.86573989e+01 1.76030272e+03 2.15623287e+02
4.41665107e-02 8.67834291e-01 1.57573446e+01 1.06537613e+01 1.06522235e+01 -4.75700122e+01 1.76564574e+03 2.16083487e+02
4.43008494e-02 8.69641608e-01 1.55021203e+01 1.05480959e+01 1.04935535e+01 -4.64481243e+01 1.77101620e+03 2.16533333e+02
4.44358818e-02 8.71419216e-01 1.52509491e+01 1.04397259e+01 1.03387222e+01 -4.53016568e+01 1.77641440e+03 2.16975779e+02
4.45716155e-02 8.73185815e-01 1.49943275e+01 1.03293861e+01 1.01856544e+01 -4.41646875e+01 1.78184063e+03 2.17415481e+02
4.47080581e-02 8.74953432e-01 1.47172362e+01 1.02192571e+01 1.00349704e+01 -4.30829984e+01 1.78729520e+03 2.17855425e+02
4.48452172e-02 8.76712098e-01 1.44215344e+01 1.01110408e+01 9.88411942e+00 -4.20330886e+01 1.79277841e+03 2.18293127e+02
4.49831007e-02 8.78432448e-01 1.41241185e+01 1.00047652e+01 9.72994732e+00 -4.09823485e+01 1.79829058e+03 2.18721283e+02
4.51217164e-02 8.80087782e-01 1.38371674e+01 9.89765525e+00 9.57344282e+00 -3.99455043e+01 1.80383203e+03 2.19133255e+02
4.52610724e-02 8.81674999e-01 1.35625496e+01 9.78633907e+00 9.40946041e+00 -3.89193808e+01 1.80940307e+03 2.19528272e+02
4.54011769e-02 8.83213972e-01 1.32970385e+01 9.66943091e+00 9.23764102e+00 -3.78639212e+01 1.81500402e+03 2.19911279e+02
4.55420379e-02 8.84727960e-01 1.30382756e+01 9.54790741e+00 9.06949116e+00 -3.67470679e+01 1.82063523e+03 2.20288065e+02
4.56836640e-02 8.86225328e-01 1.27857194e+01 9.42462840e+00 8.90778555e+00 -3.55951164e+01 1.82629702e+03 2.20660715e+02
4.58260635e-02 8.87696609e-01 1.25407310e+01 9.30121631e+00 8.74695692e+00 -3.44579188e+01 1.83198973e+03 2.21026876e+02
4.59692451e-02 8.89125315e-01 1.23052388e+01 9.17924464e+00 8.57985552e+00 -3.33355764e+01 1.83771370e+03 2.21382444e+02
4.61132174e-02 8.90501900e-01 1.20754199e+01 9.06106414e+00 8.39959923e+00 -3.22006008e+01 1.84346929e+03 2.21725037e+02
4.62579892e-02 8.91830181e-01 1.18426631e+01 8.94562734e+00 8.20853863e+00 -3.10498049e+01 1.84925683e+03 2.22055601e+02
4.64035696e-02 8.93122774e-01 1.16008627e+01 8.82880005e+00 8.01568723e+00 -2.98960620e+01 1.85507670e+03 2.22377280e+02
4.65499674e-02 8.94390502e-01 1.13462052e+01 8.70765928e+00 7.82530618e+00 -2.87627966e+01 1.86092925e+03 2.22692769e+02
4.66971921e-02 8.95633391e-01 1.10774319e+01 8.58473283e+00 7.63532078e+00 -2.76780193e+01 1.86681486e+03 2.23002077e+02
4.68452528e-02 8.96840113e-01 1.08000547e+01 8.46517604e+00 7.44572579e+00 -2.66563038e+01 1.87273389e+03 2.23302388e+02
4.69941591e-02 8.97999011e-01 1.05214274e+01 8.35131920e+00 7.25841215e+00 -2.56907646e+01 1.87868671e+03 2.23590796e+02
4.71439205e-02 8.99111630e-01 1.02440014e+01 8.24304188e+00 7.07061075e+00 -2.47472898e+01 1.88467373e+03 2.23867680e+02
4.72945467e-02 9.00191219e-01 9.96705419e+00 8.13785701e+00 6.88172873e+00 -2.37993054e+01 1.89069532e+03 2.24136338e+02
4.74460477e-02 9.01245638e-01 9.69504285e+00 8.03253898e+00 6.69402865e+00 -2.28583566e+01 1.89675188e+03 2.24398732e+02
4.75984334e-02 9.02268135e-01 9.43285885e+00 7.92667251e+00 6.50472335e+00 -2.19442042e+01 1.90284380e+03 2.24653181e+02
4.77517140e-02 9.03248426e-01 9.17819936e+00 7.82068981e+00 6.31367628e+00 -2.10395285e+01 1.90897151e+03 2.24897122e+02
4.79058998e-02 9.04185270e-01 8.93073387e+00 7.71316814e+00 6.12722279e+00 -2.01115069e+01 1.91513540e+03 2.25130247e+02
4.80610012e-02 9.05083056e-01 8.69127967e+00 7.60340447e+00 5.95112327e+00 -1.91781588e+01 1.92133589e+03 2.25353651e+02
4.82170289e-02 9.05941772e-01 8.45729169e+00 7.49281810e+00 5.78313309e+00 -1.82788276e+01 1.92757342e+03 2.25567336e+02
4.83739937e-02 9.06755240e-01 8.23077393e+00 7.38192531e+00 5.61098620e+00 -1.74092805e+01 1.93384840e+03 2.25769766e+02
4.85319063e-02 9.07517268e-01 8.01481108e+00 7.26994440e+00 5.42680446e+00 -1.65518659e+01 1.94016128e+03 2.25959401e+02
4.86907780e-02 9.08227294e-01 7.80794650e+00 7.15762431e+00 5.23508080e+00 -1.56951050e+01 1.94651250e+03 2.26136101e+02
4.88506200e-02 9.08890400e-01 7.60872902e+00 7.04663963e+00 5.04312306e+00 -1.48348879e+01 1.95290250e+03 2.26301125e+02
4.90114437e-02 9.09513470e-01 7.41822748e+00 6.93655125e+00 4.85718931e+00 -1.39807304e+01 1.95933175e+03 2.26456185e+02
4.91732606e-02 9.10102357e-01 7.23772467e+00 6.82562719e+00 4.68546706e+00 -1.31471576e+01 1.96580071e+03 2.26602742e+02
4.93360826e-02 9.10660705e-01 7.06800829e+00 6.71395829e+00 4.52565292e+00 -1.23530237e+01 1.97230985e+03 2.26741702e+02
4.94999216e-02 9.11189131e-01 6.91353752e+00 6.60186574e+00 4.36813855e+00 -1.16000150e+01 1.97885965e+03 2.26873217e+02
4.96647897e-02 9.11686608e-01 6.77420687e+00 6.48889344e+00 4.21511214e+00 -1.08833887e+01 1.98545058e+03 2.26997031e+02
4.98306992e-02 9.12154240e-01 6.64137447e+00 6.37624387e+00 4.07107147e+00 -1.02030847e+01 1.99208315e+03 2.27113418e+02
4.99976626e-02 9.12596909e-01 6.51028243e+00 6.26582155e+00 3.93413035e+00 -9.54692864e+00 1.99875785e+03 2.27223595e+02
5.01656925e-02 9.13020434e-01 6.38086161e+00 6.15896957e+00 3.80131001e+00 -8.89878680e+00 2.00547519e+03 2.27329012e+02
5.03348020e-02 9.13427329e-01 6.24953028e+00 6.05706927e+00 3.66803536e+00 -8.27573780e+00 2.01223568e+03 2.27430291e+02
5.05050040e-02 9.13815403e-01 6.11468045e+00 5.95859547e+00 3.53617221e+00 -7.71827662e+00 2.01903985e+03 2.27526888e+02
5.06763119e-02 9.14180995e-01 5.98281878e+00 5.85992514e+00 3.41278930e+00 -7.22342468e+00 2.02588823e+03 2.27617892e+02
5.08487391e-02 9.14523600e-01 5.86096446e+00 5.76026838e+00 3.29618824e+00 -6.75018021e+00 2.03278136e+03 2.27703176e+02
5.10222994e-02 9.14846363e-01 5.74919976e+00 5.66102997e+00 3.17506665e+00 -6.27757151e+00 2.03971978e+03 2.27783520e+02
5.11970066e-02 9.15152953e-01 5.63997400e+00 5.56302453e+00 3.04893599e+00 -5.81896180e+00 2.04670406e+03 2.27859838e+02
5.13728749e-02 9.15446228e-01 5.52738911e+00 5.46677128e+00 2.93000412e+00 -5.38921305e+00 2.05373475e+03 2.27932840e+02
5.15499188e-02 9.15729338e-01 5.41198971e+00 5.37280113e+00 2.81796757e+00 -4.99106393e+00 2.06081244e+03 2.28003311e+02
5.17281526e-02 9.16005315e-01 5.29582031e+00 5.28068960e+00 2.70516745e+00 -4.62211088e+00 2.06793770e+03 2.28072007e+02
5.19075914e-02 9.16274578e-01 5.17986125e+00 5.18980174e+00 2.60043317e+00 -4.27583038e+00 2.07511113e+03 2.28139031e+02
5.20882502e-02 9.16534135e-01 5.06598669e+00 5.10097865e+00 2.51167816e+00 -3.94538824e+00 2.08233333e+03 2.28203636e+02
5.22701443e-02 9.16780736e-01 4.95642506e+00 5.01515230e+00 2.43438844e+00 -3.62958636e+00 2.08960491e+03 2.28265017e+02
5.24532892e-02 9.17015171e-01 4.84950753e+00 4.93287755e+00 2.35977944e+00 -3.32692815e+00 2.09692650e+03 2.28323371e+02
5.26377008e-02 9.17242119e-01 4.73994037e+00 4.85504514e+00 2.27656606e+00 -3.02728715e+00 2.10429873e+03 2.28379862e+02
5.28233951e-02 9.17464116e-01 4.62507552e+00 4.78124319e+00 2.18514095e+00 -2.73664080e+00 2.11172224e+03 2.28435121e+02
5.30103886e-02 9.17676968e-01 4.51033787e+00 4.70868219e+00 2.09463410e+00 -2.48552511e+00 2.11919768e+03 2.28488106e+02
5.31986978e-02 9.17874084e-01 4.40366292e+00 4.63352196e+00 2.00894759e+00 -2.29316442e+00 2.12672572e+03 2.28537178e+02
5.33883394e-02 9.18054972e-01 4.30949901e+00 4.55399996e+00 1.93283887e+00 -2.14416819e+00 2.13430703e+03 2.28582214e+02
5.35793307e-02 9.18226789e-01 4.22718656e+00 4.47274528e+00 1.86564704e+00 -2.00314236e+00 2.14194229e+03 2.28624992e+02
5.37716897e-02 9.18397568e-01 4.15120179e+00 4.39381490e+00 1.80386584e+00 -1.84616103e+00 2.14963223e+03 2.28667511e+02
5.39654333e-02 9.18569938e-01 4.07715011e+00 4.31930123e+00 1.74940814e+00 -1.67592248e+00 2.15737752e+03 2.28710425e+02
5.41605789e-02 9.18741423e-01 4.00511674e+00 4.24866543e+00 1.69338271e+00 -1.50937930e+00 2.16517887e+03 2.28753119e+02
5.43571479e-02 9.18908739e-01 3.93911897e+00 4.17840791e+00 1.62161632e+00 -1.34986861e+00 2.17303711e+03 2.28794775e+02
5.45551570e-02 9.19070764e-01 3.88046412e+00 4.10578158e+00 1.53720990e+00 -1.19057510e+00 2.18095292e+03 2.28835114e+02
5.47546205e-02 9.19228576e-01 3.82313189e+00 4.03266751e+00 1.45108795e+00 -1.03211126e+00 2.18892688e+03 2.28874406e+02
5.49555661e-02 9.19383944e-01 3.76059556e+00 3.96263097e+00 1.37067324e+00 -8.76754378e-01 2.19696009e+03 2.28913092e+02
5.51580171e-02 9.19537621e-01 3.69467765e+00 3.89665140e+00 1.29816254e+00 -7.22202626e-01 2.20505348e+03 2.28951357e+02
5.53619715e-02 9.19688378e-01 3.63381074e+00 3.83335406e+00 1.22619080e+00 -5.68051678e-01 2.21320697e+03 2.28988896e+02
5.55674579e-02 9.19833689e-01 3.58056590e+00 3.77169447e+00 1.14954395e+00 -4.26382216e-01 2.22142170e+03 2.29025082e+02
5.57745406e-02 9.19971545e-01 3.53100432e+00 3.71174317e+00 1.07580157e+00 -3.12854288e-01 2.22970025e+03 2.29059413e+02
5.59831942e-02 9.20101792e-01 3.48372076e+00 3.65353946e+00 1.01720055e+00 -2.31578465e-01 2.23804161e+03 2.29091851e+02
5.61933701e-02 9.20226311e-01 3.43841669e+00 3.59693173e+00 9.70647934e-01 -1.78925231e-01 2.24644381e+03 2.29122863e+02
5.64052291e-02 9.20348109e-01 3.39378759e+00 3.54177928e+00 9.25537325e-01 -1.47031053e-01 2.25491331e+03 2.29153196e+02
5.66188866e-02 9.20469655e-01 3.35072352e+00 3.48794525e+00 8.81433715e-01 -1.21819732e-01 2.26345470e+03 2.29183466e+02
5.68340236e-02 9.20591799e-01 3.31091311e+00 3.43542719e+00 8.41459591e-01 -9.13326537e-02 2.27205524e+03 2.29213883e+02
5.70505612e-02 9.20714135e-01 3.27311027e+00 3.38419915e+00 8.03839128e-01 -5.62737002e-02 2.28071176e+03 2.29244349e+02
5.72692934e-02 9.20835780e-01 3.23429190e+00 3.33444902e+00 7.65885886e-01 -2.48089779e-02 2.28945603e+03 2.29274643e+02
5.74903454e-02 9.20955660e-01 3.19345460e+00 3.28665492e+00 7.29979461e-01 -1.46544031e-03 2.29829303e+03 2.29304498e+02
5.77119608e-02 9.21073286e-01 3.15299473e+00 3.24107039e+00 6.97420152e-01 1.56071866e-02 2.30715255e+03 2.29333791e+02
5.79340260e-02 9.21190420e-01 3.11453096e+00 3.19728029e+00 6.67061518e-01 2.98194228e-02 2.31603006e+03 2.29362962e+02
5.81629365e-02 9.21311573e-01 3.07626640e+00 3.15392513e+00 6.38499238e-01 4.18579226e-02 2.32518122e+03 2.29393134e+02
5.84097036e-02 9.21441927e-01 3.03615500e+00 3.10903162e+00 6.10281128e-01 5.16723612e-02 2.33504624e+03 2.29425596e+02
5.86826080e-02 9.21584885e-01 2.99352907e+00 3.06114601e+00 5.81439015e-01 6.01750563e-02 2.34595614e+03 2.29461197e+02
5.89842896e-02 9.21741857e-01 2.94837520e+00 3.01000979e+00 5.52125713e-01 6.84750713e-02 2.35801647e+03 2.29500288e+02
5.93158148e-02 9.21913591e-01 2.90079916e+00 2.95600466e+00 5.21924350e-01 7.71412821e-02 2.37126986e+03 2.29543054e+02
5.96802343e-02 9.22101052e-01 2.85051566e+00 2.89936179e+00 4.90721279e-01 8.56815772e-02 2.38583827e+03 2.29589736e+02
6.00816614e-02 9.22305472e-01 2.79720596e+00 2.84011779e+00 4.59005529e-01 9.34676916e-02 2.40188613e+03 2.29640641e+02
6.05237468e-02 9.22528249e-01 2.74086320e+00 2.77822409e+00 4.27146193e-01 1.00354888e-01 2.41955939e+03 2.29696117e+02
6.10102313e-02 9.22770927e-01 2.68157018e+00 2.71356847e+00 3.95352277e-01 1.06515428e-01 2.43900760e+03 2.29756548e+02
6.15456743e-02 9.23035101e-01 2.61938275e+00 2.64605371e+00 3.63714309e-01 1.12142742e-01 2.46041302e+03 2.29822332e+02
6.21351570e-02 9.23322317e-01 2.55436114e+00 2.57564889e+00 3.32286912e-01 1.17175177e-01 2.48397878e+03 2.29893852e+02
6.27840568e-02 9.23634060e-01 2.48653063e+00 2.50238562e+00 3.01217502e-01 1.21488974e-01 2.50991986e+03 2.29971480e+02
6.34983110e-02 9.23971783e-01 2.41587600e+00 2.42632576e+00 2.70715781e-01 1.25094036e-01 2.53847362e+03 2.30055577e+02
6.42845496e-02 9.24336918e-01 2.34242972e+00 2.34756029e+00 2.41015466e-01 1.27994402e-01 2.56990510e+03 2.30146499e+02
6.51500369e-02 9.24730881e-01 2.26630772e+00 2.26620988e+00 2.12368973e-01 1.30107232e-01 2.60450471e+03 2.30244599e+02
6.61027367e-02 9.25155134e-01 2.18768137e+00 2.18242336e+00 1.85020507e-01 1.31350165e-01 2.64259082e+03 2.30350241e+02
6.71514408e-02 9.25611183e-01 2.10675433e+00 2.09638979e+00 1.59202656e-01 1.31684916e-01 2.68451489e+03 2.30463799e+02
6.83058331e-02 9.26100527e-01 2.02376297e+00 2.00833321e+00 1.35130344e-01 1.31110787e-01 2.73066406e+03 2.30585647e+02
6.95765598e-02 9.26624601e-01 1.93898945e+00 1.91851601e+00 1.12993568e-01 1.29651639e-01 2.78146393e+03 2.30716143e+02
7.09753423e-02 9.27184804e-01 1.85276831e+00 1.82724026e+00 9.29485338e-02 1.27332381e-01 2.83738310e+03 2.30855634e+02
7.25150886e-02 9.27782688e-01 1.76547871e+00 1.73484202e+00 7.51068809e-02 1.24153697e-01 2.89893758e+03 2.31004506e+02
7.42100042e-02 9.28420313e-01 1.67752921e+00 1.64168999e+00 5.95282544e-02 1.20094528e-01 2.96669526e+03 2.31163273e+02
7.60757252e-02 9.29100666e-01 1.58934780e+00 1.54818647e+00 4.62157836e-02 1.15141490e-01 3.04128124e+03 2.31332679e+02
7.81294654e-02 9.29828026e-01 1.50138352e+00 1.45476703e+00 3.51149562e-02 1.09319471e-01 3.12338366e+03 2.31513787e+02
8.03901729e-02 9.30608312e-01 1.41411371e+00 1.36189779e+00 2.61175583e-02 1.02701088e-01 3.21376002e+03 2.31708073e+02
8.28787047e-02 9.31449533e-01 1.32804613e+00 1.27006794e+00 1.90715237e-02 9.53919309e-02 3.31324413e+03 2.31917531e+02
8.56180205e-02 9.32362507e-01 1.24370939e+00 1.17977804e+00 1.37951976e-02 8.75084507e-02 3.42275382e+03 2.32144853e+02
