VARIABLES="Y/c","U","Urms/utau","Vrms/utau","Wrms/utau","<uv>/utau^2","y+",u"+"
0.00000000e+00 0.00000000e+00 0.00000000e+00 0.00000000e+00 0.00000000e+00 0.00000000e+00 0.00000000e+00 0.00000000e+00
1.10109387e-06 2.11408153e-02 8.46263054e-01 1.32125679e-02 4.93824309e-01 -8.21144646e-04 4.68775323e-01 4.69842596e-01
2.24303857e-06 4.31622358e-02 1.65192268e+00 3.92696407e-02 9.15807477e-01 -7.02007310e-03 9.54942315e-01 9.59211407e-01
3.42721456e-06 6.59242513e-02 2.41754819e+00 7.80204985e-02 1.28177184e+00 -2.24592054e-02 1.45908869e+00 1.46497439e+00
4.65503759e-06 8.92291461e-02 3.13658568e+00 1.24715434e-01 1.59786522e+00 -5.07128427e-02 1.98181718e+00 1.98276029e+00
5.92795857e-06 1.12800372e-01 3.79906625e+00 1.77769664e-01 1.87139039e+00 -9.08356475e-02 2.52374549e+00 2.50642023e+00
7.24746330e-06 1.36381534e-01 4.39843516e+00 2.34459625e-01 2.10884677e+00 -1.41506951e-01 3.08550618e+00 3.03025426e+00
8.61507214e-06 1.59758427e-01 4.93215906e+00 2.94218432e-01 2.31620493e+00 -1.99226008e-01 3.66774652e+00 3.54948274e+00
1.00323394e-05 1.82770383e-01 5.40078596e+00 3.55396145e-01 2.49871294e+00 -2.62099670e-01 4.27112825e+00 4.06052163e+00
1.15008528e-05 2.05310737e-01 5.80790959e+00 4.17845687e-01 2.66074894e+00 -3.27882475e-01 4.89632729e+00 4.56098377e+00
1.30222324e-05 2.27307071e-01 6.15801867e+00 4.80619415e-01 2.80583783e+00 -3.95607376e-01 5.54403337e+00 5.04925358e+00
1.45981296e-05 2.48716432e-01 6.45660881e+00 5.43665303e-01 2.93679948e+00 -4.64395114e-01 6.21494959e+00 5.52437341e+00
1.62302260e-05 2.69511296e-01 6.70901557e+00 6.06466330e-01 3.05576774e+00 -5.33981254e-01 6.90979184e+00 5.98573793e+00
1.79202319e-05 2.89678028e-01 6.92050142e+00 6.68958016e-01 3.16439360e+00 -6.04032026e-01 7.62928820e+00 6.43305304e+00
1.96698841e-05 3.09212652e-01 7.09588739e+00 7.30897008e-01 3.26387727e+00 -6.74492892e-01 8.37417816e+00 6.86624530e+00
2.14809444e-05 3.28121999e-01 7.23955943e+00 7.92172741e-01 3.35512259e+00 -7.45227340e-01 9.14521176e+00 7.28548238e+00
2.33551968e-05 3.46424081e-01 7.35544834e+00 8.52715814e-01 3.43878868e+00 -8.16178632e-01 9.94314854e+00 7.69118233e+00
2.52944453e-05 3.64149868e-01 7.44701200e+00 9.12379761e-01 3.51537657e+00 -8.87268121e-01 1.07687565e+01 8.08405033e+00
2.73005104e-05 3.81343777e-01 7.51730732e+00 9.71197876e-01 3.58527831e+00 -9.58457306e-01 1.16228106e+01 8.46508940e+00
2.93752258e-05 3.98064187e-01 7.56899248e+00 1.02901091e+00 3.64882373e+00 -1.02972839e+00 1.25060917e+01 8.83561034e+00
3.15204345e-05 4.14381986e-01 7.60441108e+00 1.08591037e+00 3.70631122e+00 -1.10112403e+00 1.34193843e+01 9.19719924e+00
3.37379848e-05 4.30379148e-01 7.62561839e+00 1.14174427e+00 3.75801943e+00 -1.17273885e+00 1.43634754e+01 9.55168525e+00
3.60297249e-05 4.46145611e-01 7.63445284e+00 1.19663374e+00 3.80421028e+00 -1.24474010e+00 1.53391517e+01 9.90107121e+00
3.83974982e-05 4.61776403e-01 7.63256285e+00 1.25044710e+00 3.84512011e+00 -1.31732966e+00 1.63471981e+01 1.02474697e+01
4.08431368e-05 4.77367820e-01 7.62145157e+00 1.30331252e+00 3.88095483e+00 -1.39075587e+00 1.73883945e+01 1.05930187e+01
4.33684554e-05 4.93014222e-01 7.60249061e+00 1.35512198e+00 3.91189050e+00 -1.46526092e+00 1.84635136e+01 1.09398106e+01
4.59752437e-05 5.08804868e-01 7.57694214e+00 1.40599658e+00 3.93807991e+00 -1.54110905e+00 1.95733173e+01 1.12898228e+01
4.86652588e-05 5.24821932e-01 7.54595338e+00 1.45585578e+00 3.95965492e+00 -1.61851667e+00 2.07185536e+01 1.16448739e+01
5.14402165e-05 5.41139268e-01 7.51056373e+00 1.50480890e+00 3.97672683e+00 -1.69768724e+00 2.18999531e+01 1.20065972e+01
5.43017816e-05 5.57821938e-01 7.47170665e+00 1.55279701e+00 3.98938949e+00 -1.77875278e+00 2.31182244e+01 1.23764303e+01
5.72515575e-05 5.74925861e-01 7.43021823e+00 1.59990399e+00 3.99773730e+00 -1.86179464e+00 2.43740502e+01 1.27556082e+01
6.02910752e-05 5.92497662e-01 7.38682600e+00 1.64607870e+00 4.00186675e+00 -1.94681060e+00 2.56680824e+01 1.31451602e+01
6.34217807e-05 6.10575200e-01 7.34214253e+00 1.69137166e+00 4.00186338e+00 -2.03375172e+00 2.70009365e+01 1.35459218e+01
6.66450216e-05 6.29188681e-01 7.29666532e+00 1.73573530e+00 3.99778416e+00 -2.12253068e+00 2.83731863e+01 1.39585594e+01
6.99620330e-05 6.48361656e-01 7.25080382e+00 1.77919523e+00 3.98967208e+00 -2.21305933e+00 2.97853575e+01 1.43835927e+01
7.33739211e-05 6.68111767e-01 7.20489712e+00 1.82171383e+00 3.97758040e+00 -2.30523524e+00 3.12379212e+01 1.48214110e+01
7.68816471e-05 6.88451143e-01 7.15922082e+00 1.86329988e+00 3.96158573e+00 -2.39892643e+00 3.27312865e+01 1.52722825e+01
8.04860081e-05 7.09387312e-01 7.11399855e+00 1.90392970e+00 3.94178468e+00 -2.49395214e+00 3.42657927e+01 1.57363740e+01
8.41876176e-05 7.30923714e-01 7.06942070e+00 1.94360871e+00 3.91829836e+00 -2.59008710e+00 3.58417013e+01 1.62137622e+01
8.79868889e-05 7.53059765e-01 7.02564055e+00 1.98232555e+00 3.89128527e+00 -2.68707004e+00 3.74591879e+01 1.67044354e+01
9.18846600e-05 7.75795249e-01 6.98275304e+00 2.02007684e+00 3.86096006e+00 -2.78461539e+00 3.91186095e+01 1.72083902e+01
9.58830637e-05 7.99134673e-01 6.94081174e+00 2.05686509e+00 3.82757588e+00 -2.88249822e+00 4.08208739e+01 1.77257282e+01
9.99846590e-05 8.23085057e-01 6.89984439e+00 2.09269312e+00 3.79138239e+00 -2.98050814e+00 4.25670708e+01 1.82566066e+01
1.04192267e-04 8.47653564e-01 6.85985200e+00 2.12757698e+00 3.75258411e+00 -3.07841972e+00 4.43584010e+01 1.88011855e+01
1.08509115e-04 8.72848370e-01 6.82080266e+00 2.16152762e+00 3.71137372e+00 -3.17597296e+00 4.61962389e+01 1.93596471e+01
1.12938840e-04 8.98678982e-01 6.78266724e+00 2.19456678e+00 3.66799288e+00 -3.27288698e+00 4.80821324e+01 1.99322027e+01
1.17485586e-04 9.25155782e-01 6.74539715e+00 2.22669547e+00 3.62273412e+00 -3.36891090e+00 5.00178456e+01 2.05190827e+01
1.22154139e-04 9.52291277e-01 6.70887828e+00 2.25793282e+00 3.57591303e+00 -3.46379041e+00 5.20054170e+01 2.11205639e+01
1.26949989e-04 9.80101643e-01 6.67295742e+00 2.28829577e+00 3.52782606e+00 -3.55723301e+00 5.40471830e+01 2.17370038e+01
1.31879383e-04 1.00860666e+00 6.63744422e+00 2.31783527e+00 3.47872482e+00 -3.64890292e+00 5.61458035e+01 2.23688386e+01
1.36949586e-04 1.03782993e+00 6.60206954e+00 2.34660340e+00 3.42884326e+00 -3.73840269e+00 5.83043719e+01 2.30165886e+01
1.42169119e-04 1.06779933e+00 6.56650019e+00 2.37466120e+00 3.37843492e+00 -3.82525938e+00 6.05265151e+01 2.36808674e+01
1.47547636e-04 1.09854687e+00 6.53033245e+00 2.40205009e+00 3.32769096e+00 -3.90891728e+00 6.28163433e+01 2.43623794e+01
1.53095991e-04 1.13010855e+00 6.49306861e+00 2.42883451e+00 3.27679429e+00 -3.98880407e+00 6.51784777e+01 2.50619152e+01
1.58827133e-04 1.16252620e+00 6.45410129e+00 2.45508680e+00 3.22594802e+00 -4.06435823e+00 6.76184317e+01 2.57803930e+01
1.64756563e-04 1.19584891e+00 6.41272495e+00 2.48088001e+00 3.17532319e+00 -4.13501910e+00 7.01428033e+01 2.65188907e+01
1.70900334e-04 1.23012160e+00 6.36807357e+00 2.50626641e+00 3.12500779e+00 -4.20014643e+00 7.27584280e+01 2.72783904e+01
1.77271675e-04 1.26536261e+00 6.31920885e+00 2.53128743e+00 3.07506868e+00 -4.25884127e+00 7.54709375e+01 2.80592847e+01
1.83879820e-04 1.30155708e+00 6.26511995e+00 2.55593505e+00 3.02561149e+00 -4.31007173e+00 7.82842628e+01 2.88612263e+01
1.90732073e-04 1.33867052e+00 6.20460890e+00 2.58018309e+00 2.97661634e+00 -4.35254699e+00 8.12015136e+01 2.96834302e+01
1.97836145e-04 1.37665744e+00 6.13635004e+00 2.60399406e+00 2.92790575e+00 -4.38514628e+00 8.42259731e+01 3.05248663e+01
2.05200467e-04 1.41546001e+00 6.05898335e+00 2.62729020e+00 2.87926878e+00 -4.40675604e+00 8.73612301e+01 3.13842287e+01
2.12833509e-04 1.45500369e+00 5.97117013e+00 2.64996176e+00 2.83044019e+00 -4.41600870e+00 9.06108910e+01 3.22598408e+01
2.20743682e-04 1.49519527e+00 5.87146638e+00 2.67186267e+00 2.78131086e+00 -4.41166001e+00 9.39785365e+01 3.31496100e+01
2.28939607e-04 1.53592643e+00 5.75835584e+00 2.69285300e+00 2.73177094e+00 -4.39233803e+00 9.74678372e+01 3.40511081e+01
2.37430130e-04 1.57707045e+00 5.63054405e+00 2.71276937e+00 2.68146850e+00 -4.35671656e+00 1.01082559e+02 3.49615007e+01
2.46224237e-04 1.61847836e+00 5.48682516e+00 2.73139299e+00 2.62979010e+00 -4.30351304e+00 1.04826527e+02 3.58774632e+01
2.55331031e-04 1.65998083e+00 5.32624255e+00 2.74844660e+00 2.57636926e+00 -4.23164381e+00 1.08703617e+02 3.67952221e+01
2.64759512e-04 1.70138568e+00 5.14839930e+00 2.76358753e+00 2.52104964e+00 -4.14009247e+00 1.12717661e+02 3.77105044e+01
2.74518254e-04 1.74247851e+00 4.95333100e+00 2.77645474e+00 2.46339071e+00 -4.02811125e+00 1.16872309e+02 3.86185541e+01
2.84615347e-04 1.78302392e+00 4.74160227e+00 2.78672110e+00 2.40257131e+00 -3.89563062e+00 1.21171005e+02 3.95141622e+01
2.95058576e-04 1.82276507e+00 4.51481642e+00 2.79398165e+00 2.33820057e+00 -3.74278855e+00 1.25617064e+02 4.03916604e+01
3.05855530e-04 1.86143208e+00 4.27539362e+00 2.79770365e+00 2.27009616e+00 -3.57023215e+00 1.30213716e+02 4.12451067e+01
3.17013547e-04 1.89874905e+00 4.02675538e+00 2.79734919e+00 2.19771251e+00 -3.37876055e+00 1.34964086e+02 4.20684424e+01
3.28539645e-04 1.93443444e+00 3.77384850e+00 2.79239780e+00 2.12065489e+00 -3.17013412e+00 1.39871161e+02 4.28555026e+01
3.40440398e-04 1.96821251e+00 3.52270138e+00 2.78233419e+00 2.03902816e+00 -2.94694949e+00 1.44937740e+02 4.36002662e+01
3.52721809e-04 1.99983443e+00 3.27987969e+00 2.76674059e+00 1.95264506e+00 -2.71197870e+00 1.50166379e+02 4.42973158e+01
3.65389495e-04 2.02908655e+00 3.05211714e+00 2.74531804e+00 1.86115753e+00 -2.46821523e+00 1.55559469e+02 4.49420128e+01
3.78449136e-04 2.05579140e+00 2.84590978e+00 2.71774465e+00 1.76501029e+00 -2.21971469e+00 1.61119429e+02 4.55305141e+01
3.91906659e-04 2.07981800e+00 2.66642434e+00 2.68377443e+00 1.66540692e+00 -1.97076213e+00 1.66848781e+02 4.60599903e+01
4.05767912e-04 2.10109084e+00 2.51707010e+00 2.64343559e+00 1.56337442e+00 -1.72543911e+00 1.72750016e+02 4.65288202e+01
4.20038287e-04 2.11959556e+00 2.39824133e+00 2.59684308e+00 1.45991552e+00 -1.48825476e+00 1.78825428e+02 4.69367160e+01
4.34722557e-04 2.13538462e+00 2.30706167e+00 2.54423333e+00 1.35623465e+00 -1.26375007e+00 1.85077051e+02 4.72848465e+01
4.49824837e-04 2.14857789e+00 2.23850554e+00 2.48604059e+00 1.25310087e+00 -1.05569617e+00 1.91506636e+02 4.75758540e+01
4.65348613e-04 2.15936247e+00 2.18540869e+00 2.42296332e+00 1.15131779e+00 -8.67148975e-01 1.98115666e+02 4.78138497e+01
4.81296717e-04 2.16797942e+00 2.14074631e+00 2.35583482e+00 1.05224138e+00 -7.00150704e-01 2.04905349e+02 4.80041269e+01
4.97671323e-04 2.17469714e+00 2.09904880e+00 2.28549484e+00 9.58334346e-01 -5.55429735e-01 2.11876608e+02 4.81525821e+01
5.14474514e-04 2.17979505e+00 2.05654581e+00 2.21286770e+00 8.71767960e-01 -4.32709368e-01 2.19030332e+02 4.82653579e+01
5.31708483e-04 2.18355346e+00 2.01112441e+00 2.13879799e+00 7.93961723e-01 -3.31290717e-01 2.26367453e+02 4.83486169e+01
5.49374167e-04 2.18624065e+00 1.96170164e+00 2.06415825e+00 7.24691899e-01 -2.49684529e-01 2.33888372e+02 4.84082590e+01
5.67471018e-04 2.18810067e+00 1.90807153e+00 1.98980181e+00 6.63072054e-01 -1.85508259e-01 2.41592853e+02 4.84496524e+01
5.85999240e-04 2.18934373e+00 1.85075572e+00 1.91641979e+00 6.08052658e-01 -1.36197611e-01 2.49480984e+02 4.84774235e+01
6.04958420e-04 2.19014245e+00 1.79088850e+00 1.84447726e+00 5.59351015e-01 -9.90928293e-02 2.57552590e+02 4.84953740e+01
6.24343513e-04 2.19063129e+00 1.72986340e+00 1.77430160e+00 5.16778282e-01 -7.16749027e-02 2.65805522e+02 4.85064674e+01
6.44150466e-04 2.19090990e+00 1.66876394e+00 1.70614869e+00 4.79780238e-01 -5.21086438e-02 2.74238056e+02 4.85129021e+01
6.64383690e-04 2.19105076e+00 1.60835355e+00 1.64017342e+00 4.47349188e-01 -3.85008774e-02 2.82852068e+02 4.85162777e+01
6.85042682e-04 2.19110494e+00 1.54912274e+00 1.57643775e+00 4.18791479e-01 -2.91164960e-02 2.91647345e+02 4.85177224e+01
7.06109870e-04 2.19110598e+00 1.49138727e+00 1.51494336e+00 3.93367443e-01 -2.27505909e-02 3.00616406e+02 4.85179771e+01
7.27579810e-04 2.19107515e+00 1.43514746e+00 1.45563809e+00 3.70597314e-01 -1.84558775e-02 3.09756933e+02 4.85175121e+01
7.49481182e-04 2.19102569e+00 1.38038940e+00 1.39838683e+00 3.50137304e-01 -1.55104804e-02 3.19081136e+02 4.85166210e+01
7.71810991e-04 2.19096537e+00 1.32718136e+00 1.34307835e+00 3.31584442e-01 -1.34325023e-02 3.28587740e+02 4.85154760e+01
7.94449568e-04 2.19089926e+00 1.27570190e+00 1.28985600e+00 3.14716685e-01 -1.19050430e-02 3.38225797e+02 4.85141894e+01
8.17206434e-04 2.19083074e+00 1.22627959e+00 1.23899784e+00 2.99354463e-01 -1.07028123e-02 3.47914215e+02 4.85128355e+01
8.39962178e-04 2.19076116e+00 1.17903493e+00 1.19057436e+00 2.85286399e-01 -9.71212448e-03 3.57602154e+02 4.85114446e+01
8.62716323e-04 2.19069063e+00 1.13386719e+00 1.14439850e+00 2.72310669e-01 -8.87846626e-03 3.67289414e+02 4.85100204e+01
8.85502386e-04 2.19061941e+00 1.09063076e+00 1.10024635e+00 2.60276392e-01 -8.14239784e-03 3.76990261e+02 4.85085701e+01
9.08319513e-04 2.19054789e+00 1.04920014e+00 1.05798757e+00 2.49056719e-01 -7.47286284e-03 3.86704334e+02 4.85071033e+01
9.31152879e-04 2.19047580e+00 1.00945449e+00 1.01753249e+00 2.38568296e-01 -6.87756018e-03 3.96425321e+02 4.85056147e+01
9.54003714e-04 2.19040294e+00 9.71312769e-01 9.78778131e-01 2.28735579e-01 -6.33832489e-03 4.06153744e+02 4.85041007e+01
9.76878378e-04 2.19032963e+00 9.34707106e-01 9.41621281e-01 2.19499237e-01 -5.84502750e-03 4.15892313e+02 4.85025691e+01
9.99775088e-04 2.19025603e+00 8.99566573e-01 9.05982223e-01 2.10805867e-01 -5.39762399e-03 4.25640267e+02 4.85010240e+01
1.02269087e-03 2.19018193e+00 8.65822025e-01 8.71788876e-01 2.02610358e-01 -4.98849708e-03 4.35396341e+02 4.84994616e+01
1.04562672e-03 2.19010729e+00 8.33409309e-01 8.38969923e-01 1.94873464e-01 -4.61336150e-03 4.45160956e+02 4.84978810e+01
1.06858330e-03 2.19003218e+00 8.02268674e-01 8.07459041e-01 1.87559798e-01 -4.26954418e-03 4.54934403e+02 4.84962847e+01
1.09155958e-03 2.18995661e+00 7.72344874e-01 7.77197453e-01 1.80638147e-01 -3.95449647e-03 4.64716230e+02 4.84946732e+01
1.11455508e-03 2.18988056e+00 7.43586460e-01 7.48128982e-01 1.74080774e-01 -3.66446376e-03 4.74506245e+02 4.84930462e+01
1.13756997e-03 2.18980403e+00 7.15944259e-01 7.20200491e-01 1.67862561e-01 -3.39742776e-03 4.84304513e+02 4.84914044e+01
1.16060396e-03 2.18972705e+00 6.89371540e-01 6.93362403e-01 1.61960710e-01 -3.15144519e-03 4.94110910e+02 4.84897488e+01
1.18365666e-03 2.18964963e+00 6.63824461e-01 6.67568232e-01 1.56354560e-01 -2.92454039e-03 5.03925277e+02 4.84880800e+01
1.20672800e-03 2.18957180e+00 6.39261542e-01 6.42773711e-01 1.51025269e-01 -2.71496074e-03 5.13747575e+02 4.84863984e+01
1.22981783e-03 2.18949358e+00 6.15643245e-01 6.18937053e-01 1.45955552e-01 -2.52124011e-03 5.23577750e+02 4.84847050e+01
1.25292594e-03 2.18941497e+00 5.92932030e-01 5.96018767e-01 1.41129529e-01 -2.34207605e-03 5.33415704e+02 4.84830005e+01
1.27605215e-03 2.18933602e+00 5.71092315e-01 5.73981327e-01 1.36532585e-01 -2.17614510e-03 5.43261363e+02 4.84812854e+01
1.29919630e-03 2.18925671e+00 5.50090235e-01 5.52789073e-01 1.32151215e-01 -2.02238342e-03 5.53114660e+02 4.84795601e+01
1.32235820e-03 2.18917706e+00 5.29893493e-01 5.32408102e-01 1.27972907e-01 -1.87973855e-03 5.62975517e+02 4.84778250e+01
1.34553768e-03 2.18909706e+00 5.10471288e-01 5.12806132e-01 1.23986053e-01 -1.74732258e-03 5.72843855e+02 4.84760799e+01
1.36873455e-03 2.18901669e+00 4.91794204e-01 4.93952375e-01 1.20179859e-01 -1.62426788e-03 5.82719601e+02 4.84743246e+01
1.39194865e-03 2.18893592e+00 4.73834096e-01 4.75817465e-01 1.16544267e-01 -1.50984893e-03 5.92602679e+02 4.84725588e+01
1.41517978e-03 2.18885472e+00 4.56564005e-01 4.58373362e-01 1.13069889e-01 -1.40337276e-03 6.02493009e+02 4.84707818e+01
1.43842777e-03 2.18877306e+00 4.39958101e-01 4.41593269e-01 1.09747949e-01 -1.30423717e-03 6.12390515e+02 4.84689932e+01
1.46169243e-03 2.18869092e+00 4.23991624e-01 4.25451562e-01 1.06570234e-01 -1.21188423e-03 6.22295119e+02 4.84671923e+01
1.48497358e-03 2.18860827e+00 4.08640837e-01 4.09923727e-01 1.03529041e-01 -1.12581226e-03 6.32206744e+02 4.84653789e+01
1.50827104e-03 2.18852511e+00 3.93882993e-01 3.94986291e-01 1.00617143e-01 -1.04555978e-03 6.42125309e+02 4.84635528e+01
1.53158461e-03 2.18844142e+00 3.79696295e-01 3.80616775e-01 9.78277494e-02 -9.70698509e-04 6.52050737e+02 4.84617140e+01
1.55491412e-03 2.18835721e+00 3.66059853e-01 3.66793627e-01 9.51544741e-02 -9.00835658e-04 6.61982950e+02 4.84598627e+01
1.57825938e-03 2.18827250e+00 3.52953652e-01 3.53496189e-01 9.25913059e-02 -8.35600538e-04 6.71921867e+02 4.84579991e+01
1.60162020e-03 2.18818728e+00 3.40358496e-01 3.40704634e-01 9.01325824e-02 -7.74653848e-04 6.81867409e+02 4.84561235e+01
1.62499640e-03 2.18810158e+00 3.28255971e-01 3.28399939e-01 8.77729659e-02 -7.17675711e-04 6.91819498e+02 4.84542363e+01
1.64838778e-03 2.18801540e+00 3.16628395e-01 3.16563829e-01 8.55074212e-02 -6.64374030e-04 7.01778055e+02 4.84523378e+01
1.67179418e-03 2.18792875e+00 3.05458783e-01 3.05178757e-01 8.33311962e-02 -6.14475595e-04 7.11743001e+02 4.84504282e+01
1.69521540e-03 2.18784164e+00 2.94730804e-01 2.94227856e-01 8.12398035e-02 -5.67730936e-04 7.21714258e+02 4.84485076e+01
1.71865126e-03 2.18775406e+00 2.84428756e-01 2.83694916e-01 7.92290038e-02 -5.23908416e-04 7.31691748e+02 4.84465762e+01
1.74210158e-03 2.18766604e+00 2.74537532e-01 2.73564353e-01 7.72947903e-02 -4.82795676e-04 7.41675393e+02 4.84446342e+01
1.76556617e-03 2.18757755e+00 2.65042592e-01 2.63821176e-01 7.54333750e-02 -4.44196156e-04 7.51665113e+02 4.84426815e+01
1.78904484e-03 2.18748861e+00 2.55929944e-01 2.54450967e-01 7.36411751e-02 -4.07928575e-04 7.61660829e+02 4.84407183e+01
1.81253741e-03 2.18739922e+00 2.47186113e-01 2.45439851e-01 7.19148013e-02 -3.73825252e-04 7.71662463e+02 4.84387446e+01
1.83604369e-03 2.18730938e+00 2.38798120e-01 2.36774475e-01 7.02510462e-02 -3.41730937e-04 7.81669935e+02 4.84367604e+01
1.85956350e-03 2.18721908e+00 2.30753462e-01 2.28441985e-01 6.86468744e-02 -3.11502100e-04 7.91683164e+02 4.84347658e+01
1.88309665e-03 2.18712833e+00 2.23040086e-01 2.20430005e-01 6.70994124e-02 -2.83005592e-04 8.01702073e+02 4.84327608e+01
1.90664295e-03 2.18703712e+00 2.15646371e-01 2.12726616e-01 6.56059396e-02 -2.56118250e-04 8.11726579e+02 4.84307454e+01
1.93020220e-03 2.18694547e+00 2.08561108e-01 2.05320337e-01 6.41638799e-02 -2.30725776e-04 8.21756604e+02 4.84287197e+01
1.95377423e-03 2.18685336e+00 2.01773475e-01 1.98200110e-01 6.27707939e-02 -2.06722427e-04 8.31792067e+02 4.84266837e+01
1.97735885e-03 2.18676080e+00 1.95273028e-01 1.91355279e-01 6.14243710e-02 -1.84010095e-04 8.41832887e+02 4.84246375e+01
2.00095586e-03 2.18666779e+00 1.89049673e-01 1.84775575e-01 6.01224230e-02 -1.62497943e-04 8.51878983e+02 4.84225810e+01
2.02456507e-03 2.18657432e+00 1.83093656e-01 1.78451100e-01 5.88628771e-02 -1.42101719e-04 8.61930276e+02 4.84205143e+01
2.04818630e-03 2.18648041e+00 1.77395542e-01 1.72372316e-01 5.76437698e-02 -1.22743375e-04 8.71986683e+02 4.84184374e+01
2.07181935e-03 2.18638605e+00 1.71946203e-01 1.66530025e-01 5.64632411e-02 -1.04350580e-04 8.82048124e+02 4.84163503e+01
2.09546403e-03 2.18629124e+00 1.66736799e-01 1.60915358e-01 5.53195291e-02 -8.68563487e-05 8.92114516e+02 4.84142531e+01
2.11912015e-03 2.18619598e+00 1.61758764e-01 1.55519766e-01 5.42109644e-02 -7.01986377e-05 9.02185780e+02 4.84121457e+01
2.14278752e-03 2.18610027e+00 1.57003796e-01 1.50335001e-01 5.31359656e-02 -5.43199773e-05 9.12261832e+02 4.84100283e+01
2.16646595e-03 2.18600411e+00 1.52463839e-01 1.45353111e-01 5.20930344e-02 -3.91671638e-05 9.22342591e+02 4.84079009e+01
2.19015524e-03 2.18590751e+00 1.48131073e-01 1.40566422e-01 5.10807511e-02 -2.46909589e-05 9.32427974e+02 4.84057634e+01
2.21385520e-03 2.18581046e+00 1.43997901e-01 1.35967535e-01 5.00977707e-02 -1.08458183e-05 9.42517901e+02 4.84036159e+01
2.23756563e-03 2.18571296e+00 1.40056942e-01 1.31549310e-01 4.91428187e-02 2.41038467e-06 9.52612288e+02 4.84014584e+01
2.26128635e-03 2.18561502e+00 1.36301014e-01 1.27304858e-01 4.82146874e-02 1.51165984e-05 9.62711053e+02 4.83992910e+01
2.28501716e-03 2.18551664e+00 1.32723132e-01 1.23227533e-01 4.73122325e-02 2.73088270e-05 9.72814113e+02 4.83971136e+01
2.30875787e-03 2.18541781e+00 1.29316495e-01 1.19310922e-01 4.64343694e-02 3.90203266e-05 9.82921386e+02 4.83949264e+01
2.33250827e-03 2.18531854e+00 1.26074481e-01 1.15548837e-01 4.55800702e-02 5.02817973e-05 9.93032789e+02 4.83927293e+01
2.35626818e-03 2.18521883e+00 1.22990636e-01 1.11935306e-01 4.47483606e-02 6.11215750e-05 1.00314824e+03 4.83905223e+01
2.38003740e-03 2.18511869e+00 1.20058674e-01 1.08464568e-01 4.39383171e-02 7.15658056e-05 1.01326765e+03 4.83883056e+01
2.40381574e-03 2.18501810e+00 1.17272469e-01 1.05131061e-01 4.31490643e-02 8.16386020e-05 1.02339095e+03 4.83860791e+01
2.42760300e-03 2.18491708e+00 1.14626048e-01 1.01929421e-01 4.23797719e-02 9.13621824e-05 1.03351804e+03 4.83838428e+01
2.45139897e-03 2.18481562e+00 1.12113593e-01 9.88544683e-02 4.16296530e-02 1.00757008e-04 1.04364884e+03 4.83815969e+01
2.47520348e-03 2.18471373e+00 1.09729435e-01 9.59012085e-02 4.08979608e-02 1.09841917e-04 1.05378328e+03 4.83793413e+01
2.49901631e-03 2.18461141e+00 1.07468051e-01 9.30648206e-02 4.01839874e-02 1.18634246e-04 1.06392126e+03 4.83770761e+01
2.52283728e-03 2.18450865e+00 1.05324066e-01 9.03406538e-02 3.94870608e-02 1.27149941e-04 1.07406270e+03 4.83748013e+01
2.54666619e-03 2.18440547e+00 1.03292248e-01 8.77242217e-02 3.88065437e-02 1.35403663e-04 1.08420753e+03 4.83725169e+01
2.57050283e-03 2.18430186e+00 1.01367511e-01 8.52111962e-02 3.81418309e-02 1.43408880e-04 1.09435564e+03 4.83702230e+01
2.59434701e-03 2.18419782e+00 9.95449129e-02 8.27974032e-02 3.74923481e-02 1.51177972e-04 1.10450697e+03 4.83679197e+01
2.61819853e-03 2.18409336e+00 9.78196553e-02 8.04788175e-02 3.68575500e-02 1.58722305e-04 1.11466142e+03 4.83656069e+01
2.64205720e-03 2.18398848e+00 9.61870856e-02 7.82515578e-02 3.62369184e-02 1.66052312e-04 1.12481892e+03 4.83632847e+01
2.66592281e-03 2.18388317e+00 9.46426963e-02 7.61118827e-02 3.56299612e-02 1.73177564e-04 1.13497937e+03 4.83609533e+01
2.68979518e-03 2.18377745e+00 9.31821259e-02 7.40561861e-02 3.50362107e-02 1.80106840e-04 1.14514269e+03 4.83586125e+01
2.71367408e-03 2.18367131e+00 9.18011589e-02 7.20809932e-02 3.44552222e-02 1.86848199e-04 1.15530880e+03 4.83562624e+01
2.73755934e-03 2.18356476e+00 9.04957267e-02 7.01829567e-02 3.38865729e-02 1.93409034e-04 1.16547762e+03 4.83539032e+01
2.76145074e-03 2.18345779e+00 8.92619073e-02 6.83588527e-02 3.33298606e-02 1.99796128e-04 1.17564905e+03 4.83515348e+01
2.78534810e-03 2.18335042e+00 8.80959254e-02 6.66055772e-02 3.27847025e-02 2.06015705e-04 1.18582301e+03 4.83491573e+01
2.80925120e-03 2.18324263e+00 8.69941523e-02 6.49201426e-02 3.22507340e-02 2.12073474e-04 1.19599943e+03 4.83467708e+01
2.83315986e-03 2.18313445e+00 8.59531045e-02 6.32996742e-02 3.17276081e-02 2.17974679e-04 1.20617820e+03 4.83443753e+01
2.85707386e-03 2.18302585e+00 8.49694432e-02 6.17414068e-02 3.12149941e-02 2.23724145e-04 1.21635925e+03 4.83419708e+01
2.88099301e-03 2.18291686e+00 8.40399729e-02 6.02426818e-02 3.07125767e-02 2.29326313e-04 1.22654250e+03 4.83395575e+01
2.90491711e-03 2.18280747e+00 8.31616391e-02 5.88009435e-02 3.02200552e-02 2.34785274e-04 1.23672785e+03 4.83371353e+01
2.92884596e-03 2.18269769e+00 8.23315270e-02 5.74137369e-02 2.97371429e-02 2.40104798e-04 1.24691522e+03 4.83347043e+01
2.95277935e-03 2.18258751e+00 8.15468581e-02 5.60787040e-02 2.92635658e-02 2.45288374e-04 1.25710453e+03 4.83322647e+01
2.97671709e-03 2.18247694e+00 8.08049882e-02 5.47935810e-02 2.87990624e-02 2.50339221e-04 1.26729569e+03 4.83298163e+01
3.00065897e-03 2.18236598e+00 8.01034040e-02 5.35561959e-02 2.83433828e-02 2.55260337e-04 1.27748861e+03 4.83273594e+01
3.02460480e-03 2.18225464e+00 7.94397195e-02 5.23644654e-02 2.78962880e-02 2.60054499e-04 1.28768321e+03 4.83248940e+01
3.04855436e-03 2.18214291e+00 7.88116730e-02 5.12163920e-02 2.74575495e-02 2.64724320e-04 1.29787940e+03 4.83224200e+01
3.07250747e-03 2.18203081e+00 7.82171226e-02 5.01100617e-02 2.70269485e-02 2.69272217e-04 1.30807710e+03 4.83199377e+01
3.09646391e-03 2.18191833e+00 7.76540428e-02 4.90436409e-02 2.66042755e-02 2.73700468e-04 1.31827622e+03 4.83174470e+01
3.12042349e-03 2.18180548e+00 7.71205199e-02 4.80153744e-02 2.61893296e-02 2.78011228e-04 1.32847668e+03 4.83149481e+01
3.14438601e-03 2.18169225e+00 7.66147478e-02 4.70235821e-02 2.57819184e-02 2.82206551e-04 1.33867838e+03 4.83124409e+01
3.16835125e-03 2.18157866e+00 7.61350238e-02 4.60666574e-02 2.53818570e-02 2.86288341e-04 1.34888125e+03 4.83099256e+01
3.19231903e-03 2.18146471e+00 7.56797452e-02 4.51430636e-02 2.49889683e-02 2.90258401e-04 1.35908520e+03 4.83074022e+01
3.21628913e-03 2.18135039e+00 7.52474041e-02 4.42513326e-02 2.46030820e-02 2.94118584e-04 1.36929013e+03 4.83048708e+01
3.24026136e-03 2.18123571e+00 7.48365805e-02 4.33900615e-02 2.42240340e-02 2.97870605e-04 1.37949597e+03 4.83023315e+01
3.26423551e-03 2.18112068e+00 7.44459418e-02 4.25579113e-02 2.38516669e-02 3.01515932e-04 1.38970263e+03 4.82997843e+01
3.28821138e-03 2.18100530e+00 7.40742415e-02 4.17536034e-02 2.34858297e-02 3.05056046e-04 1.39991003e+03 4.82972293e+01
3.31218877e-03 2.18088957e+00 7.37203075e-02 4.09759183e-02 2.31263767e-02 3.08493121e-04 1.41011806e+03 4.82946665e+01
3.33616747e-03 2.18077349e+00 7.33830344e-02 4.02236920e-02 2.27731664e-02 3.11828671e-04 1.42032666e+03 4.82920962e+01
3.36014729e-03 2.18065707e+00 7.30613961e-02 3.94958152e-02 2.24260626e-02 3.15063074e-04 1.43053573e+03 4.82895182e+01
3.38412801e-03 2.18054031e+00 7.27544309e-02 3.87912325e-02 2.20849346e-02 3.18197983e-04 1.44074519e+03 4.82869327e+01
3.40810944e-03 2.18042322e+00 7.24612340e-02 3.81089368e-02 2.17496565e-02 3.21235658e-04 1.45095495e+03 4.82843398e+01
3.43209138e-03 2.18030580e+00 7.21809661e-02 3.74479683e-02 2.14201067e-02 3.24177384e-04 1.46116492e+03 4.82817396e+01
3.45607362e-03 2.18018804e+00 7.19128397e-02 3.68074141e-02 2.10961671e-02 3.27024311e-04 1.47137503e+03 4.82791320e+01
3.48005596e-03 2.18006996e+00 7.16561163e-02 3.61864048e-02 2.07777229e-02 3.29777750e-04 1.48158517e+03 4.82765173e+01
3.50403819e-03 2.17995156e+00 7.14101084e-02 3.55841133e-02 2.04646637e-02 3.32439240e-04 1.49179527e+03 4.82738954e+01
3.52802011e-03 2.17983284e+00 7.11741753e-02 3.49997528e-02 2.01568824e-02 3.35010152e-04 1.50200524e+03 4.82712665e+01
3.55200153e-03 2.17971381e+00 7.09477177e-02 3.44325743e-02 1.98542754e-02 3.37491831e-04 1.51221499e+03 4.82686306e+01
3.57598223e-03 2.17959446e+00 7.07301762e-02 3.38818662e-02 1.95567419e-02 3.39885660e-04 1.52242444e+03 4.82659878e+01
3.59996202e-03 2.17947481e+00 7.05210294e-02 3.33469511e-02 1.92641843e-02 3.42193035e-04 1.53263350e+03 4.82633382e+01
3.62394069e-03 2.17935485e+00 7.03197908e-02 3.28271855e-02 1.89765076e-02 3.44415345e-04 1.54284209e+03 4.82606818e+01
3.64791804e-03 2.17923459e+00 7.01260066e-02 3.23219571e-02 1.86936199e-02 3.46553962e-04 1.55305011e+03 4.82580188e+01
3.67189386e-03 2.17911404e+00 6.99392536e-02 3.18306842e-02 1.84154314e-02 3.48610281e-04 1.56325748e+03 4.82553492e+01
3.69586796e-03 2.17899319e+00 6.97591370e-02 3.13528135e-02 1.81418551e-02 3.50585683e-04 1.57346412e+03 4.82526731e+01
3.71984013e-03 2.17887205e+00 6.95852889e-02 3.08878192e-02 1.78728062e-02 3.52481568e-04 1.58366993e+03 4.82499906e+01
3.74381018e-03 2.17875062e+00 6.94173658e-02 3.04352012e-02 1.76082021e-02 3.54299324e-04 1.59387484e+03 4.82473017e+01
3.76777788e-03 2.17862892e+00 6.92550474e-02 2.99944845e-02 1.73479625e-02 3.56040353e-04 1.60407876e+03 4.82446066e+01
3.79174305e-03 2.17850693e+00 6.90980352e-02 2.95652169e-02 1.70920088e-02 3.57706056e-04 1.61428160e+03 4.82419053e+01
3.81570549e-03 2.17838467e+00 6.89460504e-02 2.91469686e-02 1.68402647e-02 3.59297835e-04 1.62448327e+03 4.82391979e+01
3.83966498e-03 2.17826213e+00 6.87988330e-02 2.87393308e-02 1.65926556e-02 3.60817091e-04 1.63468369e+03 4.82364845e+01
3.86362133e-03 2.17813933e+00 6.86561406e-02 2.83419147e-02 1.63491086e-02 3.62265227e-04 1.64488277e+03 4.82337652e+01
3.88757434e-03 2.17801627e+00 6.85177466e-02 2.79543502e-02 1.61095527e-02 3.63643646e-04 1.65508043e+03 4.82310400e+01
3.91152380e-03 2.17789294e+00 6.83834396e-02 2.75762851e-02 1.58739184e-02 3.64953750e-04 1.66527658e+03 4.82283090e+01
3.93546952e-03 2.17776935e+00 6.82530218e-02 2.72073844e-02 1.56421378e-02 3.66196941e-04 1.67547113e+03 4.82255723e+01
3.95941128e-03 2.17764552e+00 6.81263085e-02 2.68473289e-02 1.54141445e-02 3.67374620e-04 1.68566400e+03 4.82228300e+01
3.98334890e-03 2.17752143e+00 6.80031270e-02 2.64958144e-02 1.51898737e-02 3.68488188e-04 1.69585511e+03 4.82200822e+01
4.00728216e-03 2.17739710e+00 6.78833156e-02 2.61525514e-02 1.49692617e-02 3.69539038e-04 1.70604436e+03 4.82173290e+01
4.03121087e-03 2.17727252e+00 6.77667234e-02 2.58172636e-02 1.47522463e-02 3.70528558e-04 1.71623167e+03 4.82145703e+01
4.05513483e-03 2.17714771e+00 6.76532086e-02 2.54896879e-02 1.45387666e-02 3.71458132e-04 1.72641696e+03 4.82118064e+01
4.07905383e-03 2.17702266e+00 6.75426390e-02 2.51695730e-02 1.43287630e-02 3.72329136e-04 1.73660014e+03 4.82090373e+01
4.10296768e-03 2.17689738e+00 6.74348903e-02 2.48566791e-02 1.41221770e-02 3.73142939e-04 1.74678113e+03 4.82062630e+01
4.12687617e-03 2.17677187e+00 6.73298460e-02 2.45507771e-02 1.39189513e-02 3.73900905e-04 1.75695983e+03 4.82034837e+01
4.15077910e-03 2.17664613e+00 6.72273969e-02 2.42516484e-02 1.37190297e-02 3.74604388e-04 1.76713617e+03 4.82006994e+01
4.17467628e-03 2.17652018e+00 6.71274401e-02 2.39590839e-02 1.35223570e-02 3.75254733e-04 1.77731006e+03 4.81979103e+01
4.19856750e-03 2.17639401e+00 6.70298790e-02 2.36728835e-02 1.33288793e-02 3.75853278e-04 1.78748142e+03 4.81951163e+01
4.22245256e-03 2.17626763e+00 6.69346229e-02 2.33928561e-02 1.31385435e-02 3.76401345e-04 1.79765015e+03 4.81923176e+01
4.24633127e-03 2.17614103e+00 6.68415861e-02 2.31188184e-02 1.29512975e-02 3.76900248e-04 1.80781617e+03 4.81895143e+01
4.27020342e-03 2.17601423e+00 6.67506882e-02 2.28505950e-02 1.27670902e-02 3.77351288e-04 1.81797941e+03 4.81867064e+01
4.29406882e-03 2.17588723e+00 6.66618532e-02 2.25880176e-02 1.25858714e-02 3.77755753e-04 1.82813977e+03 4.81838941e+01
4.31792727e-03 2.17576003e+00 6.65750096e-02 2.23309251e-02 1.24075919e-02 3.78114919e-04 1.83829717e+03 4.81810773e+01
4.34177857e-03 2.17563263e+00 6.64900895e-02 2.20791626e-02 1.22322032e-02 3.78430048e-04 1.84845153e+03 4.81782562e+01
4.36562251e-03 2.17550504e+00 6.64070290e-02 2.18325816e-02 1.20596578e-02 3.78702389e-04 1.85860275e+03 4.81754308e+01
4.38945891e-03 2.17537727e+00 6.63257674e-02 2.15910393e-02 1.18899088e-02 3.78933174e-04 1.86875077e+03 4.81726013e+01
4.41328756e-03 2.17524931e+00 6.62462474e-02 2.13543984e-02 1.17229105e-02 3.79123619e-04 1.87889548e+03 4.81697677e+01
4.43710826e-03 2.17512117e+00 6.61684144e-02 2.11225269e-02 1.15586175e-02 3.79274926e-04 1.88903681e+03 4.81669301e+01
4.46092083e-03 2.17499285e+00 6.60922168e-02 2.08952978e-02 1.13969856e-02 3.79388281e-04 1.89917468e+03 4.81640885e+01
4.48472506e-03 2.17486435e+00 6.60176054e-02 2.06725887e-02 1.12379710e-02 3.79464852e-04 1.90930900e+03 4.81612431e+01
4.50852075e-03 2.17473569e+00 6.59445336e-02 2.04542816e-02 1.10815310e-02 3.79505792e-04 1.91943968e+03 4.81583939e+01
4.53230771e-03 2.17460685e+00 6.58729568e-02 2.02402629e-02 1.09276232e-02 3.79512233e-04 1.92956665e+03 4.81555410e+01
4.55608574e-03 2.17447786e+00 6.58028329e-02 2.00304229e-02 1.07762061e-02 3.79485291e-04 1.93968981e+03 4.81526845e+01
4.57985465e-03 2.17434870e+00 6.57341212e-02 1.98246555e-02 1.06272390e-02 3.79426066e-04 1.94980909e+03 4.81498244e+01
4.60361424e-03 2.17421939e+00 6.56667831e-02 1.96228586e-02 1.04806817e-02 3.79335640e-04 1.95992440e+03 4.81469608e+01
4.62736431e-03 2.17408992e+00 6.56007817e-02 1.94249333e-02 1.03364946e-02 3.79215077e-04 1.97003567e+03 4.81440939e+01
4.65110468e-03 2.17396030e+00 6.55360815e-02 1.92307840e-02 1.01946389e-02 3.79065422e-04 1.98014279e+03 4.81412236e+01
4.67483514e-03 2.17383054e+00 6.54726487e-02 1.90403183e-02 1.00550763e-02 3.78887699e-04 1.99024571e+03 4.81383500e+01
4.69855550e-03 2.17370063e+00 6.54104510e-02 1.88534467e-02 9.91776914e-03 3.78682914e-04 2.00034432e+03 4.81354733e+01
4.72226556e-03 2.17357058e+00 6.53494572e-02 1.86700824e-02 9.78268047e-03 3.78452055e-04 2.01043855e+03 4.81325935e+01
4.74596514e-03 2.17344040e+00 6.52896375e-02 1.84901416e-02 9.64977380e-03 3.78196089e-04 2.02052831e+03 4.81297106e+01
4.76965404e-03 2.17331008e+00 6.52309628e-02 1.83135428e-02 9.51901327e-03 3.77915966e-04 2.03061353e+03 4.81268248e+01
4.79333206e-03 2.17317963e+00 6.51734057e-02 1.81402070e-02 9.39036357e-03 3.77612618e-04 2.04069411e+03 4.81239361e+01
4.81699902e-03 2.17304906e+00 6.51169394e-02 1.79700577e-02 9.26378996e-03 3.77286955e-04 2.05076999e+03 4.81210446e+01
4.84065472e-03 2.17291836e+00 6.50615381e-02 1.78030205e-02 9.13925824e-03 3.76939870e-04 2.06084107e+03 4.81181503e+01
4.86429897e-03 2.17278754e+00 6.50071771e-02 1.76390231e-02 9.01673476e-03 3.76572236e-04 2.07090728e+03 4.81152534e+01
4.88793158e-03 2.17265660e+00 6.49538325e-02 1.74779955e-02 8.89618639e-03 3.76184909e-04 2.08096854e+03 4.81123538e+01
4.91155235e-03 2.17252555e+00 6.49014808e-02 1.73198696e-02 8.77758051e-03 3.75778725e-04 2.09102475e+03 4.81094518e+01
4.93516110e-03 2.17239438e+00 6.48500998e-02 1.71645791e-02 8.66088504e-03 3.75354501e-04 2.10107584e+03 4.81065472e+01
4.95875763e-03 2.17226311e+00 6.47996677e-02 1.70120595e-02 8.54606837e-03 3.74913036e-04 2.11112174e+03 4.81036403e+01
4.98234176e-03 2.17213173e+00 6.47501633e-02 1.68622483e-02 8.43309943e-03 3.74455110e-04 2.12116235e+03 4.81007310e+01
5.00591330e-03 2.17200025e+00 6.47015665e-02 1.67150843e-02 8.32194760e-03 3.73981482e-04 2.13119761e+03 4.80978195e+01
5.02947206e-03 2.17186868e+00 6.46538575e-02 1.65705084e-02 8.21258275e-03 3.73492895e-04 2.14122742e+03 4.80949058e+01
5.05301784e-03 2.17173700e+00 6.46070173e-02 1.64284625e-02 8.10497525e-03 3.72990072e-04 2.15125170e+03 4.80919899e+01
5.07655046e-03 2.17160523e+00 6.45610271e-02 1.62888906e-02 7.99909590e-03 3.72473719e-04 2.16127039e+03 4.80890720e+01
5.10006973e-03 2.17147338e+00 6.45158688e-02 1.61517378e-02 7.89491599e-03 3.71944527e-04 2.17128339e+03 4.80861522e+01
5.12357547e-03 2.17134143e+00 6.44715249e-02 1.60169507e-02 7.79240723e-03 3.71403168e-04 2.18129063e+03 4.80832303e+01
5.14706749e-03 2.17120941e+00 6.44279780e-02 1.58844774e-02 7.69154181e-03 3.70850298e-04 2.19129203e+03 4.80803067e+01
5.17054559e-03 2.17107730e+00 6.43852114e-02 1.57542671e-02 7.59229233e-03 3.70286555e-04 2.20128750e+03 4.80773812e+01
5.19400961e-03 2.17094511e+00 6.43432090e-02 1.56262703e-02 7.49463184e-03 3.69712557e-04 2.21127698e+03 4.80744540e+01
5.21745934e-03 2.17081285e+00 6.43019551e-02 1.55004390e-02 7.39853379e-03 3.69128905e-04 2.22126037e+03 4.80715251e+01
5.24089460e-03 2.17068051e+00 6.42614342e-02 1.53767259e-02 7.30397209e-03 3.68536185e-04 2.23123761e+03 4.80685947e+01
5.26431522e-03 2.17054811e+00 6.42216315e-02 1.52550854e-02 7.21092103e-03 3.67934966e-04 2.24120861e+03 4.80656627e+01
5.28772100e-03 2.17041564e+00 6.41825322e-02 1.51354727e-02 7.11935533e-03 3.67325801e-04 2.25117330e+03 4.80627292e+01
5.31111177e-03 2.17028310e+00 6.41441221e-02 1.50178442e-02 7.02925011e-03 3.66709230e-04 2.26113159e+03 4.80597943e+01
5.33448734e-03 2.17015051e+00 6.41063872e-02 1.49021573e-02 6.94058088e-03 3.66085774e-04 2.27108341e+03 4.80568580e+01
5.35784752e-03 2.17001785e+00 6.40693138e-02 1.47883705e-02 6.85332354e-03 3.65455941e-04 2.28102868e+03 4.80539204e+01
5.38119214e-03 2.16988514e+00 6.40328888e-02 1.46764434e-02 6.76745440e-03 3.64820222e-04 2.29096732e+03 4.80509816e+01
5.40452101e-03 2.16975238e+00 6.39970992e-02 1.45663363e-02 6.68295011e-03 3.64179094e-04 2.30089926e+03 4.80480417e+01
5.42783395e-03 2.16961957e+00 6.39619322e-02 1.44580107e-02 6.59978774e-03 3.63533022e-04 2.31082442e+03 4.80451006e+01
5.45113079e-03 2.16948670e+00 6.39273755e-02 1.43514288e-02 6.51794471e-03 3.62882455e-04 2.32074273e+03 4.80421585e+01
5.47441134e-03 2.16935380e+00 6.38934170e-02 1.42465540e-02 6.43739880e-03 3.62227826e-04 2.33065409e+03 4.80392153e+01
5.49767542e-03 2.16922085e+00 6.38600448e-02 1.41433504e-02 6.35812815e-03 3.61569556e-04 2.34055845e+03 4.80362712e+01
5.52092285e-03 2.16908786e+00 6.38272474e-02 1.40417828e-02 6.28011127e-03 3.60908053e-04 2.35045572e+03 4.80333263e+01
5.54415346e-03 2.16895483e+00 6.37950135e-02 1.39418172e-02 6.20332700e-03 3.60243709e-04 2.36034583e+03 4.80303805e+01
5.56736707e-03 2.16882177e+00 6.37633320e-02 1.38434201e-02 6.12775454e-03 3.59576908e-04 2.37022870e+03 4.80274339e+01
5.59056350e-03 2.16868868e+00 6.37321919e-02 1.37465590e-02 6.05337341e-03 3.58908016e-04 2.38010425e+03 4.80244867e+01
5.61374257e-03 2.16855556e+00 6.37015827e-02 1.36512020e-02 5.98016348e-03 3.58237392e-04 2.38997242e+03 4.80215387e+01
5.63690410e-03 2.16842241e+00 6.36714941e-02 1.35573180e-02 5.90810495e-03 3.57565376e-04 2.39983312e+03 4.80185902e+01
5.66004793e-03 2.16828923e+00 6.36419160e-02 1.34648766e-02 5.83717835e-03 3.56892304e-04 2.40968628e+03 4.80156411e+01
5.68317388e-03 2.16815603e+00 6.36128383e-02 1.33738483e-02 5.76736445e-03 3.56218495e-04 2.41953183e+03 4.80126916e+01
5.70628176e-03 2.16802282e+00 6.35842515e-02 1.32842043e-02 5.69864454e-03 3.55544254e-04 2.42936969e+03 4.80097415e+01
5.72937142e-03 2.16788958e+00 6.35561458e-02 1.31959160e-02 5.63099994e-03 3.54869885e-04 2.43919978e+03 4.80067911e+01
5.75244267e-03 2.16775633e+00 6.35285120e-02 1.31089561e-02 5.56441252e-03 3.54195676e-04 2.44902205e+03 4.80038404e+01
5.77549534e-03 2.16762307e+00 6.35013409e-02 1.30232976e-02 5.49886423e-03 3.53521898e-04 2.45883640e+03 4.80008894e+01
5.79852926e-03 2.16748980e+00 6.34746238e-02 1.29389143e-02 5.43433794e-03 3.52848817e-04 2.46864277e+03 4.79979382e+01
5.82154426e-03 2.16735652e+00 6.34483515e-02 1.28557800e-02 5.37081545e-03 3.52176712e-04 2.47844108e+03 4.79949867e+01
5.84454017e-03 2.16722323e+00 6.34225160e-02 1.27738702e-02 5.30828069e-03 3.51505795e-04 2.48823127e+03 4.79920352e+01
5.86751681e-03 2.16708994e+00 6.33971089e-02 1.26931603e-02 5.24671641e-03 3.50836311e-04 2.49801325e+03 4.79890836e+01
5.89047402e-03 2.16695665e+00 6.33721215e-02 1.26136263e-02 5.18610590e-03 3.50168501e-04 2.50778697e+03 4.79861319e+01
5.91341163e-03 2.16682336e+00 6.33475459e-02 1.25352450e-02 5.12643339e-03 3.49502578e-04 2.51755233e+03 4.79831803e+01
5.93632946e-03 2.16669007e+00 6.33233744e-02 1.24579935e-02 5.06768292e-03 3.48838752e-04 2.52730928e+03 4.79802287e+01
5.95922736e-03 2.16655679e+00 6.32995989e-02 1.23818496e-02 5.00983868e-03 3.48177227e-04 2.53705774e+03 4.79772773e+01
5.98210515e-03 2.16642352e+00 6.32762121e-02 1.23067916e-02 4.95288536e-03 3.47518191e-04 2.54679764e+03 4.79743260e+01
6.00496266e-03 2.16629026e+00 6.32532065e-02 1.22327982e-02 4.89680787e-03 3.46861832e-04 2.55652890e+03 4.79713750e+01
6.02779973e-03 2.16615700e+00 6.32305749e-02 1.21598486e-02 4.84159131e-03 3.46208322e-04 2.56625147e+03 4.79684242e+01
6.05061620e-03 2.16602377e+00 6.32083103e-02 1.20879228e-02 4.78722107e-03 3.45557832e-04 2.57596526e+03 4.79654737e+01
6.07341189e-03 2.16589054e+00 6.31864055e-02 1.20170008e-02 4.73368284e-03 3.44910524e-04 2.58567021e+03 4.79625236e+01
6.09618665e-03 2.16575734e+00 6.31648538e-02 1.19470635e-02 4.68096247e-03 3.44266550e-04 2.59536624e+03 4.79595739e+01
6.11894030e-03 2.16562416e+00 6.31436485e-02 1.18780920e-02 4.62904612e-03 3.43626060e-04 2.60505329e+03 4.79566246e+01
6.14167270e-03 2.16549100e+00 6.31227829e-02 1.18100679e-02 4.57792014e-03 3.42989192e-04 2.61473129e+03 4.79536759e+01
6.16438366e-03 2.16535786e+00 6.31022507e-02 1.17429732e-02 4.52757116e-03 3.42356081e-04 2.62440017e+03 4.79507276e+01
6.18707304e-03 2.16522475e+00 6.30820456e-02 1.16767904e-02 4.47798599e-03 3.41726854e-04 2.63405985e+03 4.79477800e+01
6.20974067e-03 2.16509167e+00 6.30621614e-02 1.16115023e-02 4.42915171e-03 3.41101632e-04 2.64371028e+03 4.79448330e+01
6.23238640e-03 2.16495862e+00 6.30425919e-02 1.15470923e-02 4.38105560e-03 3.40480531e-04 2.65335138e+03 4.79418867e+01
6.25501005e-03 2.16482560e+00 6.30233313e-02 1.14835441e-02 4.33368516e-03 3.39863660e-04 2.66298308e+03 4.79389411e+01
6.27761147e-03 2.16469262e+00 6.30043736e-02 1.14208416e-02 4.28702810e-03 3.39251122e-04 2.67260532e+03 4.79359962e+01
6.30019051e-03 2.16455967e+00 6.29857133e-02 1.13589693e-02 4.24107236e-03 3.38643015e-04 2.68221803e+03 4.79330522e+01
6.32274701e-03 2.16442676e+00 6.29673447e-02 1.12979121e-02 4.19580607e-03 3.38039430e-04 2.69182115e+03 4.79301090e+01
6.34528080e-03 2.16429389e+00 6.29492624e-02 1.12376549e-02 4.15121758e-03 3.37440454e-04 2.70141459e+03 4.79271666e+01
6.36779174e-03 2.16416107e+00 6.29314610e-02 1.11781834e-02 4.10729544e-03 3.36846167e-04 2.71099831e+03 4.79242253e+01
6.39027966e-03 2.16402828e+00 6.29139354e-02 1.11194834e-02 4.06402841e-03 3.36256648e-04 2.72057223e+03 4.79212848e+01
6.41274442e-03 2.16389554e+00 6.28966802e-02 1.10615410e-02 4.02140545e-03 3.35671969e-04 2.73013629e+03 4.79183454e+01
6.43518585e-03 2.16376285e+00 6.28796906e-02 1.10043427e-02 3.97941570e-03 3.35092199e-04 2.73969041e+03 4.79154071e+01
6.45760381e-03 2.16363021e+00 6.28629614e-02 1.09478753e-02 3.93804850e-03 3.34517401e-04 2.74923455e+03 4.79124698e+01
6.47999814e-03 2.16349762e+00 6.28464879e-02 1.08921259e-02 3.89729336e-03 3.33947634e-04 2.75876862e+03 4.79095337e+01
6.50236870e-03 2.16336509e+00 6.28302654e-02 1.08370820e-02 3.85713998e-03 3.33382952e-04 2.76829257e+03 4.79065987e+01
6.52471532e-03 2.16323260e+00 6.28142891e-02 1.07827311e-02 3.81757827e-03 3.32823404e-04 2.77780633e+03 4.79036650e+01
6.54703785e-03 2.16310018e+00 6.27985547e-02 1.07290613e-02 3.77859826e-03 3.32269039e-04 2.78730984e+03 4.79007325e+01
6.56933616e-03 2.16296781e+00 6.27830576e-02 1.06760609e-02 3.74019022e-03 3.31719899e-04 2.79680303e+03 4.78978013e+01
6.59161009e-03 2.16283550e+00 6.27677933e-02 1.06237184e-02 3.70234453e-03 3.31176025e-04 2.80628584e+03 4.78948714e+01
6.61385949e-03 2.16270326e+00 6.27527575e-02 1.05720226e-02 3.66505181e-03 3.30637453e-04 2.81575821e+03 4.78919429e+01
6.63608421e-03 2.16257107e+00 6.27379462e-02 1.05209624e-02 3.62830278e-03 3.30104216e-04 2.82522008e+03 4.78890157e+01
6.65828411e-03 2.16243895e+00 6.27233551e-02 1.04705273e-02 3.59208837e-03 3.29576343e-04 2.83467138e+03 4.78860900e+01
6.68045904e-03 2.16230690e+00 6.27089802e-02 1.04207068e-02 3.55639965e-03 3.29053860e-04 2.84411204e+03 4.78831658e+01
6.70260886e-03 2.16217492e+00 6.26948177e-02 1.03714906e-02 3.52122786e-03 3.28536791e-04 2.85354202e+03 4.78802431e+01
6.72473342e-03 2.16204300e+00 6.26808636e-02 1.03228687e-02 3.48656438e-03 3.28025156e-04 2.86296124e+03 4.78773220e+01
6.74683258e-03 2.16191116e+00 6.26671140e-02 1.02748315e-02 3.45240075e-03 3.27518975e-04 2.87236965e+03 4.78744024e+01
6.76890621e-03 2.16177939e+00 6.26535652e-02 1.02273693e-02 3.41872866e-03 3.27018263e-04 2.88176719e+03 4.78714844e+01
6.79095415e-03 2.16164770e+00 6.26402136e-02 1.01804728e-02 3.38553996e-03 3.26523033e-04 2.89115379e+03 4.78685681e+01
6.81297627e-03 2.16151608e+00 6.26270555e-02 1.01341330e-02 3.35282661e-03 3.26033295e-04 2.90052940e+03 4.78656534e+01
6.83497244e-03 2.16138454e+00 6.26140875e-02 1.00883408e-02 3.32058075e-03 3.25549056e-04 2.90989396e+03 4.78627405e+01
6.85694250e-03 2.16125307e+00 6.26013060e-02 1.00430876e-02 3.28879465e-03 3.25070320e-04 2.91924741e+03 4.78598294e+01
6.87888633e-03 2.16112169e+00 6.25887079e-02 9.99836484e-03 3.25746069e-03 3.24597090e-04 2.92858969e+03 4.78569200e+01
6.90080378e-03 2.16099039e+00 6.25762899e-02 9.95416419e-03 3.22657142e-03 3.24129366e-04 2.93792074e+03 4.78540124e+01
6.92269473e-03 2.16085917e+00 6.25640485e-02 9.91047752e-03 3.19611951e-03 3.23667148e-04 2.94724050e+03 4.78511067e+01
6.94455903e-03 2.16072804e+00 6.25519807e-02 9.86729685e-03 3.16609775e-03 3.23210434e-04 2.95654892e+03 4.78482029e+01
6.96639654e-03 2.16059700e+00 6.25400832e-02 9.82461439e-03 3.13649907e-03 3.22759218e-04 2.96584594e+03 4.78453010e+01
6.98820715e-03 2.16046604e+00 6.25283531e-02 9.78242253e-03 3.10731652e-03 3.22313496e-04 2.97513150e+03 4.78424010e+01
7.00999070e-03 2.16033518e+00 6.25167874e-02 9.74071380e-03 3.07854328e-03 3.21873257e-04 2.98440554e+03 4.78395030e+01
7.03174708e-03 2.16020440e+00 6.25053830e-02 9.69948092e-03 3.05017263e-03 3.21438492e-04 2.99366801e+03 4.78366071e+01
7.05347614e-03 2.16007371e+00 6.24941372e-02 9.65871672e-03 3.02219800e-03 3.21009189e-04 3.00291886e+03 4.78337131e+01
7.07517776e-03 2.15994312e+00 6.24830471e-02 9.61841425e-03 2.99461293e-03 3.20585335e-04 3.01215802e+03 4.78308213e+01
7.09685181e-03 2.15981263e+00 6.24721099e-02 9.57856665e-03 2.96741107e-03 3.20166917e-04 3.02138544e+03 4.78279315e+01
7.11849816e-03 2.15968223e+00 6.24613230e-02 9.53916722e-03 2.94058620e-03 3.19753917e-04 3.03060107e+03 4.78250439e+01
7.14011668e-03 2.15955193e+00 6.24506836e-02 9.50020945e-03 2.91413218e-03 3.19346319e-04 3.03980486e+03 4.78221585e+01
7.16170723e-03 2.15942173e+00 6.24401892e-02 9.46168691e-03 2.88804302e-03 3.18944105e-04 3.04899673e+03 4.78192752e+01
7.18326971e-03 2.15929162e+00 6.24298372e-02 9.42359331e-03 2.86231281e-03 3.18547255e-04 3.05817666e+03 4.78163942e+01
7.20480398e-03 2.15916162e+00 6.24196251e-02 9.38592251e-03 2.83693576e-03 3.18155748e-04 3.06734457e+03 4.78135154e+01
7.22630989e-03 2.15903173e+00 6.24095504e-02 9.34866854e-03 2.81190615e-03 3.17769558e-04 3.07650041e+03 4.78106389e+01
7.24778736e-03 2.15890193e+00 6.23996108e-02 9.31182543e-03 2.78721840e-03 3.17388665e-04 3.08564414e+03 4.78077647e+01
7.26923627e-03 2.15877225e+00 6.23898041e-02 9.27538743e-03 2.76286707e-03 3.17013052e-04 3.09477572e+03 4.78048929e+01
7.29065642e-03 2.15864267e+00 6.23801278e-02 9.23934901e-03 2.73884669e-03 3.16642692e-04 3.10389505e+03 4.78020234e+01
7.31204770e-03 2.15851319e+00 6.23705789e-02 9.20370457e-03 2.71515184e-03 3.16277542e-04 3.11300209e+03 4.77991563e+01
7.33341022e-03 2.15838383e+00 6.23611557e-02 9.16844835e-03 2.69177751e-03 3.15917586e-04 3.12209688e+03 4.77962916e+01
7.35474361e-03 2.15825458e+00 6.23518573e-02 9.13357548e-03 2.66871880e-03 3.15562824e-04 3.13117927e+03 4.77934295e+01
7.37604744e-03 2.15812544e+00 6.23426808e-02 9.09908121e-03 2.64597023e-03 3.15213216e-04 3.14024908e+03 4.77905697e+01
7.39732227e-03 2.15799641e+00 6.23336222e-02 9.06495921e-03 2.62352629e-03 3.14868680e-04 3.14930654e+03 4.77877124e+01
7.41856836e-03 2.15786750e+00 6.23246798e-02 9.03120393e-03 2.60138321e-03 3.14529193e-04 3.15835177e+03 4.77848576e+01
7.43978399e-03 2.15773871e+00 6.23158550e-02 8.99781321e-03 2.57953754e-03 3.14194819e-04 3.16738402e+03 4.77820058e+01
7.46096866e-03 2.15761004e+00 6.23071461e-02 8.96478277e-03 2.55798252e-03 3.13865532e-04 3.17640310e+03 4.77791563e+01
7.48212589e-03 2.15748145e+00 6.22985462e-02 8.93210205e-03 2.53671021e-03 3.13541161e-04 3.18541050e+03 4.77763089e+01
7.50325576e-03 2.15735299e+00 6.22900519e-02 8.89976609e-03 2.51571955e-03 3.13221643e-04 3.19440624e+03 4.77734641e+01
7.52434988e-03 2.15722470e+00 6.22816680e-02 8.86778317e-03 2.49501446e-03 3.12907148e-04 3.20338677e+03 4.77706232e+01
7.54540813e-03 2.15709656e+00 6.22733951e-02 8.83614882e-03 2.47458599e-03 3.12597697e-04 3.21235202e+03 4.77677856e+01
7.56645983e-03 2.15696837e+00 6.22652180e-02 8.80481467e-03 2.45440047e-03 3.12292782e-04 3.22131449e+03 4.77649469e+01
7.58755232e-03 2.15683987e+00 6.22571143e-02 8.77370757e-03 2.43441406e-03 3.11991650e-04 3.23029433e+03 4.77621014e+01
7.60871572e-03 2.15671090e+00 6.22490721e-02 8.74278223e-03 2.41459882e-03 3.11693903e-04 3.23930435e+03 4.77592454e+01
7.62995101e-03 2.15658143e+00 6.22410925e-02 8.71203712e-03 2.39494971e-03 3.11399597e-04 3.24834498e+03 4.77563785e+01
7.65125091e-03 2.15645150e+00 6.22331781e-02 8.68148241e-03 2.37547041e-03 3.11108866e-04 3.25741311e+03 4.77535011e+01
7.67261661e-03 2.15632109e+00 6.22253271e-02 8.65111588e-03 2.35616070e-03 3.10821696e-04 3.26650926e+03 4.77506134e+01
7.69405269e-03 2.15619020e+00 6.22175369e-02 8.62093056e-03 2.33701697e-03 3.10538037e-04 3.27563537e+03 4.77477149e+01
7.71555979e-03 2.15605882e+00 6.22098070e-02 8.59092525e-03 2.31803671e-03 3.10257909e-04 3.28479172e+03 4.77448055e+01
7.73713735e-03 2.15592694e+00 6.22021373e-02 8.56110056e-03 2.29921868e-03 3.09981349e-04 3.29397806e+03 4.77418851e+01
7.75878675e-03 2.15579456e+00 6.21945268e-02 8.53145429e-03 2.28056129e-03 3.09708363e-04 3.30319499e+03 4.77389535e+01
7.78050971e-03 2.15566166e+00 6.21869745e-02 8.50198393e-03 2.26206255e-03 3.09438954e-04 3.31244324e+03 4.77360106e+01
7.80230697e-03 2.15552825e+00 6.21794795e-02 8.47268839e-03 2.24372069e-03 3.09173138e-04 3.32172311e+03 4.77330563e+01
7.82417936e-03 2.15539431e+00 6.21720410e-02 8.44356643e-03 2.22553408e-03 3.08910926e-04 3.33103498e+03 4.77300903e+01
7.84612815e-03 2.15525984e+00 6.21646582e-02 8.41461632e-03 2.20750104e-03 3.08652328e-04 3.34037937e+03 4.77271125e+01
7.86815448e-03 2.15512483e+00 6.21573304e-02 8.38583652e-03 2.18961987e-03 3.08397354e-04 3.34975677e+03 4.77241228e+01
7.89025935e-03 2.15498927e+00 6.21500567e-02 8.35722579e-03 2.17188893e-03 3.08146014e-04 3.35916761e+03 4.77211210e+01
7.91244387e-03 2.15485316e+00 6.21428365e-02 8.32878271e-03 2.15430662e-03 3.07898323e-04 3.36861236e+03 4.77181069e+01
7.93470922e-03 2.15471649e+00 6.21356689e-02 8.30050589e-03 2.13687133e-03 3.07654293e-04 3.37809152e+03 4.77150803e+01
7.95705651e-03 2.15457925e+00 6.21285531e-02 8.27239413e-03 2.11958144e-03 3.07413934e-04 3.38760557e+03 4.77120412e+01
7.97948689e-03 2.15444143e+00 6.21214884e-02 8.24444613e-03 2.10243551e-03 3.07177261e-04 3.39715499e+03 4.77089893e+01
8.00200152e-03 2.15430303e+00 6.21144739e-02 8.21666069e-03 2.08543180e-03 3.06944287e-04 3.40674028e+03 4.77059244e+01
8.02460160e-03 2.15416403e+00 6.21075090e-02 8.18903675e-03 2.06856904e-03 3.06715020e-04 3.41636195e+03 4.77028465e+01
8.04728830e-03 2.15402444e+00 6.21005929e-02 8.16157308e-03 2.05184551e-03 3.06489477e-04 3.42602049e+03 4.76997552e+01
8.07006284e-03 2.15388423e+00 6.20937249e-02 8.13426850e-03 2.03525997e-03 3.06267674e-04 3.43571644e+03 4.76966504e+01
8.09292645e-03 2.15374341e+00 6.20869044e-02 8.10712218e-03 2.01881067e-03 3.06049617e-04 3.44545030e+03 4.76935320e+01
8.11588036e-03 2.15360197e+00 6.20801306e-02 8.08013303e-03 2.00249703e-03 3.05835321e-04 3.45522260e+03 4.76903998e+01
8.13892582e-03 2.15345989e+00 6.20734028e-02 8.05329949e-03 1.98631593e-03 3.05624817e-04 3.46503389e+03 4.76872535e+01
8.16206410e-03 2.15331717e+00 6.20667204e-02 8.02662126e-03 1.97026818e-03 3.05418095e-04 3.47488469e+03 4.76840930e+01
8.18529650e-03 2.15317379e+00 6.20600829e-02 8.00009725e-03 1.95435159e-03 3.05215176e-04 3.48477555e+03 4.76809181e+01
8.20862430e-03 2.15302976e+00 6.20534893e-02 7.97372649e-03 1.93856407e-03 3.05016081e-04 3.49470704e+03 4.76777286e+01
8.23204883e-03 2.15288506e+00 6.20469390e-02 7.94750808e-03 1.92290507e-03 3.04820822e-04 3.50467971e+03 4.76745243e+01
8.25557142e-03 2.15273968e+00 6.20404315e-02 7.92144117e-03 1.90737334e-03 3.04629416e-04 3.51469412e+03 4.76713049e+01
8.27919344e-03 2.15259362e+00 6.20339659e-02 7.89552503e-03 1.89196729e-03 3.04441880e-04 3.52475086e+03 4.76680704e+01
8.30291623e-03 2.15244686e+00 6.20275417e-02 7.86975895e-03 1.87668580e-03 3.04258227e-04 3.53485051e+03 4.76648205e+01
8.32674121e-03 2.15229939e+00 6.20211583e-02 7.84414204e-03 1.86152774e-03 3.04078476e-04 3.54499366e+03 4.76615549e+01
8.35066976e-03 2.15215121e+00 6.20148151e-02 7.81867372e-03 1.84649175e-03 3.03902640e-04 3.55518091e+03 4.76582735e+01
8.37470332e-03 2.15200230e+00 6.20085113e-02 7.79335330e-03 1.83157665e-03 3.03730737e-04 3.56541286e+03 4.76549761e+01
8.39884333e-03 2.15185266e+00 6.20022465e-02 7.76818010e-03 1.81678133e-03 3.03562785e-04 3.57569013e+03 4.76516624e+01
8.42309126e-03 2.15170228e+00 6.19960200e-02 7.74315357e-03 1.80210455e-03 3.03398803e-04 3.58601335e+03 4.76483322e+01
8.44744858e-03 2.15155114e+00 6.19898311e-02 7.71827312e-03 1.78754519e-03 3.03238810e-04 3.59638314e+03 4.76449853e+01
8.47191681e-03 2.15139923e+00 6.19836792e-02 7.69353820e-03 1.77310214e-03 3.03082825e-04 3.60680014e+03 4.76416214e+01
8.49649746e-03 2.15124655e+00 6.19775638e-02 7.66894833e-03 1.75877429e-03 3.02930866e-04 3.61726501e+03 4.76382404e+01
8.52119209e-03 2.15109309e+00 6.19714842e-02 7.64450302e-03 1.74456054e-03 3.02782951e-04 3.62777840e+03 4.76348419e+01
8.54600225e-03 2.15093882e+00 6.19654400e-02 7.62020183e-03 1.73045982e-03 3.02639101e-04 3.63834098e+03 4.76314258e+01
8.57092954e-03 2.15078375e+00 6.19594306e-02 7.59604432e-03 1.71647108e-03 3.02499336e-04 3.64895343e+03 4.76279919e+01
8.59597557e-03 2.15062786e+00 6.19534553e-02 7.57203015e-03 1.70259327e-03 3.02363678e-04 3.65961643e+03 4.76245398e+01
8.62114197e-03 2.15047114e+00 6.19475134e-02 7.54815894e-03 1.68882535e-03 3.02232149e-04 3.67033067e+03 4.76210693e+01
8.64643039e-03 2.15031358e+00 6.19416046e-02 7.52443038e-03 1.67516632e-03 3.02104771e-04 3.68109686e+03 4.76175801e+01
8.67184252e-03 2.15015516e+00 6.19357281e-02 7.50084415e-03 1.66161517e-03 3.01981565e-04 3.69191572e+03 4.76140721e+01
8.69738005e-03 2.14999588e+00 6.19298836e-02 7.47740000e-03 1.64817094e-03 3.01862552e-04 3.70278797e+03 4.76105449e+01
8.72304471e-03 2.14983572e+00 6.19240706e-02 7.45409771e-03 1.63483267e-03 3.01747756e-04 3.71371434e+03 4.76069983e+01
8.74883826e-03 2.14967468e+00 6.19182884e-02 7.43093710e-03 1.62159941e-03 3.01637200e-04 3.72469558e+03 4.76034320e+01
8.77476246e-03 2.14951273e+00 6.19125364e-02 7.40791802e-03 1.60847025e-03 3.01530911e-04 3.73573245e+03 4.75998457e+01
8.80081914e-03 2.14934986e+00 6.19068140e-02 7.38504038e-03 1.59544427e-03 3.01428914e-04 3.74682571e+03 4.75962392e+01
8.82701011e-03 2.14918607e+00 6.19011207e-02 7.36230405e-03 1.58252056e-03 3.01331237e-04 3.75797615e+03 4.75926122e+01
8.85333724e-03 2.14902134e+00 6.18954560e-02 7.33970894e-03 1.56969823e-03 3.01237902e-04 3.76918456e+03 4.75889643e+01
8.87980241e-03 2.14885566e+00 6.18898194e-02 7.31725501e-03 1.55697639e-03 3.01148935e-04 3.78045174e+03 4.75852954e+01
8.90640754e-03 2.14868901e+00 6.18842104e-02 7.29494222e-03 1.54435417e-03 3.01064363e-04 3.79177850e+03 4.75816050e+01
8.93315456e-03 2.14852138e+00 6.18786286e-02 7.27277061e-03 1.53183073e-03 3.00984213e-04 3.80316567e+03 4.75778930e+01
8.96004546e-03 2.14835276e+00 6.18730733e-02 7.25074026e-03 1.51940523e-03 3.00908515e-04 3.81461409e+03 4.75741589e+01
8.98708222e-03 2.14818313e+00 6.18675439e-02 7.22885127e-03 1.50707684e-03 3.00837300e-04 3.82612462e+03 4.75704025e+01
9.01426690e-03 2.14801247e+00 6.18620400e-02 7.20710376e-03 1.49484476e-03 3.00770597e-04 3.83769811e+03 4.75666234e+01
9.04160154e-03 2.14784078e+00 6.18565609e-02 7.18549795e-03 1.48270817e-03 3.00708437e-04 3.84933546e+03 4.75628214e+01
9.06908826e-03 2.14766804e+00 6.18511063e-02 7.16403396e-03 1.47066627e-03 3.00650851e-04 3.86103754e+03 4.75589961e+01
9.09672917e-03 2.14749423e+00 6.18456756e-02 7.14271202e-03 1.45871828e-03 3.00597869e-04 3.87280527e+03 4.75551472e+01
9.12452645e-03 2.14731934e+00 6.18402684e-02 7.12153232e-03 1.44686340e-03 3.00549522e-04 3.88463958e+03 4.75512744e+01
9.15248229e-03 2.14714335e+00 6.18348842e-02 7.10049518e-03 1.43510088e-03 3.00505845e-04 3.89654138e+03 4.75473772e+01
9.18059891e-03 2.14696625e+00 6.18295224e-02 7.07960089e-03 1.42342998e-03 3.00466871e-04 3.90851164e+03 4.75434553e+01
9.20887860e-03 2.14678802e+00 6.18241825e-02 7.05884981e-03 1.41184997e-03 3.00432636e-04 3.92055133e+03 4.75395085e+01
9.23732366e-03 2.14660864e+00 6.18188640e-02 7.03824234e-03 1.40036014e-03 3.00403176e-04 3.93266141e+03 4.75355363e+01
9.26593642e-03 2.14642810e+00 6.18135663e-02 7.01777890e-03 1.38895979e-03 3.00378526e-04 3.94484289e+03 4.75315383e+01
9.29471927e-03 2.14624638e+00 6.18082891e-02 6.99745990e-03 1.37764825e-03 3.00358724e-04 3.95709679e+03 4.75275142e+01
9.32367462e-03 2.14606346e+00 6.18030317e-02 6.97728586e-03 1.36642484e-03 3.00343808e-04 3.96942413e+03 4.75234636e+01
9.35280494e-03 2.14587933e+00 6.17977938e-02 6.95725730e-03 1.35528891e-03 3.00333817e-04 3.98182595e+03 4.75193861e+01
9.38211272e-03 2.14569397e+00 6.17925747e-02 6.93737473e-03 1.34423982e-03 3.00328790e-04 3.99430333e+03 4.75152813e+01
9.41160050e-03 2.14550735e+00 6.17873739e-02 6.91763873e-03 1.33327690e-03 3.00328770e-04 4.00685734e+03 4.75111489e+01
9.44127087e-03 2.14531947e+00 6.17821910e-02 6.89804995e-03 1.32239950e-03 3.00333797e-04 4.01948909e+03 4.75069883e+01
9.47112646e-03 2.14513030e+00 6.17770252e-02 6.87860904e-03 1.31160697e-03 3.00343917e-04 4.03219968e+03 4.75027992e+01
9.50116992e-03 2.14493982e+00 6.17718762e-02 6.85931675e-03 1.30089867e-03 3.00359175e-04 4.04499027e+03 4.74985812e+01
9.53140399e-03 2.14474802e+00 6.17667434e-02 6.84017384e-03 1.29027401e-03 3.00379613e-04 4.05786200e+03 4.74943338e+01
9.56183141e-03 2.14455487e+00 6.17616264e-02 6.82118109e-03 1.27973242e-03 3.00405274e-04 4.07081605e+03 4.74900566e+01
9.59245501e-03 2.14436035e+00 6.17565246e-02 6.80233925e-03 1.26927335e-03 3.00436206e-04 4.08385362e+03 4.74857491e+01
9.62327764e-03 2.14416444e+00 6.17514375e-02 6.78364913e-03 1.25889627e-03 3.00472456e-04 4.09697592e+03 4.74814109e+01
9.65430220e-03 2.14396713e+00 6.17463646e-02 6.76511154e-03 1.24860063e-03 3.00514076e-04 4.11018419e+03 4.74770415e+01
9.68553165e-03 2.14376839e+00 6.17413054e-02 6.74672736e-03 1.23838586e-03 3.00561116e-04 4.12347970e+03 4.74726404e+01
9.71696901e-03 2.14356819e+00 6.17362593e-02 6.72849756e-03 1.22825135e-03 3.00613628e-04 4.13686371e+03 4.74682072e+01
9.74861734e-03 2.14336652e+00 6.17312259e-02 6.71042317e-03 1.21819651e-03 3.00671663e-04 4.15033755e+03 4.74637413e+01
9.78047977e-03 2.14316335e+00 6.17262046e-02 6.69250534e-03 1.20822073e-03 3.00735273e-04 4.16390253e+03 4.74592423e+01
9.81255947e-03 2.14295867e+00 6.17211949e-02 6.67474520e-03 1.19832348e-03 3.00804508e-04 4.17756001e+03 4.74547096e+01
9.84485967e-03 2.14275244e+00 6.17161962e-02 6.65714389e-03 1.18850425e-03 3.00879424e-04 4.19131137e+03 4.74501427e+01
9.87738368e-03 2.14254464e+00 6.17112078e-02 6.63970256e-03 1.17876262e-03 3.00960078e-04 4.20515801e+03 4.74455412e+01
9.91013483e-03 2.14233525e+00 6.17062292e-02 6.62242231e-03 1.16909817e-03 3.01046532e-04 4.21910136e+03 4.74409043e+01
9.94311655e-03 2.14212424e+00 6.17012601e-02 6.60530421e-03 1.15951043e-03 3.01138848e-04 4.23314286e+03 4.74362317e+01
9.97633231e-03 2.14191159e+00 6.16963002e-02 6.58834933e-03 1.14999889e-03 3.01237090e-04 4.24728401e+03 4.74315226e+01
1.00097856e-02 2.14169727e+00 6.16913489e-02 6.57155885e-03 1.14056291e-03 3.01341315e-04 4.26152630e+03 4.74267766e+01
1.00434802e-02 2.14148126e+00 6.16864054e-02 6.55493415e-03 1.13120178e-03 3.01451582e-04 4.27587127e+03 4.74219931e+01
1.00774196e-02 2.14126352e+00 6.16814693e-02 6.53847693e-03 1.12191487e-03 3.01567957e-04 4.29032050e+03 4.74171714e+01
1.01116075e-02 2.14104403e+00 6.16765404e-02 6.52218910e-03 1.11270174e-03 3.01690516e-04 4.30487555e+03 4.74123110e+01
1.01460479e-02 2.14082277e+00 6.16716175e-02 6.50607247e-03 1.10356221e-03 3.01819315e-04 4.31953806e+03 4.74074111e+01
1.01807447e-02 2.14059969e+00 6.16666983e-02 6.49012844e-03 1.09449644e-03 3.01954403e-04 4.33430973e+03 4.74024713e+01
1.02157016e-02 2.14037478e+00 6.16617832e-02 6.47435818e-03 1.08550456e-03 3.02095858e-04 4.34919216e+03 4.73974908e+01
1.02509227e-02 2.14014801e+00 6.16568754e-02 6.45876279e-03 1.07658620e-03 3.02243801e-04 4.36418703e+03 4.73924691e+01
1.02864126e-02 2.13991934e+00 6.16519751e-02 6.44334305e-03 1.06774037e-03 3.02398320e-04 4.37929634e+03 4.73874052e+01
1.03221750e-02 2.13968872e+00 6.16470752e-02 6.42810053e-03 1.05896553e-03 3.02559403e-04 4.39452171e+03 4.73822983e+01
1.03582134e-02 2.13945616e+00 6.16421713e-02 6.41303805e-03 1.05026030e-03 3.02727069e-04 4.40986455e+03 4.73771483e+01
1.03945338e-02 2.13922163e+00 6.16372734e-02 6.39815864e-03 1.04162455e-03 3.02901555e-04 4.42532745e+03 4.73719549e+01
1.04311414e-02 2.13898507e+00 6.16323910e-02 6.38346510e-03 1.03305918e-03 3.03083082e-04 4.44091262e+03 4.73667163e+01
1.04680362e-02 2.13874637e+00 6.16275068e-02 6.36895931e-03 1.02456424e-03 3.03271460e-04 4.45662006e+03 4.73614305e+01
1.05052244e-02 2.13850557e+00 6.16225966e-02 6.35463952e-03 1.01613967e-03 3.03466463e-04 4.47245244e+03 4.73560981e+01
1.05427199e-02 2.13826280e+00 6.16176818e-02 6.34050528e-03 1.00778794e-03 3.03668574e-04 4.48841563e+03 4.73507220e+01
1.05805180e-02 2.13801794e+00 6.16128099e-02 6.32656598e-03 9.99508874e-04 3.03878471e-04 4.50450763e+03 4.73452998e+01
1.06186088e-02 2.13777059e+00 6.16079607e-02 6.31282800e-03 9.91293177e-04 3.04095825e-04 4.52072426e+03 4.73398223e+01
1.06570261e-02 2.13752071e+00 6.16030505e-02 6.29927756e-03 9.83136076e-04 3.04319820e-04 4.53707987e+03 4.73342888e+01
1.06957947e-02 2.13726899e+00 6.15980785e-02 6.28591124e-03 9.75053568e-04 3.04550775e-04 4.55358505e+03 4.73287147e+01
1.07348491e-02 2.13701573e+00 6.15931628e-02 6.27276455e-03 9.67056933e-04 3.04789838e-04 4.57021192e+03 4.73231064e+01
1.07741725e-02 2.13675963e+00 6.15883462e-02 6.25984832e-03 9.59116914e-04 3.05037415e-04 4.58695331e+03 4.73174352e+01
1.08139300e-02 2.13649944e+00 6.15834914e-02 6.24710154e-03 9.51202727e-04 3.05293067e-04 4.60387954e+03 4.73116734e+01
1.08541506e-02 2.13623682e+00 6.15784993e-02 6.23451401e-03 9.43357424e-04 3.05555912e-04 4.62100288e+03 4.73058579e+01
1.08944705e-02 2.13597490e+00 6.15734948e-02 6.22221248e-03 9.35657698e-04 3.05824666e-04 4.63816853e+03 4.73000578e+01
1.09348602e-02 2.13571194e+00 6.15686101e-02 6.21021978e-03 9.28053423e-04 3.06100658e-04 4.65536385e+03 4.72942347e+01
1.09766431e-02 2.13543792e+00 6.15636705e-02 6.19815489e-03 9.20288335e-04 3.06393002e-04 4.67315236e+03 4.72881666e+01
1.10221241e-02 2.13513922e+00 6.15582869e-02 6.18538904e-03 9.12010235e-04 3.06717533e-04 4.69251525e+03 4.72815520e+01
1.10730745e-02 2.13480582e+00 6.15522181e-02 6.17152539e-03 9.02961052e-04 3.07088494e-04 4.71420666e+03 4.72741691e+01
1.11301193e-02 2.13443274e+00 6.15454813e-02 6.15655361e-03 8.93040322e-04 3.07514093e-04 4.73849267e+03 4.72659074e+01
1.11935693e-02 2.13401628e+00 6.15381302e-02 6.14058299e-03 8.82214496e-04 3.08000778e-04 4.76550563e+03 4.72566850e+01
1.12641602e-02 2.13355138e+00 6.15300692e-02 6.12364791e-03 8.70425546e-04 3.08557538e-04 4.79555872e+03 4.72463901e+01
1.13428677e-02 2.13303236e+00 6.15211183e-02 6.10578681e-03 8.57580144e-04 3.09195398e-04 4.82906734e+03 4.72348967e+01
1.14305941e-02 2.13245376e+00 6.15111899e-02 6.08713072e-03 8.43630205e-04 3.09926964e-04 4.86641564e+03 4.72220839e+01
1.15282837e-02 2.13180903e+00 6.15003230e-02 6.06786383e-03 8.28689814e-04 3.10768030e-04 4.90800562e+03 4.72078066e+01
1.16370769e-02 2.13108880e+00 6.14885208e-02 6.04820386e-03 8.12950867e-04 3.11737615e-04 4.95432281e+03 4.71918577e+01
1.17582527e-02 2.13028181e+00 6.14756111e-02 6.02844025e-03 7.96380536e-04 3.12855775e-04 5.00591172e+03 4.71739872e+01
1.18931852e-02 2.12937805e+00 6.14613534e-02 6.00899583e-03 7.78764780e-04 3.14144789e-04 5.06335732e+03 4.71539739e+01
1.20434013e-02 2.12836975e+00 6.14456421e-02 5.99040093e-03 7.60065831e-04 3.15631639e-04 5.12730973e+03 4.71316456e+01
1.22106127e-02 2.12724684e+00 6.14284442e-02 5.97330144e-03 7.40493711e-04 3.17350286e-04 5.19849767e+03 4.71067794e+01
1.23967074e-02 2.12599470e+00 6.14096651e-02 5.95851451e-03 7.20126169e-04 3.19338232e-04 5.27772485e+03 4.70790515e+01
1.26037658e-02 2.12459601e+00 6.13891586e-02 5.94702721e-03 6.99058430e-04 3.21637796e-04 5.36587709e+03 4.70480783e+01
1.28340919e-02 2.12303163e+00 6.13667175e-02 5.93998480e-03 6.77399433e-04 3.24297398e-04 5.46393521e+03 4.70134358e+01
1.30902293e-02 2.12128048e+00 6.13420999e-02 5.93874326e-03 6.55240828e-04 3.27371673e-04 5.57298212e+03 4.69746576e+01
1.33749772e-02 2.11931938e+00 6.13150903e-02 5.94487265e-03 6.32654934e-04 3.30922876e-04 5.69420955e+03 4.69312301e+01
1.36914142e-02 2.11712309e+00 6.12855301e-02 5.96015574e-03 6.09722970e-04 3.35021875e-04 5.82892819e+03 4.68825944e+01
1.40429245e-02 2.11466415e+00 6.12532702e-02 5.98659727e-03 5.86527158e-04 3.39748855e-04 5.97857877e+03 4.68281423e+01
1.44332247e-02 2.11191185e+00 6.12180843e-02 6.02639544e-03 5.63158438e-04 3.45192547e-04 6.14474362e+03 4.67671942e+01
1.48663932e-02 2.10883039e+00 6.11796074e-02 6.08190392e-03 5.39688762e-04 3.51449148e-04 6.32915909e+03 4.66989568e+01
1.53468965e-02 2.10537698e+00 6.11373447e-02 6.15560874e-03 5.16167421e-04 3.58623229e-04 6.53372663e+03 4.66224828e+01
1.58796113e-02 2.10150120e+00 6.10907733e-02 6.25010081e-03 4.92630444e-04 3.66828992e-04 6.76052250e+03 4.65366557e+01
1.64698506e-02 2.09714543e+00 6.10394724e-02 6.36803861e-03 4.69121227e-04 3.76190913e-04 7.01180866e+03 4.64401996e+01
1.71233955e-02 2.09224541e+00 6.09831442e-02 6.51212153e-03 4.45707089e-04 3.86844141e-04 7.29004627e+03 4.63316912e+01
