VARIABLES="Y/c","U","Urms/utau","Vrms/utau","Wrms/utau","<uv>/utau^2","y+",u"+"
0.00000000e+00 0.00000000e+00 0.00000000e+00 0.00000000e+00 0.00000000e+00 0.00000000e+00 0.00000000e+00 0.00000000e+00
4.12738176e-06 3.34467906e-03 5.92003504e-01 1.01587993e-02 5.76966546e-01 -6.52304598e-04 3.67951188e-01 3.73233521e-01
8.41739385e-06 6.91396384e-03 1.16859480e+00 3.53360755e-02 1.11473417e+00 -5.07555807e-03 7.50400676e-01 7.71530012e-01
1.28763351e-05 1.06986710e-02 1.73027908e+00 7.45598667e-02 1.61475434e+00 -1.79227221e-02 1.14791000e+00 1.19386495e+00
1.75107395e-05 1.46779616e-02 2.27518806e+00 1.25435144e-01 2.07805945e+00 -4.36525605e-02 1.56106165e+00 1.63791328e+00
2.23273841e-05 1.88102635e-02 2.79830765e+00 1.85981774e-01 2.50548895e+00 -8.52980684e-02 1.99045981e+00 2.09903640e+00
2.73332976e-05 2.30405172e-02 3.29382056e+00 2.54316678e-01 2.89808770e+00 -1.43708335e-01 2.43673106e+00 2.57109037e+00
3.25357684e-05 2.73074078e-02 3.75688191e+00 3.28916470e-01 3.25750917e+00 -2.17801277e-01 2.90052516e+00 3.04723316e+00
3.79423538e-05 3.15499261e-02 4.18408726e+00 4.08392911e-01 3.58558449e+00 -3.04930539e-01 3.38251583e+00 3.52065659e+00
4.35608884e-05 3.57134969e-02 4.57392911e+00 4.91653174e-01 3.88440111e+00 -4.01790989e-01 3.88340153e+00 3.98527044e+00
4.93994939e-05 3.97533038e-02 4.92652765e+00 5.77741704e-01 4.15610836e+00 -5.04933363e-01 4.40390628e+00 4.43607336e+00
5.54665877e-05 4.36357467e-02 5.24327512e+00 6.65909714e-01 4.40285894e+00 -6.11301528e-01 4.94478050e+00 4.86931577e+00
6.17708931e-05 4.73382166e-02 5.52640800e+00 7.55528351e-01 4.62675267e+00 -7.18402674e-01 5.50680184e+00 5.28247452e+00
6.83214487e-05 5.08478830e-02 5.77863967e+00 8.46091502e-01 4.82980809e+00 -8.24391914e-01 6.09077611e+00 5.67411778e+00
7.51276187e-05 5.41599696e-02 6.00287680e+00 9.37192498e-01 5.01394082e+00 -9.28013493e-01 6.69753808e+00 6.04371250e+00
8.21991025e-05 5.72759025e-02 6.20202743e+00 1.02848817e+00 5.18093209e+00 -1.02848999e+00 7.32795247e+00 6.39141781e+00
8.95459458e-05 6.02015709e-02 6.37888526e+00 1.11971944e+00 5.33240038e+00 -1.12544392e+00 7.98291484e+00 6.71789091e+00
9.71785506e-05 6.29458276e-02 6.53606150e+00 1.21065232e+00 5.46978733e+00 -1.21877573e+00 8.66335251e+00 7.02411972e+00
1.05107686e-04 6.55192869e-02 6.67594452e+00 1.30111645e+00 5.59437294e+00 -1.30864333e+00 9.37022555e+00 7.31128872e+00
1.13344500e-04 6.79334382e-02 6.80068612e+00 1.39093756e+00 5.70730908e+00 -1.39536537e+00 1.01045277e+01 7.58068010e+00
1.21900529e-04 7.02000733e-02 6.91221847e+00 1.47998240e+00 5.80965748e+00 -1.47940337e+00 1.08672875e+01 7.83360976e+00
1.30787709e-04 7.23309482e-02 7.01227932e+00 1.56809895e+00 5.90241337e+00 -1.56125534e+00 1.16595691e+01 8.07138963e+00
1.40018388e-04 7.43375785e-02 7.10241805e+00 1.65516117e+00 5.98651399e+00 -1.64143868e+00 1.24824732e+01 8.29530480e+00
1.49605339e-04 7.62311341e-02 7.18398714e+00 1.74102463e+00 6.06284604e+00 -1.72040947e+00 1.33371385e+01 8.50660178e+00
1.59561766e-04 7.80224218e-02 7.25815233e+00 1.82556630e+00 6.13225911e+00 -1.79858195e+00 1.42247422e+01 8.70648652e+00
1.69901321e-04 7.97218370e-02 7.32592207e+00 1.90865709e+00 6.19555776e+00 -1.87634078e+00 1.51465012e+01 8.89611910e+00
1.80638113e-04 8.13392073e-02 7.38815684e+00 1.99019501e+00 6.25344933e+00 -1.95409719e+00 1.61036735e+01 9.07659619e+00
1.91786720e-04 8.28836394e-02 7.44555869e+00 2.07009240e+00 6.30648362e+00 -2.03223646e+00 1.70975586e+01 9.24893400e+00
2.03362200e-04 8.43634570e-02 7.49866979e+00 2.14829542e+00 6.35505660e+00 -2.11106354e+00 1.81294989e+01 9.41406136e+00
2.15380103e-04 8.57860691e-02 7.54792081e+00 2.22476660e+00 6.39950650e+00 -2.19072937e+00 1.92008807e+01 9.57280503e+00
2.27856483e-04 8.71577081e-02 7.59368194e+00 2.29948108e+00 6.44020448e+00 -2.27115704e+00 2.03131351e+01 9.72586045e+00
2.40807907e-04 8.84833785e-02 7.63624900e+00 2.37242246e+00 6.47754371e+00 -2.35203600e+00 2.14677392e+01 9.87378606e+00
2.54251468e-04 8.97673230e-02 7.67583401e+00 2.44359839e+00 6.51191471e+00 -2.43303871e+00 2.26662168e+01 1.00170553e+01
2.68204796e-04 9.10138024e-02 7.71262613e+00 2.51304881e+00 6.54372394e+00 -2.51411793e+00 2.39101394e+01 1.01561435e+01
2.82686066e-04 9.22276264e-02 7.74689703e+00 2.58084358e+00 6.57338639e+00 -2.59560303e+00 2.52011275e+01 1.02915875e+01
2.97714012e-04 9.34139391e-02 7.77905337e+00 2.64708514e+00 6.60129522e+00 -2.67814056e+00 2.65408510e+01 1.04239611e+01
3.13307930e-04 9.45774087e-02 7.80957000e+00 2.71190401e+00 6.62778366e+00 -2.76254896e+00 2.79310303e+01 1.05537854e+01
3.29487697e-04 9.57216912e-02 7.83885206e+00 2.77543622e+00 6.65305309e+00 -2.84947419e+00 2.93734373e+01 1.06814684e+01
3.46273770e-04 9.68494807e-02 7.86711999e+00 2.83779221e+00 6.67708734e+00 -2.93922144e+00 3.08698958e+01 1.08073109e+01
3.63687200e-04 9.79624349e-02 7.89444253e+00 2.89906516e+00 6.69961997e+00 -3.03208887e+00 3.24222825e+01 1.09314978e+01
3.81749639e-04 9.90610481e-02 7.92081594e+00 2.95935211e+00 6.72022554e+00 -3.12834352e+00 3.40325274e+01 1.10540844e+01
4.00483341e-04 1.00145507e-01 7.94617200e+00 3.01875502e+00 6.73862569e+00 -3.22776403e+00 3.57026148e+01 1.11750916e+01
4.19911177e-04 1.01217155e-01 7.97039482e+00 3.07735609e+00 6.75503670e+00 -3.32997634e+00 3.74345833e+01 1.12946694e+01
4.40056632e-04 1.02278938e-01 7.99334637e+00 3.13520390e+00 6.77003936e+00 -3.43517579e+00 3.92305267e+01 1.14131467e+01
4.60943810e-04 1.03334207e-01 8.01504485e+00 3.19231378e+00 6.78408858e+00 -3.54400312e+00 4.10925939e+01 1.15308973e+01
4.82597440e-04 1.04384809e-01 8.03585749e+00 3.24867447e+00 6.79724833e+00 -3.65700162e+00 4.30229893e+01 1.16481270e+01
5.05042872e-04 1.05430504e-01 8.05626832e+00 3.30426054e+00 6.80934469e+00 -3.77401320e+00 4.50239729e+01 1.17648091e+01
5.28306078e-04 1.06470940e-01 8.07642820e+00 3.35904670e+00 6.82030055e+00 -3.89382986e+00 4.70978602e+01 1.18809043e+01
5.52413654e-04 1.07507708e-01 8.09615275e+00 3.41304408e+00 6.83001888e+00 -4.01505887e+00 4.92470219e+01 1.19965900e+01
5.77392808e-04 1.08543749e-01 8.11522250e+00 3.46632285e+00 6.83820697e+00 -4.13719634e+00 5.14738839e+01 1.21121944e+01
6.03271364e-04 1.09582160e-01 8.13361031e+00 3.51894998e+00 6.84469728e+00 -4.26027246e+00 5.37809264e+01 1.22280633e+01
6.30077745e-04 1.10626676e-01 8.15169712e+00 3.57092851e+00 6.84981086e+00 -4.38445722e+00 5.61706835e+01 1.23446138e+01
6.57840971e-04 1.11681733e-01 8.16978662e+00 3.62221231e+00 6.85411315e+00 -4.50999894e+00 5.86457422e+01 1.24623406e+01
6.86590641e-04 1.12750714e-01 8.18782056e+00 3.67272094e+00 6.85793299e+00 -4.63638586e+00 6.12087411e+01 1.25816214e+01
7.16356920e-04 1.13834741e-01 8.20588603e+00 3.72232808e+00 6.86139215e+00 -4.76275743e+00 6.38623696e+01 1.27025811e+01
7.47170522e-04 1.14933341e-01 8.22416776e+00 3.77090362e+00 6.86465137e+00 -4.88958982e+00 6.66093657e+01 1.28251668e+01
7.79062693e-04 1.16045421e-01 8.24264165e+00 3.81841350e+00 6.86813071e+00 -5.01879459e+00 6.94525149e+01 1.29492568e+01
8.12065183e-04 1.17170221e-01 8.26079922e+00 3.86499122e+00 6.87244654e+00 -5.15183693e+00 7.23946477e+01 1.30747662e+01
8.46210230e-04 1.18309635e-01 8.27791458e+00 3.91095277e+00 6.87744336e+00 -5.28725736e+00 7.54386382e+01 1.32019067e+01
8.81530521e-04 1.19469932e-01 8.29390003e+00 3.95674657e+00 6.88176424e+00 -5.42212362e+00 7.85874002e+01 1.33313776e+01
9.18059162e-04 1.20658238e-01 8.30939366e+00 4.00273904e+00 6.88484588e+00 -5.55641053e+00 8.18438852e+01 1.34639740e+01
9.55829636e-04 1.21875432e-01 8.32513744e+00 4.04904840e+00 6.88820035e+00 -5.69285947e+00 8.52110781e+01 1.35997936e+01
9.94875766e-04 1.23114914e-01 8.34136333e+00 4.09571039e+00 6.89381778e+00 -5.83451130e+00 8.86919943e+01 1.37381002e+01
1.03523167e-03 1.24371585e-01 8.35821571e+00 4.14282379e+00 6.90254219e+00 -5.98263925e+00 9.22896753e+01 1.38783250e+01
1.07693171e-03 1.25649825e-01 8.37656470e+00 4.19054093e+00 6.91358389e+00 -6.13669721e+00 9.60071841e+01 1.40209566e+01
1.12001043e-03 1.26957370e-01 8.39770257e+00 4.23909504e+00 6.92430797e+00 -6.29814465e+00 9.98476009e+01 1.41668580e+01
1.16450251e-03 1.28292703e-01 8.42104177e+00 4.28853126e+00 6.93182836e+00 -6.47146032e+00 1.03814017e+02 1.43158604e+01
1.21044271e-03 1.29646536e-01 8.44369774e+00 4.33853502e+00 6.93556423e+00 -6.65880306e+00 1.07909531e+02 1.44669273e+01
1.25786576e-03 1.31017721e-01 8.46428421e+00 4.38855729e+00 6.93801438e+00 -6.85691063e+00 1.12137240e+02 1.46199304e+01
1.30680630e-03 1.32419007e-01 8.48453359e+00 4.43796940e+00 6.94266453e+00 -7.06045908e+00 1.16500232e+02 1.47762919e+01
1.35729882e-03 1.33860884e-01 8.50670712e+00 4.48648835e+00 6.95080874e+00 -7.26903129e+00 1.21001580e+02 1.49371817e+01
1.40937752e-03 1.35335952e-01 8.53146479e+00 4.53422553e+00 6.96139622e+00 -7.48688276e+00 1.25644334e+02 1.51017739e+01
1.46307629e-03 1.36826247e-01 8.55846029e+00 4.58162935e+00 6.97300524e+00 -7.71376864e+00 1.30431516e+02 1.52680641e+01
1.51842859e-03 1.38321224e-01 8.58776591e+00 4.62962203e+00 6.98438472e+00 -7.94919967e+00 1.35366107e+02 1.54348763e+01
1.57546732e-03 1.39821695e-01 8.62024266e+00 4.67870101e+00 6.99345335e+00 -8.19628380e+00 1.40451042e+02 1.56023018e+01
1.63422477e-03 1.41327925e-01 8.65652239e+00 4.72850192e+00 6.99862052e+00 -8.45139271e+00 1.45689199e+02 1.57703706e+01
1.69473244e-03 1.42829549e-01 8.69511979e+00 4.77897624e+00 7.00068377e+00 -8.70803612e+00 1.51083387e+02 1.59379267e+01
1.75702099e-03 1.44313033e-01 8.73282348e+00 4.83026338e+00 7.00234372e+00 -8.96502158e+00 1.56636336e+02 1.61034597e+01
1.82112008e-03 1.45781823e-01 8.76681574e+00 4.88155965e+00 7.00731213e+00 -9.22283289e+00 1.62350695e+02 1.62673540e+01
1.88705827e-03 1.47262876e-01 8.79687479e+00 4.93173203e+00 7.01955426e+00 -9.47974024e+00 1.68229006e+02 1.64326177e+01
1.95486277e-03 1.48786427e-01 8.82560855e+00 4.98056904e+00 7.03891105e+00 -9.72862691e+00 1.74273697e+02 1.66026248e+01
2.02455959e-03 1.50362292e-01 8.85409314e+00 5.02866489e+00 7.06105115e+00 -9.96564270e+00 1.80487086e+02 1.67784704e+01
2.09617313e-03 1.51978399e-01 8.88143308e+00 5.07681417e+00 7.08357005e+00 -1.02050560e+01 1.86871348e+02 1.69588070e+01
2.16972585e-03 1.53615408e-01 8.90876900e+00 5.12550647e+00 7.10646584e+00 -1.04648622e+01 1.93428485e+02 1.71414755e+01
2.24523878e-03 1.55258841e-01 8.93770937e+00 5.17453146e+00 7.13250240e+00 -1.07324118e+01 2.00160374e+02 1.73248595e+01
2.32273127e-03 1.56903601e-01 8.96793210e+00 5.22387044e+00 7.16320450e+00 -1.09751828e+01 2.07068737e+02 1.75083891e+01
2.40221932e-03 1.58555015e-01 8.99888557e+00 5.27471117e+00 7.19250765e+00 -1.11822671e+01 2.14155003e+02 1.76926589e+01
2.48371710e-03 1.60231327e-01 9.02973957e+00 5.32780218e+00 7.21424577e+00 -1.13673388e+01 2.21420433e+02 1.78797062e+01
2.56723862e-03 1.61965262e-01 9.05942068e+00 5.38251988e+00 7.22996488e+00 -1.15459223e+01 2.28866278e+02 1.80731847e+01
2.65279261e-03 1.63791168e-01 9.08985406e+00 5.43772737e+00 7.24642542e+00 -1.17328427e+01 2.36493314e+02 1.82769273e+01
2.74038181e-03 1.65718135e-01 9.12446107e+00 5.49153983e+00 7.27065098e+00 -1.19395361e+01 2.44301788e+02 1.84919475e+01
2.83001421e-03 1.67717391e-01 9.16394728e+00 5.54222427e+00 7.30237058e+00 -1.21688056e+01 2.52292409e+02 1.87150350e+01
2.92169691e-03 1.69743718e-01 9.20647243e+00 5.58956034e+00 7.33436462e+00 -1.24155659e+01 2.60465814e+02 1.89411447e+01
3.01541505e-03 1.71771195e-01 9.25201692e+00 5.63495543e+00 7.36343306e+00 -1.26620704e+01 2.68820675e+02 1.91673831e+01
3.11115449e-03 1.73806083e-01 9.30219589e+00 5.68009415e+00 7.39086929e+00 -1.28949116e+01 2.77355732e+02 1.93944482e+01
3.20893657e-03 1.75868483e-01 9.35579753e+00 5.72475956e+00 7.42037838e+00 -1.31266029e+01 2.86072889e+02 1.96245830e+01
3.30875768e-03 1.77970487e-01 9.41163420e+00 5.76702937e+00 7.45731013e+00 -1.33847777e+01 2.94971822e+02 1.98591374e+01
3.41053255e-03 1.80115569e-01 9.47087283e+00 5.80681861e+00 7.49975039e+00 -1.36897002e+01 3.04044931e+02 2.00985001e+01
3.51423180e-03 1.82319293e-01 9.53201214e+00 5.84773990e+00 7.53918631e+00 -1.40435954e+01 3.13289596e+02 2.03444079e+01
3.61998950e-03 1.84626100e-01 9.59133679e+00 5.89336796e+00 7.57135897e+00 -1.44315209e+01 3.22717770e+02 2.06018185e+01
3.72779657e-03 1.87083490e-01 9.64993288e+00 5.94335546e+00 7.60442976e+00 -1.48285917e+01 3.32328642e+02 2.08760320e+01
3.83709607e-03 1.89680037e-01 9.70615723e+00 5.99556179e+00 7.63851831e+00 -1.52289860e+01 3.42072563e+02 2.11657741e+01
3.94699215e-03 1.92324013e-01 9.76401803e+00 6.04622599e+00 7.67004471e+00 -1.56277334e+01 3.51869668e+02 2.14608086e+01
4.05691894e-03 1.94910983e-01 9.83142701e+00 6.09105069e+00 7.70308501e+00 -1.60021311e+01 3.61669511e+02 2.17494811e+01
4.16687220e-03 1.97407377e-01 9.88629060e+00 6.13331796e+00 7.71562989e+00 -1.63509354e+01 3.71471713e+02 2.20280463e+01
4.27701072e-03 1.99847228e-01 9.94821027e+00 6.17500050e+00 7.73559391e+00 -1.66871779e+01 3.81290432e+02 2.23003021e+01
4.38733132e-03 2.02268924e-01 1.00171113e+01 6.21746868e+00 7.76691283e+00 -1.70415402e+01 3.91125382e+02 2.25705352e+01
4.49776359e-03 2.04680865e-01 1.00699687e+01 6.25967311e+00 7.78356456e+00 -1.74218419e+01 4.00970289e+02 2.28396801e+01
4.60831298e-03 2.07073044e-01 1.01270988e+01 6.29528708e+00 7.80057550e+00 -1.77840300e+01 4.10825636e+02 2.31066193e+01
4.71900987e-03 2.09442962e-01 1.01852869e+01 6.32408892e+00 7.81006419e+00 -1.80962104e+01 4.20694132e+02 2.33710730e+01
4.82984628e-03 2.11789589e-01 1.02415900e+01 6.34846514e+00 7.81565326e+00 -1.83730145e+01 4.30575067e+02 2.36329271e+01
4.94080846e-03 2.14096948e-01 1.02963020e+01 6.37146992e+00 7.82317488e+00 -1.86478165e+01 4.40467213e+02 2.38904014e+01
5.05190143e-03 2.16347951e-01 1.03463165e+01 6.39661279e+00 7.83023130e+00 -1.89254181e+01 4.50371020e+02 2.41415890e+01
5.16312885e-03 2.18557318e-01 1.03940390e+01 6.42547955e+00 7.84068446e+00 -1.91951701e+01 4.60286812e+02 2.43881312e+01
5.27448606e-03 2.20775088e-01 1.04420959e+01 6.45714366e+00 7.85721987e+00 -1.94693974e+01 4.70214176e+02 2.46356103e+01
5.38597133e-03 2.23051534e-01 1.04896172e+01 6.48953177e+00 7.88059028e+00 -1.97490700e+01 4.80152955e+02 2.48896357e+01
5.49758578e-03 2.25399324e-01 1.05364107e+01 6.52046295e+00 7.91322391e+00 -2.00132579e+01 4.90103251e+02 2.51516231e+01
5.60932832e-03 2.27781088e-01 1.05840048e+01 6.54815134e+00 7.94985654e+00 -2.02586637e+01 5.00064965e+02 2.54174039e+01
5.72119730e-03 2.30133704e-01 1.06348633e+01 6.57127266e+00 7.98243079e+00 -2.04901742e+01 5.10037953e+02 2.56799340e+01
5.83319229e-03 2.32416801e-01 1.06895958e+01 6.59150387e+00 8.00741309e+00 -2.07059378e+01 5.20022173e+02 2.59347078e+01
5.94531261e-03 2.34637105e-01 1.07437191e+01 6.61265212e+00 8.02506643e+00 -2.09161430e+01 5.30017566e+02 2.61824733e+01
6.05755714e-03 2.36824173e-01 1.07927071e+01 6.63552584e+00 8.04491054e+00 -2.11197186e+01 5.40024033e+02 2.64265275e+01
6.16992506e-03 2.38997900e-01 1.08370396e+01 6.65988447e+00 8.07399335e+00 -2.12984833e+01 5.50041500e+02 2.66690930e+01
6.28241558e-03 2.41168280e-01 1.08791846e+01 6.68774614e+00 8.10231622e+00 -2.14585504e+01 5.60069896e+02 2.69112865e+01
6.39502778e-03 2.43355107e-01 1.09214974e+01 6.71922605e+00 8.12481343e+00 -2.16330510e+01 5.70109140e+02 2.71553167e+01
6.50776077e-03 2.45593369e-01 1.09640073e+01 6.75128482e+00 8.15446187e+00 -2.18555739e+01 5.80159152e+02 2.74050850e+01
6.62061369e-03 2.47912858e-01 1.10018857e+01 6.78218841e+00 8.19645738e+00 -2.21333207e+01 5.90219856e+02 2.76639132e+01
6.73358565e-03 2.50310054e-01 1.10329371e+01 6.81174967e+00 8.24321083e+00 -2.24313825e+01 6.00291173e+02 2.79314090e+01
6.84667575e-03 2.52739228e-01 1.10601871e+01 6.84000258e+00 8.29014148e+00 -2.27014564e+01 6.10373021e+02 2.82024719e+01
6.95988311e-03 2.55135201e-01 1.10889182e+01 6.86674143e+00 8.33593367e+00 -2.29311157e+01 6.20465323e+02 2.84698303e+01
7.07320684e-03 2.57451109e-01 1.11237171e+01 6.89127146e+00 8.38151239e+00 -2.31464375e+01 6.30567999e+02 2.87282575e+01
7.18664602e-03 2.59680298e-01 1.11643514e+01 6.91310834e+00 8.42676939e+00 -2.33823845e+01 6.40680967e+02 2.89770112e+01
7.30019976e-03 2.61854272e-01 1.12066920e+01 6.93318876e+00 8.46435909e+00 -2.36346573e+01 6.50804148e+02 2.92196058e+01
7.41386714e-03 2.64026690e-01 1.12460931e+01 6.95320842e+00 8.49241226e+00 -2.38706548e+01 6.60937461e+02 2.94620264e+01
7.52764726e-03 2.66245569e-01 1.12811994e+01 6.97435170e+00 8.51631448e+00 -2.40727528e+01 6.71080824e+02 2.97096283e+01
7.64153920e-03 2.68526304e-01 1.13138748e+01 6.99812138e+00 8.53902950e+00 -2.42451958e+01 6.81234155e+02 2.99641297e+01
7.75554204e-03 2.70849994e-01 1.13459408e+01 7.02513431e+00 8.56194421e+00 -2.44080834e+01 6.91397373e+02 3.02234228e+01
7.86965485e-03 2.73189474e-01 1.13798164e+01 7.05275527e+00 8.58663690e+00 -2.45858419e+01 7.01570394e+02 3.04844790e+01
7.98387671e-03 2.75540334e-01 1.14183675e+01 7.07952929e+00 8.61208629e+00 -2.47828102e+01 7.11753137e+02 3.07468077e+01
8.09820668e-03 2.77928834e-01 1.14600709e+01 7.10739728e+00 8.63327702e+00 -2.50040465e+01 7.21945519e+02 3.10133383e+01
8.21264384e-03 2.80389630e-01 1.14969055e+01 7.13708095e+00 8.64764023e+00 -2.52616203e+01 7.32147456e+02 3.12879367e+01
8.32718724e-03 2.82934507e-01 1.15243919e+01 7.16782151e+00 8.66003364e+00 -2.55231082e+01 7.42358864e+02 3.15719161e+01
8.44183594e-03 2.85539587e-01 1.15496486e+01 7.19817428e+00 8.67649721e+00 -2.57691300e+01 7.52579660e+02 3.18626122e+01
8.55658900e-03 2.88169645e-01 1.15805361e+01 7.22626969e+00 8.69392910e+00 -2.59955604e+01 7.62809759e+02 3.21560978e+01
8.67144547e-03 2.90815490e-01 1.16131885e+01 7.25222418e+00 8.70659698e+00 -2.61801866e+01 7.73049077e+02 3.24513499e+01
8.78640440e-03 2.93488028e-01 1.16411176e+01 7.27792776e+00 8.71589746e+00 -2.63238958e+01 7.83297529e+02 3.27495814e+01
8.90146482e-03 2.96178336e-01 1.16653895e+01 7.30428580e+00 8.72478094e+00 -2.64406298e+01 7.93555029e+02 3.30497911e+01
9.01662578e-03 2.98849570e-01 1.16882297e+01 7.32927971e+00 8.73530345e+00 -2.65378510e+01 8.03821492e+02 3.33478682e+01
9.13188631e-03 3.01469304e-01 1.17116510e+01 7.34893560e+00 8.75221175e+00 -2.66356610e+01 8.14096832e+02 3.36401965e+01
9.24724546e-03 3.04037900e-01 1.17400526e+01 7.36222419e+00 8.77579073e+00 -2.67491654e+01 8.24380962e+02 3.39268199e+01
9.36270223e-03 3.06590676e-01 1.17762978e+01 7.37307997e+00 8.79911816e+00 -2.68692255e+01 8.34673797e+02 3.42116797e+01
9.47825568e-03 3.09180583e-01 1.18164900e+01 7.38621231e+00 8.82014002e+00 -2.70025838e+01 8.44975250e+02 3.45006829e+01
9.59390480e-03 3.11855451e-01 1.18496139e+01 7.40211977e+00 8.84365720e+00 -2.71616680e+01 8.55285232e+02 3.47991638e+01
9.70964864e-03 3.14641325e-01 1.18687795e+01 7.41946775e+00 8.87254510e+00 -2.73421465e+01 8.65603658e+02 3.51100262e+01
9.82548619e-03 3.17537339e-01 1.18774491e+01 7.43902564e+00 8.90476578e+00 -2.75422018e+01 8.75930438e+02 3.54331764e+01
9.94141648e-03 3.20524919e-01 1.18849429e+01 7.46266100e+00 8.93696456e+00 -2.77470928e+01 8.86265486e+02 3.57665458e+01
1.00574385e-02 3.23582764e-01 1.18988241e+01 7.49080137e+00 8.96799586e+00 -2.79457897e+01 8.96608712e+02 3.61077586e+01
1.01735513e-02 3.26690323e-01 1.19207361e+01 7.52128192e+00 8.99813603e+00 -2.81599039e+01 9.06960029e+02 3.64545210e+01
1.02897538e-02 3.29823327e-01 1.19506501e+01 7.55117966e+00 9.02665351e+00 -2.84005201e+01 9.17319346e+02 3.68041245e+01
1.04060451e-02 3.32956601e-01 1.19842998e+01 7.57868429e+00 9.05462099e+00 -2.86438516e+01 9.27686576e+02 3.71537607e+01
1.05224241e-02 3.36067434e-01 1.20151953e+01 7.60301605e+00 9.08661332e+00 -2.88636426e+01 9.38061628e+02 3.75008942e+01
1.06388899e-02 3.39132143e-01 1.20445885e+01 7.62518623e+00 9.12055780e+00 -2.90644618e+01 9.48444413e+02 3.78428802e+01
1.07554414e-02 3.42130959e-01 1.20764855e+01 7.64651117e+00 9.15161012e+00 -2.92568568e+01 9.58834840e+02 3.81775141e+01
1.08720776e-02 3.45068729e-01 1.21122892e+01 7.66735456e+00 9.18012332e+00 -2.94371662e+01 9.69232820e+02 3.85053382e+01
1.09887975e-02 3.47985252e-01 1.21517654e+01 7.68991657e+00 9.20627934e+00 -2.96069160e+01 9.79638262e+02 3.88307906e+01
1.11056001e-02 3.50921654e-01 1.21922565e+01 7.71689017e+00 9.22732499e+00 -2.97724929e+01 9.90051074e+02 3.91584552e+01
1.12224843e-02 3.53867650e-01 1.22317227e+01 7.74694406e+00 9.24364367e+00 -2.99399709e+01 1.00047117e+03 3.94871832e+01
1.13394492e-02 3.56766761e-01 1.22689372e+01 7.77453250e+00 9.26197006e+00 -3.01119398e+01 1.01089845e+03 3.98106760e+01
1.14564937e-02 3.59586491e-01 1.23012855e+01 7.79540477e+00 9.28674809e+00 -3.02795954e+01 1.02133282e+03 4.01253121e+01
1.15736168e-02 3.62360354e-01 1.23290317e+01 7.81111842e+00 9.31320270e+00 -3.04364592e+01 1.03177421e+03 4.04348332e+01
1.16908174e-02 3.65151825e-01 1.23552506e+01 7.82465830e+00 9.33626408e+00 -3.05806945e+01 1.04222250e+03 4.07463233e+01
1.18080945e-02 3.67999242e-01 1.23807911e+01 7.83746731e+00 9.35570718e+00 -3.07270907e+01 1.05267761e+03 4.10640604e+01
1.19254470e-02 3.70899437e-01 1.24058915e+01 7.85176332e+00 9.37515247e+00 -3.08897950e+01 1.06313945e+03 4.13876900e+01
1.20428740e-02 3.73822554e-01 1.24310932e+01 7.86714457e+00 9.40055862e+00 -3.10625532e+01 1.07360793e+03 4.17138808e+01
1.21603744e-02 3.76744225e-01 1.24546209e+01 7.87952436e+00 9.43478509e+00 -3.12402781e+01 1.08408295e+03 4.20399142e+01
1.22779470e-02 3.79679471e-01 1.24744427e+01 7.88884628e+00 9.47269583e+00 -3.14219782e+01 1.09456441e+03 4.23674655e+01
1.23955910e-02 3.82670768e-01 1.24916658e+01 7.89941996e+00 9.51068362e+00 -3.16227965e+01 1.10505223e+03 4.27012737e+01
1.25133052e-02 3.85730717e-01 1.25102781e+01 7.91236998e+00 9.55044732e+00 -3.18368600e+01 1.11554631e+03 4.30427429e+01
1.26310885e-02 3.88817763e-01 1.25342649e+01 7.92547122e+00 9.58808764e+00 -3.20341848e+01 1.12604656e+03 4.33872356e+01
1.27489400e-02 3.91878334e-01 1.25640247e+01 7.93772854e+00 9.61474905e+00 -3.22102133e+01 1.13655287e+03 4.37287721e+01
1.28668585e-02 3.94895212e-01 1.25987246e+01 7.94866061e+00 9.63160554e+00 -3.23600723e+01 1.14706517e+03 4.40654276e+01
1.29848430e-02 3.97891644e-01 1.26386747e+01 7.95679192e+00 9.64815601e+00 -3.24902215e+01 1.15758335e+03 4.43997972e+01
1.31028924e-02 4.00909700e-01 1.26825330e+01 7.96310044e+00 9.66672929e+00 -3.26187468e+01 1.16810731e+03 4.47365790e+01
1.32210056e-02 4.03985472e-01 1.27288091e+01 7.97150327e+00 9.68365552e+00 -3.27242037e+01 1.17863697e+03 4.50798006e+01
1.33391816e-02 4.07117299e-01 1.27733315e+01 7.98387212e+00 9.69939746e+00 -3.28084168e+01 1.18917222e+03 4.54292774e+01
1.34574194e-02 4.10256381e-01 1.28090571e+01 7.99769074e+00 9.71519468e+00 -3.29093220e+01 1.19971297e+03 4.57795668e+01
1.35757178e-02 4.13353571e-01 1.28358357e+01 8.00911928e+00 9.73069360e+00 -3.30095481e+01 1.21025913e+03 4.61251831e+01
1.36940757e-02 4.16409986e-01 1.28593607e+01 8.01625148e+00 9.74563906e+00 -3.30873050e+01 1.22081060e+03 4.64662446e+01
1.38124921e-02 4.19461718e-01 1.28842397e+01 8.01970639e+00 9.75794754e+00 -3.31576360e+01 1.23136728e+03 4.68067776e+01
1.39309659e-02 4.22527025e-01 1.29100166e+01 8.02060836e+00 9.76587495e+00 -3.32123595e+01 1.24192908e+03 4.71488252e+01
1.40494960e-02 4.25583599e-01 1.29306417e+01 8.01926920e+00 9.76837171e+00 -3.32310093e+01 1.25249590e+03 4.74899006e+01
1.41680813e-02 4.28595071e-01 1.29424771e+01 8.01689912e+00 9.76698809e+00 -3.32366984e+01 1.26306764e+03 4.78259417e+01
1.42867207e-02 4.31566303e-01 1.29462591e+01 8.01515012e+00 9.77052038e+00 -3.32634137e+01 1.27364421e+03 4.81574879e+01
1.44054132e-02 4.34569231e-01 1.29436683e+01 8.01592393e+00 9.78184854e+00 -3.33400281e+01 1.28422550e+03 4.84925679e+01
1.45241577e-02 4.37687657e-01 1.29386702e+01 8.02011798e+00 9.79548112e+00 -3.34713470e+01 1.29481143e+03 4.88405387e+01
1.46429530e-02 4.40934097e-01 1.29364063e+01 8.02565222e+00 9.80941891e+00 -3.36227534e+01 1.30540189e+03 4.92027998e+01
1.47617981e-02 4.44243893e-01 1.29373855e+01 8.03060777e+00 9.82480067e+00 -3.37640377e+01 1.31599679e+03 4.95721351e+01
1.48806918e-02 4.47544754e-01 1.29398383e+01 8.03579208e+00 9.84095753e+00 -3.38913365e+01 1.32659602e+03 4.99404730e+01
1.49996331e-02 4.50802784e-01 1.29406343e+01 8.04142921e+00 9.85486855e+00 -3.40291408e+01 1.33719950e+03 5.03040279e+01
1.51186209e-02 4.54009142e-01 1.29373588e+01 8.04661065e+00 9.86685877e+00 -3.41912036e+01 1.34780712e+03 5.06618167e+01
1.52376540e-02 4.57160516e-01 1.29338743e+01 8.05108783e+00 9.87971351e+00 -3.43619964e+01 1.35841878e+03 5.10134745e+01
1.53567314e-02 4.60261600e-01 1.29339149e+01 8.05418207e+00 9.89279275e+00 -3.45502562e+01 1.36903438e+03 5.13595276e+01
1.54758519e-02 4.63325438e-01 1.29374269e+01 8.05640673e+00 9.90156280e+00 -3.47855600e+01 1.37965384e+03 5.17014321e+01
1.55950144e-02 4.66360004e-01 1.29460729e+01 8.05930294e+00 9.90576610e+00 -3.50617535e+01 1.39027704e+03 5.20400755e+01
1.57142179e-02 4.69365883e-01 1.29585101e+01 8.06377177e+00 9.90994192e+00 -3.53339509e+01 1.40090389e+03 5.23755179e+01
1.58334612e-02 4.72360662e-01 1.29705142e+01 8.06933819e+00 9.92102880e+00 -3.55664597e+01 1.41153429e+03 5.27097158e+01
1.59527432e-02 4.75395552e-01 1.29792170e+01 8.07418721e+00 9.93910941e+00 -3.57443453e+01 1.42216814e+03 5.30483826e+01
1.60720628e-02 4.78522989e-01 1.29828647e+01 8.07511695e+00 9.95784499e+00 -3.58790500e+01 1.43280534e+03 5.33973712e+01
1.61914189e-02 4.81744062e-01 1.29983413e+01 8.06784679e+00 9.98788658e+00 -3.59972289e+01 1.44344579e+03 5.37568055e+01
1.63108104e-02 4.85012585e-01 1.30012025e+01 8.05951914e+00 9.98971354e+00 -3.61349543e+01 1.45408939e+03 5.41215353e+01
1.64302360e-02 4.88297387e-01 1.30111689e+01 8.05688815e+00 9.98859025e+00 -3.62741997e+01 1.46473605e+03 5.44880836e+01
1.65496948e-02 4.91599998e-01 1.30428804e+01 8.06022348e+00 1.00114629e+01 -3.63623218e+01 1.47538566e+03 5.48566211e+01
1.66691856e-02 4.94946858e-01 1.30607760e+01 8.06711878e+00 1.00219413e+01 -3.64135668e+01 1.48603812e+03 5.52300922e+01
1.67887073e-02 4.98367478e-01 1.30756060e+01 8.07253009e+00 1.00329922e+01 -3.64765454e+01 1.49669334e+03 5.56117961e+01
1.69082587e-02 5.01845564e-01 1.30897323e+01 8.07926035e+00 1.00414971e+01 -3.65820071e+01 1.50735121e+03 5.59999161e+01
1.70278388e-02 5.05328587e-01 1.31064640e+01 8.08993474e+00 1.00440583e+01 -3.67328977e+01 1.51801163e+03 5.63885879e+01
1.71474463e-02 5.08776386e-01 1.31274025e+01 8.10309394e+00 1.00473350e+01 -3.69190873e+01 1.52867450e+03 5.67733299e+01
1.72670803e-02 5.12180775e-01 1.31468347e+01 8.11531201e+00 1.00512736e+01 -3.71212775e+01 1.53933972e+03 5.71532281e+01
1.73867395e-02 5.15550570e-01 1.31639422e+01 8.12410751e+00 1.00533448e+01 -3.73171487e+01 1.55000720e+03 5.75292645e+01
1.75064228e-02 5.18899039e-01 1.31769098e+01 8.12999298e+00 1.00513023e+01 -3.74766295e+01 1.56067682e+03 5.79029181e+01
1.76261291e-02 5.22234820e-01 1.31821090e+01 8.13408313e+00 1.00465854e+01 -3.75768906e+01 1.57134850e+03 5.82751515e+01
1.77458572e-02 5.25541455e-01 1.31788423e+01 8.13746739e+00 1.00432156e+01 -3.76213459e+01 1.58202212e+03 5.86441285e+01
1.78656061e-02 5.28774692e-01 1.31704243e+01 8.14095873e+00 1.00387520e+01 -3.76301115e+01 1.59269759e+03 5.90049165e+01
1.79853746e-02 5.31906127e-01 1.31617618e+01 8.14472665e+00 1.00273210e+01 -3.76116084e+01 1.60337481e+03 5.93543497e+01
1.81051616e-02 5.34970064e-01 1.31573811e+01 8.14766727e+00 1.00129811e+01 -3.75674301e+01 1.61405368e+03 5.96962550e+01
1.82249658e-02 5.38045818e-01 1.31572075e+01 8.14936849e+00 1.00017305e+01 -3.75342969e+01 1.62473408e+03 6.00394789e+01
1.83447863e-02 5.41186090e-01 1.31588243e+01 8.14962534e+00 9.99329603e+00 -3.75437728e+01 1.63541594e+03 6.03899017e+01
1.84646219e-02 5.44377957e-01 1.31603715e+01 8.14667610e+00 9.98908501e+00 -3.75745556e+01 1.64609914e+03 6.07460841e+01
1.85844713e-02 5.47580012e-01 1.31585216e+01 8.14043372e+00 9.98969534e+00 -3.75865382e+01 1.65678357e+03 6.11034073e+01
1.87043336e-02 5.50779648e-01 1.31522612e+01 8.13307832e+00 9.99176814e+00 -3.75694325e+01 1.66746915e+03 6.14604622e+01
1.88242075e-02 5.54004272e-01 1.31448468e+01 8.12625663e+00 9.99191016e+00 -3.75210503e+01 1.67815577e+03 6.18203023e+01
1.89440920e-02 5.57285287e-01 1.31402877e+01 8.12070437e+00 9.98780869e+00 -3.74378996e+01 1.68884333e+03 6.21864288e+01
1.90639858e-02 5.60615793e-01 1.31381186e+01 8.11732149e+00 9.97993334e+00 -3.73405135e+01 1.69953172e+03 6.25580726e+01
1.91838878e-02 5.63947082e-01 1.31341873e+01 8.11590101e+00 9.97354871e+00 -3.72450745e+01 1.71022084e+03 6.29298017e+01
1.93037970e-02 5.67232242e-01 1.31279479e+01 8.11483557e+00 9.97118949e+00 -3.71416669e+01 1.72091060e+03 6.32963845e+01
1.94237122e-02 5.70468517e-01 1.31184741e+01 8.11250392e+00 9.96951062e+00 -3.70409709e+01 1.73160090e+03 6.36575142e+01
1.95436321e-02 5.73692358e-01 1.31024725e+01 8.10853513e+00 9.96689981e+00 -3.69678146e+01 1.74229162e+03 6.40172562e+01
1.96635558e-02 5.76940227e-01 1.30821220e+01 8.10437769e+00 9.96120000e+00 -3.69171371e+01 1.75298267e+03 6.43796746e+01
1.97834820e-02 5.80220627e-01 1.30612356e+01 8.10161661e+00 9.94758900e+00 -3.68790492e+01 1.76367395e+03 6.47457175e+01
1.99034097e-02 5.83520745e-01 1.30383533e+01 8.10010382e+00 9.92627002e+00 -3.68466425e+01 1.77436536e+03 6.51139583e+01
2.00233376e-02 5.86826350e-01 1.30102738e+01 8.09821850e+00 9.90618470e+00 -3.68051160e+01 1.78505679e+03 6.54828125e+01
2.01432646e-02 5.90123353e-01 1.29803123e+01 8.09384656e+00 9.89498161e+00 -3.67543481e+01 1.79574814e+03 6.58507091e+01
2.02631897e-02 5.93390169e-01 1.29564445e+01 8.08668205e+00 9.88859230e+00 -3.66944227e+01 1.80643932e+03 6.62152338e+01
2.03831116e-02 5.96604245e-01 1.29403444e+01 8.07878971e+00 9.88017319e+00 -3.66240384e+01 1.81713022e+03 6.65738674e+01
2.05030292e-02 5.99755486e-01 1.29252050e+01 8.07108590e+00 9.86868257e+00 -3.65494633e+01 1.82782073e+03 6.69254898e+01
2.06229414e-02 6.02853613e-01 1.29053147e+01 8.06294467e+00 9.85641423e+00 -3.64780604e+01 1.83851076e+03 6.72711931e+01
2.07428471e-02 6.05927208e-01 1.28801408e+01 8.05477335e+00 9.84650623e+00 -3.64114425e+01 1.84920021e+03 6.76141683e+01
2.08627450e-02 6.09010264e-01 1.28504286e+01 8.04773277e+00 9.83838992e+00 -3.63525910e+01 1.85988897e+03 6.79582044e+01
2.09826341e-02 6.12125100e-01 1.28191478e+01 8.04144347e+00 9.82653759e+00 -3.62874731e+01 1.87057694e+03 6.83057853e+01
2.11025133e-02 6.15277903e-01 1.27900647e+01 8.03323874e+00 9.81275003e+00 -3.61964313e+01 1.88126403e+03 6.86575982e+01
2.12223814e-02 6.18461336e-01 1.27633849e+01 8.02060324e+00 9.80385798e+00 -3.61083096e+01 1.89195012e+03 6.90128275e+01
2.13422372e-02 6.21658417e-01 1.27393286e+01 8.00281682e+00 9.79732481e+00 -3.60696789e+01 1.90263513e+03 6.93695844e+01
2.14620796e-02 6.24856025e-01 1.27190618e+01 7.98116218e+00 9.78789287e+00 -3.60645579e+01 1.91331894e+03 6.97264044e+01
2.15819076e-02 6.28055237e-01 1.27005384e+01 7.95926974e+00 9.77453917e+00 -3.60324637e+01 1.92400146e+03 7.00834008e+01
2.17017198e-02 6.31260566e-01 1.26812039e+01 7.94033609e+00 9.75987243e+00 -3.59459762e+01 1.93468258e+03 7.04410756e+01
2.18215154e-02 6.34465688e-01 1.26636798e+01 7.92424099e+00 9.74912930e+00 -3.58051780e+01 1.94536221e+03 7.07987264e+01
2.19412929e-02 6.37654566e-01 1.26502900e+01 7.90834237e+00 9.74478313e+00 -3.56358331e+01 1.95604024e+03 7.11545656e+01
2.20610515e-02 6.40811504e-01 1.26370988e+01 7.89082698e+00 9.74088446e+00 -3.54856316e+01 1.96671657e+03 7.15068411e+01
2.21807898e-02 6.43933687e-01 1.26199354e+01 7.87253513e+00 9.72963735e+00 -3.53590515e+01 1.97739110e+03 7.18552374e+01
2.23005069e-02 6.47035559e-01 1.25987831e+01 7.85455519e+00 9.71189280e+00 -3.52415842e+01 1.98806373e+03 7.22013651e+01
2.24202015e-02 6.50134060e-01 1.25744984e+01 7.83597504e+00 9.68920596e+00 -3.51380962e+01 1.99873436e+03 7.25471110e+01
2.25398725e-02 6.53235176e-01 1.25468573e+01 7.81576667e+00 9.66274459e+00 -3.50404454e+01 2.00940289e+03 7.28931421e+01
2.26595188e-02 6.56340943e-01 1.25156164e+01 7.79473708e+00 9.63996494e+00 -3.49188132e+01 2.02006922e+03 7.32396892e+01
2.27791393e-02 6.59453495e-01 1.24827317e+01 7.77346910e+00 9.62493871e+00 -3.47463439e+01 2.03073325e+03 7.35869938e+01
2.28987329e-02 6.62561106e-01 1.24525109e+01 7.75133473e+00 9.61345611e+00 -3.45251098e+01 2.04139487e+03 7.39337514e+01
2.30182983e-02 6.65640166e-01 1.24267125e+01 7.72801168e+00 9.60153421e+00 -3.42976071e+01 2.05205399e+03 7.42773297e+01
2.31378346e-02 6.68685837e-01 1.24021202e+01 7.70407914e+00 9.58619652e+00 -3.40888875e+01 2.06271050e+03 7.46171872e+01
2.32573405e-02 6.71717720e-01 1.23754694e+01 7.67936672e+00 9.56393118e+00 -3.38852825e+01 2.07336431e+03 7.49555062e+01
2.33768149e-02 6.74742378e-01 1.23470568e+01 7.65312235e+00 9.53330663e+00 -3.36844422e+01 2.08401532e+03 7.52930129e+01
2.34962568e-02 6.77743489e-01 1.23176354e+01 7.62596183e+00 9.49631010e+00 -3.34840374e+01 2.09466342e+03 7.56278871e+01
2.36156650e-02 6.80719469e-01 1.22902846e+01 7.59822755e+00 9.45518171e+00 -3.32611226e+01 2.10530852e+03 7.59599589e+01
2.37350384e-02 6.83690025e-01 1.22692945e+01 7.56913180e+00 9.41450245e+00 -3.30202710e+01 2.11595051e+03 7.62914322e+01
2.38543758e-02 6.86657344e-01 1.22508303e+01 7.54063477e+00 9.37620561e+00 -3.27912853e+01 2.12658931e+03 7.66225521e+01
2.39736762e-02 6.89598889e-01 1.22264240e+01 7.51513641e+00 9.33687448e+00 -3.25860810e+01 2.13722479e+03 7.69507995e+01
2.40929384e-02 6.92507446e-01 1.21957510e+01 7.49149626e+00 9.29535173e+00 -3.23832649e+01 2.14785688e+03 7.72753634e+01
2.42121614e-02 6.95409007e-01 1.21671099e+01 7.46816417e+00 9.25008626e+00 -3.21640267e+01 2.15848546e+03 7.75991431e+01
2.43313439e-02 6.98327497e-01 1.21452904e+01 7.44515093e+00 9.20192181e+00 -3.19440472e+01 2.16911045e+03 7.79248111e+01
2.44504850e-02 7.01252210e-01 1.21261825e+01 7.42224675e+00 9.16029909e+00 -3.17519390e+01 2.17973173e+03 7.82511767e+01
2.45695834e-02 7.04154734e-01 1.21056913e+01 7.39935655e+00 9.12943022e+00 -3.15820961e+01 2.19034921e+03 7.85750698e+01
2.46886381e-02 7.07022965e-01 1.20847984e+01 7.37627709e+00 9.10191013e+00 -3.14073671e+01 2.20096280e+03 7.88951374e+01
2.48076480e-02 7.09869094e-01 1.20634031e+01 7.35190135e+00 9.07119226e+00 -3.12260331e+01 2.21157239e+03 7.92127402e+01
2.49266120e-02 7.12717071e-01 1.20383722e+01 7.32560305e+00 9.03745849e+00 -3.10481433e+01 2.22217789e+03 7.95305520e+01
2.50455289e-02 7.15586211e-01 1.20073735e+01 7.29819240e+00 9.00427807e+00 -3.08735307e+01 2.23277919e+03 7.98507244e+01
2.51643978e-02 7.18478180e-01 1.19691381e+01 7.27205986e+00 8.97089594e+00 -3.07040227e+01 2.24337621e+03 8.01734407e+01
2.52832173e-02 7.21379714e-01 1.19272482e+01 7.24818610e+00 8.93681669e+00 -3.05298507e+01 2.25396883e+03 8.04972224e+01
2.54019866e-02 7.24282193e-01 1.18882115e+01 7.22347845e+00 8.90776978e+00 -3.03379503e+01 2.26455697e+03 8.08211076e+01
2.55207044e-02 7.27196217e-01 1.18508793e+01 7.19523102e+00 8.88585813e+00 -3.01450951e+01 2.27514053e+03 8.11462777e+01
2.56393698e-02 7.30144160e-01 1.18115971e+01 7.16468377e+00 8.86666666e+00 -2.99623966e+01 2.28571940e+03 8.14752325e+01
2.57579815e-02 7.33140296e-01 1.17706651e+01 7.13424574e+00 8.84631308e+00 -2.97748435e+01 2.29629349e+03 8.18095656e+01
2.58765385e-02 7.36179316e-01 1.17293479e+01 7.10542778e+00 8.82128131e+00 -2.95749525e+01 2.30686271e+03 8.21486804e+01
2.59950397e-02 7.39239355e-01 1.16904960e+01 7.07935351e+00 8.78796041e+00 -2.93601988e+01 2.31742695e+03 8.24901347e+01
2.61134841e-02 7.42287775e-01 1.16570087e+01 7.05633321e+00 8.74758658e+00 -2.91295666e+01 2.32798613e+03 8.28302868e+01
2.62318705e-02 7.45285535e-01 1.16278492e+01 7.03483478e+00 8.70554869e+00 -2.88852547e+01 2.33854014e+03 8.31647837e+01
2.63501979e-02 7.48203836e-01 1.15994415e+01 7.01277623e+00 8.66398849e+00 -2.86345895e+01 2.34908889e+03 8.34904181e+01
2.64684652e-02 7.51051693e-01 1.15685250e+01 6.98955088e+00 8.62134141e+00 -2.83964140e+01 2.35963227e+03 8.38081969e+01
2.65866713e-02 7.53882361e-01 1.15324673e+01 6.96669802e+00 8.57767311e+00 -2.81683981e+01 2.37017021e+03 8.41240582e+01
2.67048151e-02 7.56757897e-01 1.14899996e+01 6.94501746e+00 8.53342783e+00 -2.79344359e+01 2.38070259e+03 8.44449238e+01
2.68228957e-02 7.59703195e-01 1.14406103e+01 6.92270233e+00 8.48702015e+00 -2.76973661e+01 2.39122933e+03 8.47735710e+01
2.69409118e-02 7.62698504e-01 1.13853155e+01 6.89894260e+00 8.43722495e+00 -2.74649765e+01 2.40175032e+03 8.51077960e+01
2.70588624e-02 7.65707767e-01 1.13281937e+01 6.87507767e+00 8.38901164e+00 -2.72375776e+01 2.41226548e+03 8.54435765e+01
2.71767465e-02 7.68703148e-01 1.12740431e+01 6.85178183e+00 8.34552960e+00 -2.70115155e+01 2.42277471e+03 8.57778052e+01
2.72945630e-02 7.71673315e-01 1.12229841e+01 6.82890426e+00 8.30287053e+00 -2.67761467e+01 2.43327791e+03 8.61092147e+01
2.74123109e-02 7.74621621e-01 1.11701143e+01 6.80581564e+00 8.25955434e+00 -2.65240306e+01 2.44377500e+03 8.64381795e+01
2.75299890e-02 7.77554300e-01 1.11134780e+01 6.78095557e+00 8.21489580e+00 -2.62498926e+01 2.45426586e+03 8.67653993e+01
2.76475964e-02 7.80473979e-01 1.10552637e+01 6.75289950e+00 8.16400753e+00 -2.59491395e+01 2.46475042e+03 8.70911709e+01
2.77651320e-02 7.83390879e-01 1.09974096e+01 6.72102039e+00 8.10644310e+00 -2.56243902e+01 2.47522858e+03 8.74166330e+01
2.78825947e-02 7.86326391e-01 1.09397447e+01 6.68600187e+00 8.04860975e+00 -2.52831946e+01 2.48570024e+03 8.77441691e+01
2.79999835e-02 7.89289946e-01 1.08796740e+01 6.64972070e+00 7.99336266e+00 -2.49451004e+01 2.49616531e+03 8.80748325e+01
2.81172973e-02 7.92260904e-01 1.08160916e+01 6.61312499e+00 7.94252523e+00 -2.46249327e+01 2.50662370e+03 8.84063210e+01
2.82345351e-02 7.95206625e-01 1.07490261e+01 6.57662409e+00 7.89571834e+00 -2.43187755e+01 2.51707531e+03 8.87349940e+01
2.83516959e-02 7.98111750e-01 1.06782428e+01 6.54057889e+00 7.84719208e+00 -2.40218019e+01 2.52752006e+03 8.90591379e+01
2.84687787e-02 8.00978454e-01 1.06061373e+01 6.50383698e+00 7.79641750e+00 -2.37277598e+01 2.53795785e+03 8.93789917e+01
2.85857823e-02 8.03803817e-01 1.05285779e+01 6.46630112e+00 7.73421960e+00 -2.34353498e+01 2.54838858e+03 8.96942278e+01
2.87027058e-02 8.06573897e-01 1.04617371e+01 6.42522370e+00 7.67870489e+00 -2.31504130e+01 2.55881217e+03 9.00032986e+01
2.88195481e-02 8.09287189e-01 1.03940868e+01 6.38204863e+00 7.61814662e+00 -2.28791798e+01 2.56922852e+03 9.03060415e+01
2.89363082e-02 8.11970287e-01 1.03195439e+01 6.34151918e+00 7.54855344e+00 -2.26018179e+01 2.57963755e+03 9.06054198e+01
2.90529852e-02 8.14654968e-01 1.02545346e+01 6.30395399e+00 7.49325481e+00 -2.22947654e+01 2.59003916e+03 9.09049778e+01
2.91695779e-02 8.17345113e-01 1.01864131e+01 6.26961299e+00 7.43830106e+00 -2.19665362e+01 2.60043326e+03 9.12051454e+01
2.92860854e-02 8.20016345e-01 1.01150801e+01 6.23587596e+00 7.38613028e+00 -2.16214667e+01 2.61081977e+03 9.15032005e+01
2.94025066e-02 8.22644693e-01 1.00425649e+01 6.20097406e+00 7.33600068e+00 -2.12726473e+01 2.62119858e+03 9.17964657e+01
2.95188405e-02 8.25224197e-01 9.96958054e+00 6.16584806e+00 7.27863674e+00 -2.09389820e+01 2.63156962e+03 9.20842758e+01
2.96350863e-02 8.27761164e-01 9.89837407e+00 6.13153354e+00 7.21137592e+00 -2.06244958e+01 2.64193278e+03 9.23673369e+01
2.97512427e-02 8.30261279e-01 9.82852558e+00 6.09755068e+00 7.13963988e+00 -2.03165289e+01 2.65228799e+03 9.26462852e+01
2.98673089e-02 8.32724531e-01 9.76029913e+00 6.06282655e+00 7.06952236e+00 -1.99988897e+01 2.66263515e+03 9.29211210e+01
2.99832838e-02 8.35150173e-01 9.69380941e+00 6.02691031e+00 7.00172368e+00 -1.96678853e+01 2.67297418e+03 9.31917600e+01
3.00991664e-02 8.37543600e-01 9.62796675e+00 5.98972892e+00 6.93675715e+00 -1.93292378e+01 2.68330498e+03 9.34588022e+01
3.02149559e-02 8.39918475e-01 9.56170626e+00 5.95187831e+00 6.87277466e+00 -1.89833208e+01 2.69362747e+03 9.37237707e+01
3.03306511e-02 8.42294027e-01 9.49272343e+00 5.91475772e+00 6.80401043e+00 -1.86256663e+01 2.70394156e+03 9.39888115e+01
3.04462510e-02 8.44688261e-01 9.41723906e+00 5.87916066e+00 6.72877018e+00 -1.82646810e+01 2.71424716e+03 9.42559344e+01
3.05617548e-02 8.47110137e-01 9.33432177e+00 5.84470584e+00 6.65085206e+00 -1.79085425e+01 2.72454419e+03 9.45261376e+01
3.06771615e-02 8.49555553e-01 9.24655351e+00 5.81103692e+00 6.57382372e+00 -1.75542908e+01 2.73483255e+03 9.47989614e+01
3.07924700e-02 8.52008052e-01 9.15561261e+00 5.77725180e+00 6.49843943e+00 -1.72068713e+01 2.74511217e+03 9.50725693e+01
3.09076794e-02 8.54445410e-01 9.06455398e+00 5.74174276e+00 6.42468444e+00 -1.68686732e+01 2.75538295e+03 9.53444856e+01
3.10227887e-02 8.56852757e-01 8.97704002e+00 5.70485167e+00 6.35064347e+00 -1.65407418e+01 2.76564481e+03 9.56130567e+01
3.11377970e-02 8.59233059e-01 8.89294039e+00 5.66792580e+00 6.27493164e+00 -1.62203923e+01 2.77589766e+03 9.58786140e+01
3.12527033e-02 8.61601536e-01 8.80890754e+00 5.63056562e+00 6.20124103e+00 -1.58977793e+01 2.78614143e+03 9.61428516e+01
3.13675067e-02 8.63966609e-01 8.72056304e+00 5.59219737e+00 6.13005482e+00 -1.55766012e+01 2.79637601e+03 9.64067064e+01
3.14822062e-02 8.66319472e-01 8.62762571e+00 5.55267647e+00 6.05666082e+00 -1.52591720e+01 2.80660133e+03 9.66691949e+01
3.15968008e-02 8.68644551e-01 8.53275031e+00 5.51164142e+00 5.97972005e+00 -1.49404948e+01 2.81681731e+03 9.69285782e+01
3.17112897e-02 8.70934840e-01 8.43660510e+00 5.46954374e+00 5.90157276e+00 -1.46259240e+01 2.82702386e+03 9.71840760e+01
3.18256718e-02 8.73194468e-01 8.34081879e+00 5.42701288e+00 5.82500395e+00 -1.43190971e+01 2.83722089e+03 9.74361514e+01
3.19399463e-02 8.75433123e-01 8.24668076e+00 5.38422026e+00 5.75070257e+00 -1.40076558e+01 2.84740832e+03 9.76858858e+01
3.20541122e-02 8.77659757e-01 8.15071877e+00 5.34127464e+00 5.67860135e+00 -1.36798369e+01 2.85758608e+03 9.79342765e+01
3.21681686e-02 8.79874033e-01 8.04900100e+00 5.29809569e+00 5.60953380e+00 -1.33444834e+01 2.86775407e+03 9.81812845e+01
3.22821145e-02 8.82063813e-01 7.94154956e+00 5.25438534e+00 5.54345472e+00 -1.30159703e+01 2.87791221e+03 9.84255561e+01
3.23959491e-02 8.84216167e-01 7.83098352e+00 5.21004792e+00 5.47675053e+00 -1.26937495e+01 2.88806043e+03 9.86656500e+01
3.25096714e-02 8.86327042e-01 7.71975200e+00 5.16479765e+00 5.40356580e+00 -1.23703464e+01 2.89819864e+03 9.89011121e+01
3.26232805e-02 8.88398117e-01 7.60918385e+00 5.11794434e+00 5.32565971e+00 -1.20483442e+01 2.90832676e+03 9.91321298e+01
3.27367755e-02 8.90431672e-01 7.49854546e+00 5.06983287e+00 5.25179786e+00 -1.17401797e+01 2.91844471e+03 9.93589619e+01
3.28501556e-02 8.92430973e-01 7.38660480e+00 5.02143897e+00 5.18340397e+00 -1.14506746e+01 2.92855240e+03 9.95819753e+01
3.29634197e-02 8.94400373e-01 7.27334080e+00 4.97241653e+00 5.11494096e+00 -1.11700411e+01 2.93864976e+03 9.98016536e+01
3.30765670e-02 8.96342616e-01 7.15777765e+00 4.92284613e+00 5.04463456e+00 -1.08869946e+01 2.94873671e+03 1.00018300e+02
3.31895967e-02 8.98256316e-01 7.03849564e+00 4.87428173e+00 4.97326275e+00 -1.05996834e+01 2.95881317e+03 1.00231759e+02
3.33025077e-02 9.00135045e-01 6.91629671e+00 4.82706711e+00 4.90034507e+00 -1.03183378e+01 2.96887906e+03 1.00441315e+02
3.34152993e-02 9.01970407e-01 6.79487092e+00 4.77992828e+00 4.82571157e+00 -1.00523700e+01 2.97893430e+03 1.00646035e+02
3.35279706e-02 9.03760562e-01 6.67603304e+00 4.73201685e+00 4.74993756e+00 -9.79670181e+00 2.98897881e+03 1.00845712e+02
3.36405207e-02 9.05515032e-01 6.55823219e+00 4.68356015e+00 4.67271744e+00 -9.53815947e+00 2.99901251e+03 1.01041408e+02
3.37529486e-02 9.07245851e-01 6.44057513e+00 4.63545190e+00 4.59193548e+00 -9.26818646e+00 3.00903533e+03 1.01234465e+02
3.38652536e-02 9.08954314e-01 6.32320727e+00 4.58797584e+00 4.50554656e+00 -8.98761357e+00 3.01904719e+03 1.01425023e+02
3.39774348e-02 9.10630351e-01 6.20576184e+00 4.54055849e+00 4.41680119e+00 -8.70277555e+00 3.02904801e+03 1.01611962e+02
3.40894913e-02 9.12264194e-01 6.08656854e+00 4.49311571e+00 4.32929488e+00 -8.41701107e+00 3.03903771e+03 1.01794191e+02
3.42014223e-02 9.13854826e-01 5.96375611e+00 4.44581946e+00 4.24248723e+00 -8.12900989e+00 3.04901623e+03 1.01971597e+02
3.43132269e-02 9.15406426e-01 5.83816692e+00 4.39864002e+00 4.15475794e+00 -7.83872206e+00 3.05898347e+03 1.02144647e+02
3.44249043e-02 9.16920644e-01 5.71314017e+00 4.35180580e+00 4.06401372e+00 -7.55203570e+00 3.06893938e+03 1.02313526e+02
3.45364536e-02 9.18394973e-01 5.59163019e+00 4.30521562e+00 3.97151624e+00 -7.27691295e+00 3.07888387e+03 1.02477956e+02
3.46478740e-02 9.19825781e-01 5.47403078e+00 4.25776269e+00 3.88336533e+00 -7.01993526e+00 3.08881686e+03 1.02637534e+02
3.47591647e-02 9.21210327e-01 5.35884433e+00 4.20859342e+00 3.80338161e+00 -6.78225554e+00 3.09873829e+03 1.02791951e+02
3.48703247e-02 9.22547737e-01 5.24731699e+00 4.15808628e+00 3.72926784e+00 -6.55434299e+00 3.10864809e+03 1.02941111e+02
3.49813535e-02 9.23840922e-01 5.14200027e+00 4.10727866e+00 3.65653996e+00 -6.32231515e+00 3.11854616e+03 1.03085339e+02
3.50922499e-02 9.25096771e-01 5.04135661e+00 4.05758976e+00 3.58183334e+00 -6.07653964e+00 3.12843245e+03 1.03225401e+02
3.52030134e-02 9.26319191e-01 4.94180577e+00 4.01020075e+00 3.50413241e+00 -5.81794457e+00 3.13830689e+03 1.03361734e+02
3.53136430e-02 9.27499686e-01 4.84169910e+00 3.96451581e+00 3.42656628e+00 -5.56336090e+00 3.14816939e+03 1.03493389e+02
3.54241380e-02 9.28621221e-01 4.74299823e+00 3.91851448e+00 3.35235236e+00 -5.33072177e+00 3.15801988e+03 1.03618469e+02
3.55344976e-02 9.29675978e-01 4.64824213e+00 3.87010993e+00 3.28099469e+00 -5.12223091e+00 3.16785831e+03 1.03736103e+02
3.56447209e-02 9.30674656e-01 4.55664126e+00 3.81826148e+00 3.21116990e+00 -4.92785213e+00 3.17768458e+03 1.03847483e+02
3.57548072e-02 9.31635417e-01 4.46652697e+00 3.76420834e+00 3.14171564e+00 -4.73749245e+00 3.18749864e+03 1.03954634e+02
3.58647557e-02 9.32568638e-01 4.37694645e+00 3.71045183e+00 3.07141746e+00 -4.54924986e+00 3.19730042e+03 1.04058714e+02
3.59745654e-02 9.33474520e-01 4.28686268e+00 3.65856920e+00 3.00070518e+00 -4.36730626e+00 3.20708983e+03 1.04159744e+02
3.60842359e-02 9.34349848e-01 4.19689217e+00 3.60827689e+00 2.93122884e+00 -4.19493964e+00 3.21686682e+03 1.04257366e+02
3.61937664e-02 9.35192967e-01 4.10860885e+00 3.55894674e+00 2.86426658e+00 -4.03094319e+00 3.22663134e+03 1.04351396e+02
3.63031556e-02 9.36003813e-01 4.02222486e+00 3.51084305e+00 2.79992630e+00 -3.87185293e+00 3.23638326e+03 1.04441826e+02
3.64124029e-02 9.36780998e-01 3.93860813e+00 3.46391706e+00 2.73742777e+00 -3.71684094e+00 3.24612253e+03 1.04528502e+02
3.65215089e-02 9.37520441e-01 3.85900248e+00 3.41744575e+00 2.67627415e+00 -3.56995371e+00 3.25584919e+03 1.04610970e+02
3.66304713e-02 9.38219355e-01 3.78182898e+00 3.37107376e+00 2.61723120e+00 -3.43612415e+00 3.26556306e+03 1.04688918e+02
3.67392876e-02 9.38880918e-01 3.70544474e+00 3.32488893e+00 2.56099000e+00 -3.31141201e+00 3.27526390e+03 1.04762702e+02
3.68479609e-02 9.39512006e-01 3.63112461e+00 3.27879105e+00 2.50759834e+00 -3.18606228e+00 3.28495200e+03 1.04833086e+02
3.69564929e-02 9.40116867e-01 3.56044508e+00 3.23265777e+00 2.45676464e+00 -3.05805596e+00 3.29462750e+03 1.04900543e+02
3.70648733e-02 9.40696035e-01 3.49163384e+00 3.18679481e+00 2.40718624e+00 -2.93318635e+00 3.30428948e+03 1.04965135e+02
3.71730992e-02 9.41250413e-01 3.42160389e+00 3.14139217e+00 2.35871719e+00 -2.81538201e+00 3.31393769e+03 1.05026963e+02
3.72811911e-02 9.41782835e-01 3.35022991e+00 3.09631678e+00 2.31301234e+00 -2.70220046e+00 3.32357396e+03 1.05086342e+02
3.73891496e-02 9.42296114e-01 3.27891288e+00 3.05193626e+00 2.27101554e+00 -2.58909603e+00 3.33319833e+03 1.05143585e+02
3.74969252e-02 9.42791794e-01 3.20906656e+00 3.00874321e+00 2.22979135e+00 -2.47470218e+00 3.34280640e+03 1.05198864e+02
3.76045169e-02 9.43270482e-01 3.14234491e+00 2.96643457e+00 2.18539730e+00 -2.36139823e+00 3.35239807e+03 1.05252248e+02
3.77120976e-02 9.43732776e-01 3.07823120e+00 2.92462908e+00 2.13757084e+00 -2.25293994e+00 3.36198877e+03 1.05303802e+02
3.78199460e-02 9.44179517e-01 3.01451243e+00 2.88335641e+00 2.08703309e+00 -2.14972550e+00 3.37160332e+03 1.05353622e+02
3.79282387e-02 9.44610038e-01 2.95123480e+00 2.84251708e+00 2.03446028e+00 -2.04884243e+00 3.38125749e+03 1.05401633e+02
3.80369806e-02 9.45021066e-01 2.88984489e+00 2.80197858e+00 1.98141173e+00 -1.94902936e+00 3.39095170e+03 1.05447472e+02
3.81461277e-02 9.45409642e-01 2.83107731e+00 2.76195023e+00 1.92844585e+00 -1.85122647e+00 3.40068203e+03 1.05490808e+02
3.82556860e-02 9.45776311e-01 2.77565912e+00 2.72274042e+00 1.87564666e+00 -1.75609787e+00 3.41044903e+03 1.05531702e+02
3.83656817e-02 9.46123787e-01 2.72378944e+00 2.68447894e+00 1.82350263e+00 -1.66429003e+00 3.42025501e+03 1.05570455e+02
3.84761174e-02 9.46453809e-01 2.67364603e+00 2.64724172e+00 1.77180621e+00 -1.57696744e+00 3.43010022e+03 1.05607262e+02
3.85869888e-02 9.46766832e-01 2.62315949e+00 2.61085790e+00 1.72085523e+00 -1.49341119e+00 3.43998428e+03 1.05642174e+02
3.86983031e-02 9.47063669e-01 2.57225453e+00 2.57489760e+00 1.67206217e+00 -1.41152964e+00 3.44990782e+03 1.05675280e+02
3.88100694e-02 9.47345854e-01 2.52146840e+00 2.53923812e+00 1.62535016e+00 -1.33220095e+00 3.45987165e+03 1.05706753e+02
3.89222910e-02 9.47614734e-01 2.47153403e+00 2.50404867e+00 1.57823510e+00 -1.25753960e+00 3.46987607e+03 1.05736744e+02
3.90349718e-02 9.47871247e-01 2.42363515e+00 2.46921319e+00 1.52987224e+00 -1.18787824e+00 3.47992143e+03 1.05765356e+02
3.91481182e-02 9.48116417e-01 2.37856498e+00 2.43437243e+00 1.48225460e+00 -1.12298295e+00 3.49000830e+03 1.05792703e+02
3.92617359e-02 9.48351491e-01 2.33501519e+00 2.39938756e+00 1.43759164e+00 -1.06308248e+00 3.50013718e+03 1.05818924e+02
3.93758297e-02 9.48577798e-01 2.29013559e+00 2.36470116e+00 1.39558038e+00 -1.00723214e+00 3.51030850e+03 1.05844166e+02
3.94904051e-02 9.48796335e-01 2.24328186e+00 2.33092771e+00 1.35463086e+00 -9.52287364e-01 3.52052276e+03 1.05868542e+02
3.96054679e-02 9.49006807e-01 2.19653472e+00 2.29835950e+00 1.31505519e+00 -8.96621907e-01 3.53078048e+03 1.05892017e+02
3.97210237e-02 9.49207172e-01 2.15233977e+00 2.26684840e+00 1.27795400e+00 -8.42768444e-01 3.54108214e+03 1.05914367e+02
3.98370780e-02 9.49395112e-01 2.11165576e+00 2.23587309e+00 1.24342789e+00 -7.94650517e-01 3.55142825e+03 1.05935332e+02
3.99536367e-02 9.49570395e-01 2.07398770e+00 2.20501696e+00 1.21057354e+00 -7.54077836e-01 3.56181932e+03 1.05954885e+02
4.00707057e-02 9.49735462e-01 2.03860058e+00 2.17404587e+00 1.17816076e+00 -7.19710457e-01 3.57225588e+03 1.05973300e+02
4.01882908e-02 9.49893782e-01 2.00453789e+00 2.14290391e+00 1.14613026e+00 -6.89431740e-01 3.58273845e+03 1.05990962e+02
4.03063979e-02 9.50048187e-01 1.97161000e+00 2.11189826e+00 1.11613260e+00 -6.62069857e-01 3.59326756e+03 1.06008188e+02
4.04250333e-02 9.50200601e-01 1.93908464e+00 2.08165563e+00 1.08706717e+00 -6.36068017e-01 3.60384376e+03 1.06025191e+02
4.05442029e-02 9.50352002e-01 1.90727381e+00 2.05254750e+00 1.05754926e+00 -6.08603863e-01 3.61446759e+03 1.06042082e+02
4.06639130e-02 9.50501925e-01 1.87644918e+00 2.02436277e+00 1.02492142e+00 -5.78569590e-01 3.62513960e+03 1.06058807e+02
4.07841699e-02 9.50649060e-01 1.84664416e+00 1.99681390e+00 9.89302340e-01 -5.47227018e-01 3.63586036e+03 1.06075222e+02
4.09049800e-02 9.50792684e-01 1.81868785e+00 1.96985158e+00 9.55680990e-01 -5.15724656e-01 3.64663044e+03 1.06091246e+02
4.10263497e-02 9.50933437e-01 1.79073750e+00 1.94364469e+00 9.24140922e-01 -4.84967534e-01 3.65745040e+03 1.06106950e+02
4.11482855e-02 9.51071822e-01 1.76263682e+00 1.91805666e+00 8.94135120e-01 -4.54961786e-01 3.66832084e+03 1.06122390e+02
4.12707942e-02 9.51206190e-01 1.73636005e+00 1.89263290e+00 8.65306766e-01 -4.25047439e-01 3.67924234e+03 1.06137382e+02
4.13938823e-02 9.51334151e-01 1.71227662e+00 1.86712070e+00 8.36683539e-01 -3.95593746e-01 3.69021550e+03 1.06151660e+02
4.15175568e-02 9.51455179e-01 1.68882491e+00 1.84168209e+00 8.08397305e-01 -3.67958563e-01 3.70124094e+03 1.06165165e+02
4.16418244e-02 9.51570232e-01 1.66551759e+00 1.81652858e+00 7.82210891e-01 -3.43417297e-01 3.71231925e+03 1.06178003e+02
4.17666923e-02 9.51679405e-01 1.64331648e+00 1.79154853e+00 7.58534135e-01 -3.23472152e-01 3.72345107e+03 1.06190186e+02
4.18921674e-02 9.51781896e-01 1.62256992e+00 1.76657720e+00 7.36823347e-01 -3.09041860e-01 3.73463703e+03 1.06201624e+02
4.20182570e-02 9.51878565e-01 1.60256769e+00 1.74179325e+00 7.17750306e-01 -2.98802970e-01 3.74587776e+03 1.06212413e+02
4.21449682e-02 9.51972837e-01 1.58284529e+00 1.71757939e+00 7.00317048e-01 -2.89786335e-01 3.75717392e+03 1.06222935e+02
4.22723086e-02 9.52068049e-01 1.56379225e+00 1.69408623e+00 6.81941529e-01 -2.79773208e-01 3.76852616e+03 1.06233561e+02
4.24002855e-02 9.52164719e-01 1.54554827e+00 1.67108108e+00 6.61467674e-01 -2.69278501e-01 3.77993515e+03 1.06244350e+02
4.25289065e-02 9.52261277e-01 1.52726504e+00 1.64827949e+00 6.39859500e-01 -2.59462064e-01 3.79140157e+03 1.06255126e+02
4.26581794e-02 9.52356621e-01 1.50865848e+00 1.62564327e+00 6.18874216e-01 -2.49432098e-01 3.80292609e+03 1.06265766e+02
4.27881118e-02 9.52450774e-01 1.49054273e+00 1.60321815e+00 5.98775902e-01 -2.38199166e-01 3.81450941e+03 1.06276274e+02
4.29187117e-02 9.52543865e-01 1.47336865e+00 1.58106571e+00 5.79092113e-01 -2.26560509e-01 3.82615223e+03 1.06286663e+02
4.30499871e-02 9.52636054e-01 1.45672941e+00 1.55941492e+00 5.60259609e-01 -2.15533865e-01 3.83785528e+03 1.06296952e+02
4.31819461e-02 9.52728191e-01 1.44050828e+00 1.53847555e+00 5.43280568e-01 -2.04943976e-01 3.84961927e+03 1.06307234e+02
4.33145969e-02 9.52821194e-01 1.42499925e+00 1.51841314e+00 5.28243965e-01 -1.93985556e-01 3.86144493e+03 1.06317613e+02
4.34479479e-02 9.52914652e-01 1.41037259e+00 1.49935494e+00 5.13223589e-01 -1.82164547e-01 3.87333302e+03 1.06328041e+02
4.35820076e-02 9.53006888e-01 1.39623200e+00 1.48096348e+00 4.97577300e-01 -1.69698921e-01 3.88528427e+03 1.06338334e+02
4.37167844e-02 9.53096600e-01 1.38159411e+00 1.46270259e+00 4.82556159e-01 -1.57503571e-01 3.89729947e+03 1.06348346e+02
4.38522873e-02 9.53183853e-01 1.36679161e+00 1.44437656e+00 4.68038853e-01 -1.46375560e-01 3.90937939e+03 1.06358083e+02
4.39885248e-02 9.53269385e-01 1.35287263e+00 1.42598940e+00 4.53447530e-01 -1.36780573e-01 3.92152481e+03 1.06367629e+02
4.41255062e-02 9.53353684e-01 1.33949771e+00 1.40765625e+00 4.39176596e-01 -1.28923661e-01 3.93373653e+03 1.06377037e+02
4.42632403e-02 9.53437032e-01 1.32597071e+00 1.38966280e+00 4.24344589e-01 -1.21889119e-01 3.94601537e+03 1.06386339e+02
4.44017366e-02 9.53519702e-01 1.31216319e+00 1.37220371e+00 4.08522955e-01 -1.14508778e-01 3.95836214e+03 1.06395566e+02
4.45410042e-02 9.53601642e-01 1.29805307e+00 1.35524220e+00 3.93218101e-01 -1.07232202e-01 3.97077769e+03 1.06404711e+02
4.46810528e-02 9.53682433e-01 1.28388414e+00 1.33864907e+00 3.78858463e-01 -1.01326668e-01 3.98326285e+03 1.06413728e+02
4.48218919e-02 9.53761989e-01 1.27007829e+00 1.32236054e+00 3.65324873e-01 -9.70646264e-02 3.99581849e+03 1.06422607e+02
4.49635314e-02 9.53840924e-01 1.25671837e+00 1.30649696e+00 3.53086822e-01 -9.36139127e-02 4.00844548e+03 1.06431416e+02
4.51059811e-02 9.53919914e-01 1.24359921e+00 1.29119395e+00 3.42485666e-01 -9.02301466e-02 4.02114471e+03 1.06440232e+02
4.52492512e-02 9.53998976e-01 1.23076966e+00 1.27640833e+00 3.32818175e-01 -8.70426812e-02 4.03391707e+03 1.06449055e+02
4.53933520e-02 9.54077719e-01 1.21834216e+00 1.26195825e+00 3.23338238e-01 -8.45788668e-02 4.04676348e+03 1.06457843e+02
4.55382936e-02 9.54156092e-01 1.20619692e+00 1.24770409e+00 3.14220093e-01 -8.28576019e-02 4.05968486e+03 1.06466590e+02
4.56840869e-02 9.54234469e-01 1.19428930e+00 1.23371019e+00 3.05530779e-01 -8.13939046e-02 4.07268215e+03 1.06475337e+02
4.58307423e-02 9.54313087e-01 1.18263331e+00 1.22009809e+00 2.97136437e-01 -7.99028175e-02 4.08575631e+03 1.06484111e+02
4.59782709e-02 9.54391808e-01 1.17116423e+00 1.20686168e+00 2.89063372e-01 -7.84714280e-02 4.09890831e+03 1.06492897e+02
4.61266836e-02 9.54470470e-01 1.15984329e+00 1.19392507e+00 2.81301978e-01 -7.72393695e-02 4.11213912e+03 1.06501675e+02
4.62759916e-02 9.54549169e-01 1.14869878e+00 1.18124409e+00 2.73818302e-01 -7.61846743e-02 4.12544976e+03 1.06510458e+02
4.64262064e-02 9.54628110e-01 1.13775780e+00 1.16881002e+00 2.66603434e-01 -7.51841991e-02 4.13884123e+03 1.06519268e+02
4.65773396e-02 9.54707359e-01 1.12700898e+00 1.15661614e+00 2.59626243e-01 -7.41796097e-02 4.15231457e+03 1.06528112e+02
4.67294027e-02 9.54786844e-01 1.11642488e+00 1.14464435e+00 2.52855753e-01 -7.31984458e-02 4.16587082e+03 1.06536983e+02
4.68824079e-02 9.54866510e-01 1.10598989e+00 1.13287601e+00 2.46275049e-01 -7.22680265e-02 4.17951104e+03 1.06545873e+02
4.70363671e-02 9.54946378e-01 1.09570304e+00 1.12130149e+00 2.39871302e-01 -7.13793834e-02 4.19323633e+03 1.06554786e+02
4.71912928e-02 9.55026486e-01 1.08556433e+00 1.10991475e+00 2.33637391e-01 -7.05157728e-02 4.20704777e+03 1.06563726e+02
4.73471974e-02 9.55106836e-01 1.07556747e+00 1.09870768e+00 2.27567780e-01 -6.96753005e-02 4.22094648e+03 1.06572693e+02
4.75040936e-02 9.55187415e-01 1.06570430e+00 1.08767163e+00 2.21654848e-01 -6.88626554e-02 4.23493359e+03 1.06581686e+02
4.76619944e-02 9.55268218e-01 1.05596951e+00 1.07679980e+00 2.15891130e-01 -6.80772857e-02 4.24901026e+03 1.06590703e+02
4.78209128e-02 9.55349252e-01 1.04635996e+00 1.06608672e+00 2.10270880e-01 -6.73150106e-02 4.26317765e+03 1.06599746e+02
4.79808623e-02 9.55430521e-01 1.03687225e+00 1.05552688e+00 2.04789591e-01 -6.65735629e-02 4.27743696e+03 1.06608816e+02
4.81418564e-02 9.55512022e-01 1.02750228e+00 1.04511469e+00 1.99442834e-01 -6.58527143e-02 4.29178939e+03 1.06617911e+02
4.83039088e-02 9.55593753e-01 1.01824621e+00 1.03484506e+00 1.94226035e-01 -6.51518328e-02 4.30623617e+03 1.06627032e+02
4.84670336e-02 9.55675714e-01 1.00910075e+00 1.02471339e+00 1.89134921e-01 -6.44694696e-02 4.32077855e+03 1.06636178e+02
4.86312450e-02 9.55757903e-01 1.00006285e+00 1.01471534e+00 1.84165678e-01 -6.38043555e-02 4.33541781e+03 1.06645350e+02
4.87965576e-02 9.55840319e-01 9.91129520e-01 1.00484670e+00 1.79314763e-01 -6.31556937e-02 4.35015522e+03 1.06654548e+02
4.89629859e-02 9.55922959e-01 9.82297912e-01 9.95103481e-01 1.74578769e-01 -6.25227579e-02 4.36499211e+03 1.06663770e+02
4.91305451e-02 9.56005821e-01 9.73565320e-01 9.85481956e-01 1.69954430e-01 -6.19047226e-02 4.37992981e+03 1.06673017e+02
4.92992502e-02 9.56088903e-01 9.64929178e-01 9.75978586e-01 1.65438663e-01 -6.13008071e-02 4.39496968e+03 1.06682288e+02
4.94691169e-02 9.56172201e-01 9.56387034e-01 9.66589987e-01 1.61028551e-01 -6.07103467e-02 4.41011309e+03 1.06691584e+02
4.96401608e-02 9.56255713e-01 9.47936553e-01 9.57312937e-01 1.56721311e-01 -6.01327261e-02 4.42536145e+03 1.06700903e+02
4.98123980e-02 9.56339436e-01 9.39575514e-01 9.48144374e-01 1.52514283e-01 -5.95673451e-02 4.44071619e+03 1.06710246e+02
4.99858448e-02 9.56423367e-01 9.31301795e-01 9.39081379e-01 1.48404926e-01 -5.90136494e-02 4.45617877e+03 1.06719613e+02
5.01605177e-02 9.56507503e-01 9.23113355e-01 9.30121158e-01 1.44390802e-01 -5.84711407e-02 4.47175065e+03 1.06729002e+02
5.03364337e-02 9.56591840e-01 9.15008222e-01 9.21261045e-01 1.40469572e-01 -5.79393412e-02 4.48743335e+03 1.06738413e+02
5.05136097e-02 9.56676376e-01 9.06984524e-01 9.12498495e-01 1.36638988e-01 -5.74177779e-02 4.50322838e+03 1.06747847e+02
5.06920634e-02 9.56761107e-01 8.99040518e-01 9.03831066e-01 1.32896907e-01 -5.69060221e-02 4.51913732e+03 1.06757302e+02
5.08718127e-02 9.56846029e-01 8.91174522e-01 8.95256415e-01 1.29241267e-01 -5.64037143e-02 4.53516175e+03 1.06766779e+02
5.10528752e-02 9.56931141e-01 8.83384821e-01 8.86772319e-01 1.25670050e-01 -5.59105007e-02 4.55130326e+03 1.06776277e+02
5.12352696e-02 9.57016440e-01 8.75669737e-01 8.78376628e-01 1.22181300e-01 -5.54259688e-02 4.56756350e+03 1.06785796e+02
5.14190152e-02 9.57101923e-01 8.68027856e-01 8.70067261e-01 1.18773184e-01 -5.49497231e-02 4.58394420e+03 1.06795335e+02
5.16041300e-02 9.57187584e-01 8.60457959e-01 8.61842285e-01 1.15443972e-01 -5.44815211e-02 4.60044697e+03 1.06804894e+02
5.17906332e-02 9.57273420e-01 8.52958573e-01 8.53699806e-01 1.12191912e-01 -5.40212020e-02 4.61707351e+03 1.06814473e+02
5.19785471e-02 9.57359437e-01 8.45527868e-01 8.45637889e-01 1.09015184e-01 -5.35684084e-02 4.63382582e+03 1.06824072e+02
5.21678902e-02 9.57445633e-01 8.38164461e-01 8.37654888e-01 1.05912123e-01 -5.31225856e-02 4.65070553e+03 1.06833690e+02
5.23586784e-02 9.57531992e-01 8.30868049e-01 8.29749302e-01 1.02881415e-01 -5.26835063e-02 4.66771407e+03 1.06843327e+02
5.25509408e-02 9.57618504e-01 8.23638106e-01 8.21919126e-01 9.99217562e-02 -5.22514599e-02 4.68485403e+03 1.06852981e+02
5.27447020e-02 9.57705189e-01 8.16471882e-01 8.14162665e-01 9.70312070e-02 -5.18263020e-02 4.70212761e+03 1.06862655e+02
5.29399625e-02 9.57792077e-01 8.09366171e-01 8.06479343e-01 9.42076479e-02 -5.14068768e-02 4.71953486e+03 1.06872351e+02
5.31367526e-02 9.57879129e-01 8.02322292e-01 7.98867415e-01 9.14503602e-02 -5.09926285e-02 4.73707846e+03 1.06882065e+02
5.33351364e-02 9.57966270e-01 7.95344450e-01 7.91323755e-01 8.87596535e-02 -5.05848571e-02 4.75476414e+03 1.06891789e+02
5.35350924e-02 9.58053539e-01 7.88428974e-01 7.83848649e-01 8.61334334e-02 -5.01841617e-02 4.77258998e+03 1.06901528e+02
5.37365766e-02 9.58141097e-01 7.81563780e-01 7.76443462e-01 8.35668524e-02 -4.97881134e-02 4.79055205e+03 1.06911298e+02
5.39397461e-02 9.58228924e-01 7.74748835e-01 7.69102214e-01 8.10588798e-02 -4.93950024e-02 4.80866438e+03 1.06921099e+02
5.41447147e-02 9.58316719e-01 7.68004136e-01 7.61820363e-01 7.86150000e-02 -4.90077377e-02 4.82693709e+03 1.06930896e+02
5.43511797e-02 9.58404389e-01 7.61335635e-01 7.54608001e-01 7.62361624e-02 -4.86288292e-02 4.84534319e+03 1.06940679e+02
5.45590680e-02 9.58492425e-01 7.54708786e-01 7.47467336e-01 7.39102519e-02 -4.82542900e-02 4.86387619e+03 1.06950503e+02
5.47691446e-02 9.58581203e-01 7.48096008e-01 7.40372618e-01 7.16277227e-02 -4.78795711e-02 4.88260427e+03 1.06960410e+02
5.49815333e-02 9.58670076e-01 7.41541104e-01 7.33320207e-01 6.94022179e-02 -4.75086362e-02 4.90153847e+03 1.06970327e+02
5.51945530e-02 9.58758063e-01 7.35112376e-01 7.26364517e-01 6.72545391e-02 -4.71483116e-02 4.92052892e+03 1.06980146e+02
5.54080969e-02 9.58845817e-01 7.28763964e-01 7.19506846e-01 6.51680821e-02 -4.67948662e-02 4.93956611e+03 1.06989938e+02
5.56283010e-02 9.58936330e-01 7.22285595e-01 7.12553583e-01 6.30751009e-02 -4.64338042e-02 4.95919704e+03 1.07000039e+02
5.58657320e-02 9.59033303e-01 7.15419057e-01 7.05187689e-01 6.08968757e-02 -4.60514522e-02 4.98036373e+03 1.07010860e+02
5.61283435e-02 9.59139227e-01 7.07999249e-01 6.97194514e-01 5.85891425e-02 -4.56405815e-02 5.00377524e+03 1.07022680e+02
5.64186834e-02 9.59255156e-01 6.99973309e-01 6.88539627e-01 5.61463179e-02 -4.51977448e-02 5.02965870e+03 1.07035616e+02
5.67377920e-02 9.59381678e-01 6.91331037e-01 6.79241103e-01 5.35779877e-02 -4.47218976e-02 5.05810685e+03 1.07049735e+02
5.70886140e-02 9.59519561e-01 6.82054438e-01 6.69268152e-01 5.08931098e-02 -4.42139119e-02 5.08938221e+03 1.07065121e+02
5.74751158e-02 9.59669689e-01 6.72114554e-01 6.58572078e-01 4.80995237e-02 -4.36727436e-02 5.12383839e+03 1.07081874e+02
5.79008231e-02 9.59832901e-01 6.61482721e-01 6.47129943e-01 4.52070787e-02 -4.30936817e-02 5.16178969e+03 1.07100086e+02
5.83693510e-02 9.60010082e-01 6.50139076e-01 6.34929930e-01 4.22293556e-02 -4.24734769e-02 5.20355840e+03 1.07119858e+02
5.88851030e-02 9.60202348e-01 6.38077869e-01 6.21953863e-01 3.91852118e-02 -4.18157286e-02 5.24953708e+03 1.07141312e+02
5.94529866e-02 9.60410987e-01 6.25302361e-01 6.08186780e-01 3.60983816e-02 -4.11277503e-02 5.30016322e+03 1.07164594e+02
6.00781977e-02 9.60637151e-01 6.11810064e-01 5.93625994e-01 3.29937528e-02 -4.04109959e-02 5.35590005e+03 1.07189831e+02
6.07664740e-02 9.60881712e-01 5.97590688e-01 5.78277037e-01 2.98949830e-02 -3.96578888e-02 5.41725907e+03 1.07217121e+02
6.15242227e-02 9.61145591e-01 5.82649953e-01 5.62154486e-01 2.68281517e-02 -3.88611030e-02 5.48481147e+03 1.07246567e+02
6.23584653e-02 9.61429921e-01 5.67019568e-01 5.45282832e-01 2.38244753e-02 -3.80192313e-02 5.55918320e+03 1.07278295e+02
6.32769003e-02 9.61735938e-01 5.50746890e-01 5.27696246e-01 2.09175349e-02 -3.71341855e-02 5.64106060e+03 1.07312442e+02
6.42880282e-02 9.62064996e-01 5.33888022e-01 5.09440521e-01 1.81408530e-02 -3.62093743e-02 5.73120145e+03 1.07349161e+02
6.54012129e-02 9.62418695e-01 5.16505535e-01 4.90572120e-01 1.55266514e-02 -3.52497081e-02 5.83044054e+03 1.07388629e+02
6.66267503e-02 9.62799000e-01 4.98668519e-01 4.71159167e-01 1.31047151e-02 -3.42605306e-02 5.93969575e+03 1.07431066e+02
6.79759780e-02 9.63208304e-01 4.80454148e-01 4.51282304e-01 1.09013404e-02 -3.32461444e-02 6.05997780e+03 1.07476738e+02
6.94613825e-02 9.63649491e-01 4.61949815e-01 4.31034196e-01 8.93818040e-03 -3.22093894e-02 6.19239985e+03 1.07525969e+02
7.10967076e-02 9.64126085e-01 4.43253906e-01 4.10518478e-01 7.23160547e-03 -3.11521910e-02 6.33818714e+03 1.07579150e+02
7.28970833e-02 9.64642554e-01 4.24473941e-01 3.89847765e-01 5.79225378e-03 -3.00766631e-02 6.49868850e+03 1.07636780e+02
7.48791683e-02 9.65204729e-01 4.05722497e-01 3.69141354e-01 4.62454217e-03 -2.89860160e-02 6.67538903e+03 1.07699510e+02
7.70613021e-02 9.65820282e-01 3.87112241e-01 3.48523391e-01 3.72513908e-03 -2.78845009e-02 6.86992367e+03 1.07768196e+02
7.94636747e-02 9.66499161e-01 3.68751224e-01 3.28121083e-01 3.07905656e-03 -2.67765262e-02 7.08409234e+03 1.07843948e+02
8.21085142e-02 9.67253878e-01 3.50738909e-01 3.08062795e-01 2.65422734e-03 -2.56657865e-02 7.31987663e+03 1.07928163e+02
