VARIABLES="Y/c","U","Urms/utau","Vrms/utau","Wrms/utau","<uv>/utau^2","y+",u"+"
0.00000000e+00 0.00000000e+00 0.00000000e+00 0.00000000e+00 0.00000000e+00 0.00000000e+00 0.00000000e+00 0.00000000e+00
1.15306955e-06 6.58383007e-02 3.62007949e-01 7.46094430e-03 2.11036630e-01 -5.97408726e-04 8.49696871e-01 8.49659022e-01
2.34903200e-06 1.34118705e-01 7.32377579e-01 2.35352697e-02 3.86998299e-01 -4.94205355e-03 1.73100152e+00 1.73085013e+00
3.58934649e-06 2.04410697e-01 1.10802210e+00 4.78466959e-02 5.38075081e-01 -1.75837384e-02 2.64498919e+00 2.63805722e+00
4.87551033e-06 2.76081179e-01 1.47776241e+00 7.81391929e-02 6.67234400e-01 -4.25130890e-02 3.59276323e+00 3.56314302e+00
6.20905899e-06 3.48046400e-01 1.82520169e+00 1.13313174e-01 7.78439182e-01 -8.21882753e-02 4.57545515e+00 4.49214222e+00
7.59156595e-06 4.19065321e-01 2.13574764e+00 1.51972246e-01 8.74827172e-01 -1.36104388e-01 5.59422443e+00 5.40903053e+00
9.02464242e-06 4.87891080e-01 2.39874612e+00 1.93461904e-01 9.58854661e-01 -2.01600860e-01 6.65025839e+00 6.29768922e+00
1.05099369e-05 5.53440223e-01 2.61047867e+00 2.36852090e-01 1.03303006e+00 -2.74291880e-01 7.74477180e+00 7.14409413e+00
1.20491347e-05 6.14935582e-01 2.77192804e+00 2.81711682e-01 1.09884672e+00 -3.49815710e-01 8.87900652e+00 7.93817706e+00
1.36439569e-05 6.71904220e-01 2.88805629e+00 3.27404186e-01 1.15771940e+00 -4.24173074e-01 1.00542309e+01 8.67380222e+00
1.52961597e-05 7.24176180e-01 2.96531197e+00 3.73582111e-01 1.21042794e+00 -4.94617074e-01 1.12717391e+01 9.34875731e+00
1.70075333e-05 7.71804897e-01 3.01066265e+00 4.19790700e-01 1.25762137e+00 -5.59298955e-01 1.25328501e+01 9.96372167e+00
1.87799000e-05 8.15009276e-01 3.03062763e+00 4.65716450e-01 1.29974487e+00 -6.17433760e-01 1.38389070e+01 1.05215196e+01
2.06151132e-05 8.54104037e-01 3.03088602e+00 5.11027791e-01 1.33717592e+00 -6.68817771e-01 1.51912755e+01 1.10262162e+01
2.25150550e-05 8.89452587e-01 3.01620656e+00 5.55444185e-01 1.37028042e+00 -7.13743932e-01 1.65913425e+01 1.14825083e+01
2.44816340e-05 9.21430000e-01 2.99042810e+00 5.98731183e-01 1.39940497e+00 -7.52739345e-01 1.80405144e+01 1.18952447e+01
2.65167832e-05 9.50400435e-01 2.95662628e+00 6.40657955e-01 1.42491046e+00 -7.86423123e-01 1.95402157e+01 1.22691332e+01
2.86224563e-05 9.76704172e-01 2.91721227e+00 6.81073929e-01 1.44714531e+00 -8.15479880e-01 2.10918861e+01 1.26085734e+01
3.08006252e-05 1.00065102e+00 2.87408224e+00 7.19809936e-01 1.46645213e+00 -8.40503489e-01 2.26969786e+01 1.29175703e+01
3.30532756e-05 1.02251865e+00 2.82871843e+00 7.56785184e-01 1.48314981e+00 -8.62101271e-01 2.43569565e+01 1.31997141e+01
3.53824031e-05 1.04255281e+00 2.78227860e+00 7.91891355e-01 1.49753882e+00 -8.80739728e-01 2.60732904e+01 1.34581812e+01
3.77900086e-05 1.06097004e+00 2.73565542e+00 8.25101742e-01 1.50989153e+00 -8.96886388e-01 2.78474548e+01 1.36957709e+01
4.02780930e-05 1.07796081e+00 2.68952008e+00 8.56362881e-01 1.52045579e+00 -9.10873407e-01 2.96809240e+01 1.39149444e+01
4.28486511e-05 1.09369348e+00 2.64436882e+00 8.85690579e-01 1.52944419e+00 -9.23032474e-01 3.15751681e+01 1.41178775e+01
4.55036658e-05 1.10831699e+00 2.60056745e+00 9.13079172e-01 1.53704082e+00 -9.33595209e-01 3.35316482e+01 1.43064943e+01
4.82451003e-05 1.12196302e+00 2.55839187e+00 9.38577208e-01 1.54339941e+00 -9.42801922e-01 3.55518112e+01 1.44824963e+01
5.10748910e-05 1.13474778e+00 2.51804609e+00 9.62218061e-01 1.54865761e+00 -9.50824892e-01 3.76370837e+01 1.46473841e+01
5.39949385e-05 1.14677428e+00 2.47966467e+00 9.84074109e-01 1.55294054e+00 -9.57839581e-01 3.97888665e+01 1.48024886e+01
5.70070981e-05 1.15813411e+00 2.44332883e+00 1.00420547e+00 1.55636921e+00 -9.63969829e-01 4.20085267e+01 1.49489920e+01
6.01131701e-05 1.16890803e+00 2.40909047e+00 1.02269473e+00 1.55904711e+00 -9.69340450e-01 4.42973910e+01 1.50879374e+01
6.33148880e-05 1.17916659e+00 2.37696582e+00 1.03961564e+00 1.56104527e+00 -9.74046747e-01 4.66567367e+01 1.52202357e+01
6.66139068e-05 1.18897173e+00 2.34692814e+00 1.05505863e+00 1.56239760e+00 -9.78180844e-01 4.90877834e+01 1.53466862e+01
7.00117891e-05 1.19837856e+00 2.31892499e+00 1.06911256e+00 1.56312548e+00 -9.81810271e-01 5.15916826e+01 1.54680006e+01
7.35099914e-05 1.20743637e+00 2.29289000e+00 1.08187560e+00 1.56326185e+00 -9.84999461e-01 5.41695077e+01 1.55848149e+01
7.71098481e-05 1.21618878e+00 2.26874706e+00 1.09344214e+00 1.56285367e+00 -9.87802333e-01 5.68222418e+01 1.56976921e+01
8.08125546e-05 1.22467394e+00 2.24640852e+00 1.10390646e+00 1.56195146e+00 -9.90269941e-01 5.95507660e+01 1.58071245e+01
8.46191490e-05 1.23292527e+00 2.22577869e+00 1.11335739e+00 1.56060513e+00 -9.92436289e-01 6.23558452e+01 1.59135433e+01
8.85304929e-05 1.24097188e+00 2.20676440e+00 1.12187955e+00 1.55886263e+00 -9.94329900e-01 6.52381142e+01 1.60173239e+01
9.25472532e-05 1.24883863e+00 2.18927922e+00 1.12955231e+00 1.55676769e+00 -9.95979986e-01 6.81980646e+01 1.61187871e+01
9.66704716e-05 1.25654819e+00 2.17321949e+00 1.13645338e+00 1.55435779e+00 -9.97409009e-01 7.12364640e+01 1.62182253e+01
1.00902374e-04 1.26412252e+00 2.15846324e+00 1.14266017e+00 1.55166913e+00 -9.98634408e-01 7.43549527e+01 1.63159216e+01
1.05245566e-04 1.27158163e+00 2.14489535e+00 1.14824420e+00 1.54874789e+00 -9.99675963e-01 7.75554503e+01 1.64121342e+01
1.09702879e-04 1.27894330e+00 2.13241118e+00 1.15326855e+00 1.54563994e+00 -1.00055517e+00 8.08400439e+01 1.65070922e+01
1.14277498e-04 1.28622334e+00 2.12092562e+00 1.15778809e+00 1.54237667e+00 -1.00129125e+00 8.42110808e+01 1.66009997e+01
1.18972966e-04 1.29343562e+00 2.11035686e+00 1.16185184e+00 1.53897926e+00 -1.00189294e+00 8.76711703e+01 1.66940353e+01
1.23793266e-04 1.30059319e+00 2.10061645e+00 1.16550474e+00 1.53547422e+00 -1.00235243e+00 9.12232491e+01 1.67863674e+01
1.28742948e-04 1.30770863e+00 2.09163200e+00 1.16878826e+00 1.53188953e+00 -1.00266853e+00 9.48706693e+01 1.68781580e+01
1.33827176e-04 1.31479356e+00 2.08332494e+00 1.17173908e+00 1.52825446e+00 -1.00285291e+00 9.86172368e+01 1.69695570e+01
1.39051787e-04 1.32185946e+00 2.07560776e+00 1.17438900e+00 1.52460323e+00 -1.00291301e+00 1.02467252e+02 1.70607124e+01
1.44423515e-04 1.32891829e+00 2.06841045e+00 1.17676570e+00 1.52096037e+00 -1.00283653e+00 1.06425678e+02 1.71517786e+01
1.49950198e-04 1.33598153e+00 2.06167727e+00 1.17889476e+00 1.51734643e+00 -1.00260909e+00 1.10498290e+02 1.72429033e+01
1.55640686e-04 1.34305931e+00 2.05535253e+00 1.18079874e+00 1.51376535e+00 -1.00223313e+00 1.14691611e+02 1.73342172e+01
1.61504909e-04 1.35016198e+00 2.04935920e+00 1.18249819e+00 1.51018841e+00 -1.00169954e+00 1.19012956e+02 1.74258536e+01
1.67554646e-04 1.35730131e+00 2.04363393e+00 1.18400855e+00 1.50660329e+00 -1.00098794e+00 1.23471007e+02 1.75179643e+01
1.73803922e-04 1.36448900e+00 2.03813608e+00 1.18533301e+00 1.50303427e+00 -1.00010897e+00 1.28076098e+02 1.76107003e+01
1.80267329e-04 1.37173450e+00 2.03280390e+00 1.18646732e+00 1.49949878e+00 -9.99079614e-01 1.32838982e+02 1.77041836e+01
1.86957172e-04 1.37904369e+00 2.02756995e+00 1.18741343e+00 1.49599266e+00 -9.97911714e-01 1.37768727e+02 1.77984898e+01
1.93882516e-04 1.38642003e+00 2.02240337e+00 1.18818335e+00 1.49251894e+00 -9.96600002e-01 1.42872013e+02 1.78936633e+01
2.01050967e-04 1.39386711e+00 2.01729462e+00 1.18878956e+00 1.48910225e+00 -9.95129469e-01 1.48154444e+02 1.79897505e+01
2.08470653e-04 1.40138806e+00 2.01222422e+00 1.18924334e+00 1.48572720e+00 -9.93487247e-01 1.53622010e+02 1.80867918e+01
2.16150509e-04 1.40898510e+00 2.00715897e+00 1.18955616e+00 1.48236184e+00 -9.91644993e-01 1.59281296e+02 1.81848159e+01
2.24099774e-04 1.41666028e+00 2.00204801e+00 1.18973322e+00 1.47903676e+00 -9.89584622e-01 1.65139108e+02 1.82838491e+01
2.32327935e-04 1.42441608e+00 1.99679078e+00 1.18977449e+00 1.47577221e+00 -9.87301216e-01 1.71202440e+02 1.83839233e+01
2.40844911e-04 1.43225673e+00 1.99135240e+00 1.18967875e+00 1.47253604e+00 -9.84777342e-01 1.77478598e+02 1.84850929e+01
2.49661124e-04 1.44018597e+00 1.98577874e+00 1.18944376e+00 1.46928079e+00 -9.82035590e-01 1.83975266e+02 1.85874062e+01
2.58787676e-04 1.44820605e+00 1.98007566e+00 1.18906259e+00 1.46600238e+00 -9.79095538e-01 1.90700621e+02 1.86908919e+01
2.68236280e-04 1.45632024e+00 1.97423592e+00 1.18852675e+00 1.46277548e+00 -9.75897242e-01 1.97663297e+02 1.87955922e+01
2.78018405e-04 1.46453039e+00 1.96822969e+00 1.18783017e+00 1.45962254e+00 -9.72403322e-01 2.04871744e+02 1.89015308e+01
2.88144236e-04 1.47283357e+00 1.96203900e+00 1.18697353e+00 1.45642938e+00 -9.68629301e-01 2.12333468e+02 1.90086701e+01
2.98622597e-04 1.48122590e+00 1.95561860e+00 1.18595828e+00 1.45307577e+00 -9.64605145e-01 2.20054971e+02 1.91169599e+01
3.09461742e-04 1.48970683e+00 1.94890431e+00 1.18476414e+00 1.44957087e+00 -9.60303032e-01 2.28042336e+02 1.92263934e+01
3.20669887e-04 1.49827828e+00 1.94187257e+00 1.18335571e+00 1.44603095e+00 -9.55638647e-01 2.36301618e+02 1.93369951e+01
3.32255120e-04 1.50694441e+00 1.93446964e+00 1.18170287e+00 1.44251800e+00 -9.50538793e-01 2.44838775e+02 1.94488185e+01
3.44225186e-04 1.51571120e+00 1.92663305e+00 1.17980216e+00 1.43898056e+00 -9.44969022e-01 2.53659516e+02 1.95619404e+01
3.56587397e-04 1.52457966e+00 1.91835674e+00 1.17767658e+00 1.43527623e+00 -9.38988573e-01 2.62769229e+02 1.96763735e+01
3.69348590e-04 1.53354577e+00 1.90971087e+00 1.17532205e+00 1.43129937e+00 -9.32601557e-01 2.72172951e+02 1.97920661e+01
3.82515251e-04 1.54260788e+00 1.90070768e+00 1.17271056e+00 1.42704617e+00 -9.25743207e-01 2.81875462e+02 1.99089972e+01
3.96093866e-04 1.55176345e+00 1.89135360e+00 1.16982387e+00 1.42252674e+00 -9.18453071e-01 2.91881543e+02 2.00271342e+01
4.10091077e-04 1.56100585e+00 1.88167892e+00 1.16664003e+00 1.41770564e+00 -9.10735882e-01 3.02196086e+02 2.01463919e+01
4.24513409e-04 1.57033357e+00 1.87156865e+00 1.16314281e+00 1.41255899e+00 -9.02499732e-01 3.12823903e+02 2.02667502e+01
4.39366941e-04 1.57975170e+00 1.86090236e+00 1.15933238e+00 1.40709575e+00 -8.93718258e-01 3.23769469e+02 2.03882744e+01
4.54657127e-04 1.58925897e+00 1.84976257e+00 1.15520264e+00 1.40130208e+00 -8.84467520e-01 3.35036806e+02 2.05109485e+01
4.70388765e-04 1.59884350e+00 1.83821027e+00 1.15073282e+00 1.39521495e+00 -8.74835902e-01 3.46629449e+02 2.06346196e+01
4.86566063e-04 1.60849669e+00 1.82624805e+00 1.14589708e+00 1.38875427e+00 -8.64738736e-01 3.58550499e+02 2.07591761e+01
5.03192554e-04 1.61821994e+00 1.81391776e+00 1.14067714e+00 1.38184582e+00 -8.54046705e-01 3.70802559e+02 2.08846360e+01
5.20270911e-04 1.62801456e+00 1.80121384e+00 1.13505540e+00 1.37453652e+00 -8.42723112e-01 3.83387599e+02 2.10110163e+01
5.37803367e-04 1.63787644e+00 1.78804747e+00 1.12899993e+00 1.36675335e+00 -8.30792004e-01 3.96307265e+02 2.11382639e+01
5.55791963e-04 1.64779597e+00 1.77443796e+00 1.12245742e+00 1.35838528e+00 -8.18334831e-01 4.09563060e+02 2.12662550e+01
5.74237296e-04 1.65775718e+00 1.76047203e+00 1.11542556e+00 1.34940747e+00 -8.05455586e-01 4.23155424e+02 2.13947837e+01
5.93138390e-04 1.66774821e+00 1.74612528e+00 1.10794801e+00 1.33979371e+00 -7.92093279e-01 4.37083639e+02 2.15236973e+01
6.12494919e-04 1.67776844e+00 1.73131451e+00 1.10004579e+00 1.32940500e+00 -7.78117734e-01 4.51347464e+02 2.16529875e+01
6.32305677e-04 1.68781393e+00 1.71603030e+00 1.09170512e+00 1.31824463e+00 -7.63517019e-01 4.65946010e+02 2.17826032e+01
6.52564621e-04 1.69787066e+00 1.70030432e+00 1.08290897e+00 1.30639678e+00 -7.48255060e-01 4.80874825e+02 2.19123636e+01
6.73267127e-04 1.70792906e+00 1.68404608e+00 1.07362036e+00 1.29388781e+00 -7.32255250e-01 4.96130500e+02 2.20421451e+01
6.94417795e-04 1.71798764e+00 1.66729007e+00 1.06380534e+00 1.28057375e+00 -7.15491530e-01 5.11716426e+02 2.21719285e+01
7.16016187e-04 1.72803992e+00 1.65019874e+00 1.05346484e+00 1.26638739e+00 -6.98036018e-01 5.27632279e+02 2.23016304e+01
7.38044143e-04 1.73807090e+00 1.63275732e+00 1.04261450e+00 1.25146134e+00 -6.80025449e-01 5.43864679e+02 2.24310573e+01
7.60496391e-04 1.74806871e+00 1.61475777e+00 1.03129689e+00 1.23580466e+00 -6.61552903e-01 5.60409739e+02 2.25600556e+01
7.83403032e-04 1.75803009e+00 1.59606380e+00 1.01953715e+00 1.21922548e+00 -6.42598466e-01 5.77289641e+02 2.26885833e+01
8.06760144e-04 1.76794167e+00 1.57677975e+00 1.00731873e+00 1.20167708e+00 -6.23078635e-01 5.94501495e+02 2.28164679e+01
8.30441359e-04 1.77775008e+00 1.55745740e+00 9.94652788e-01 1.18402986e+00 -6.03080920e-01 6.11952181e+02 2.29430215e+01
8.54246883e-04 1.78737233e+00 1.53776090e+00 9.81617441e-01 1.16550480e+00 -5.82856578e-01 6.29494470e+02 2.30671724e+01
8.78052043e-04 1.79675118e+00 1.51851807e+00 9.68274339e-01 1.14720430e+00 -5.62474671e-01 6.47036491e+02 2.31881829e+01
9.01856614e-04 1.80588326e+00 1.49778026e+00 9.54894762e-01 1.12616847e+00 -5.42131262e-01 6.64578078e+02 2.33060084e+01
9.25695583e-04 1.81479014e+00 1.47741314e+00 9.41701056e-01 1.10620243e+00 -5.21671099e-01 6.82145012e+02 2.34209274e+01
9.49567946e-04 1.82348596e+00 1.45727160e+00 9.28636856e-01 1.08733560e+00 -5.01246387e-01 6.99736555e+02 2.35331220e+01
9.73458240e-04 1.83196690e+00 1.43657449e+00 9.15493866e-01 1.06727737e+00 -4.80883403e-01 7.17341311e+02 2.36425439e+01
9.97367800e-04 1.84022082e+00 1.41565293e+00 9.02297499e-01 1.04703825e+00 -4.60624029e-01 7.34960264e+02 2.37490356e+01
1.02130324e-03 1.84824641e+00 1.39407423e+00 8.88907906e-01 1.02586532e+00 -4.40556528e-01 7.52598286e+02 2.38525793e+01
1.04526263e-03 1.85604296e+00 1.37208001e+00 8.75248205e-01 1.00431180e+00 -4.20768285e-01 7.70253962e+02 2.39531660e+01
1.06924284e-03 1.86360133e+00 1.34960658e+00 8.61337278e-01 9.82429327e-01 -4.01323626e-01 7.87924977e+02 2.40506782e+01
1.09324487e-03 1.87091410e+00 1.32657469e+00 8.47211721e-01 9.60324169e-01 -3.82186785e-01 8.05612067e+02 2.41450200e+01
1.11726936e-03 1.87798172e+00 1.30292157e+00 8.32909399e-01 9.37938195e-01 -3.63332890e-01 8.23315718e+02 2.42361970e+01
1.14131519e-03 1.88480686e+00 1.27856938e+00 8.18475544e-01 9.15428585e-01 -3.44754394e-01 8.41035083e+02 2.43242431e+01
1.16538182e-03 1.89139144e+00 1.25342463e+00 8.03983063e-01 8.92877393e-01 -3.26480899e-01 8.58769782e+02 2.44091828e+01
1.18946937e-03 1.89773444e+00 1.22761004e+00 7.89469477e-01 8.70275763e-01 -3.08663094e-01 8.76519899e+02 2.44910032e+01
1.21357750e-03 1.90383239e+00 1.20133845e+00 7.74947920e-01 8.47786997e-01 -2.91437310e-01 8.94285180e+02 2.45696598e+01
1.23770582e-03 1.90968697e+00 1.17452134e+00 7.60441075e-01 8.25579960e-01 -2.74798023e-01 9.12065331e+02 2.46451742e+01
1.26185421e-03 1.91530441e+00 1.14705942e+00 7.45969219e-01 8.03613795e-01 -2.58697680e-01 9.29860282e+02 2.47176266e+01
1.28602256e-03 1.92068653e+00 1.11908424e+00 7.31524932e-01 7.81756786e-01 -2.43172450e-01 9.47669935e+02 2.47870409e+01
1.31021062e-03 1.92583182e+00 1.09068947e+00 7.17088431e-01 7.60038729e-01 -2.28248921e-01 9.65494114e+02 2.48533978e+01
1.33441821e-03 1.93074179e+00 1.06181476e+00 7.02670657e-01 7.38584807e-01 -2.13931273e-01 9.83332687e+02 2.49167170e+01
1.35864517e-03 1.93542054e+00 1.03244287e+00 6.88316797e-01 7.17409527e-01 -2.00250267e-01 1.00118553e+03 2.49770514e+01
1.38289131e-03 1.93987393e+00 1.00260930e+00 6.74054774e-01 6.96367640e-01 -1.87218327e-01 1.01905251e+03 2.50344766e+01
1.40715644e-03 1.94411005e+00 9.72347320e-01 6.59867141e-01 6.75473097e-01 -1.74797718e-01 1.03693348e+03 2.50890973e+01
1.43144038e-03 1.94813657e+00 9.41738638e-01 6.45727026e-01 6.54825805e-01 -1.62935995e-01 1.05482832e+03 2.51410123e+01
1.45574294e-03 1.95195721e+00 9.10924328e-01 6.31628378e-01 6.34451973e-01 -1.51634287e-01 1.07273687e+03 2.51902704e+01
1.48006392e-03 1.95557179e+00 8.80134277e-01 6.17564884e-01 6.14375639e-01 -1.40906728e-01 1.09065900e+03 2.52368696e+01
1.50440314e-03 1.95898054e+00 8.49506762e-01 6.03543396e-01 5.94615281e-01 -1.30750366e-01 1.10859457e+03 2.52808133e+01
1.52876041e-03 1.96218913e+00 8.19029459e-01 5.89588495e-01 5.75130349e-01 -1.21165511e-01 1.12654344e+03 2.53221746e+01
1.55313553e-03 1.96520759e+00 7.88725078e-01 5.75714032e-01 5.55950173e-01 -1.12131727e-01 1.14450547e+03 2.53610831e+01
1.57752830e-03 1.96804376e+00 7.58695825e-01 5.61914250e-01 5.37166160e-01 -1.03617792e-01 1.16248050e+03 2.53976401e+01
1.60193854e-03 1.97070118e+00 7.29031114e-01 5.48179187e-01 5.18739928e-01 -9.56029503e-02 1.18046840e+03 2.54318915e+01
1.62636605e-03 1.97318433e+00 6.99754845e-01 5.34501201e-01 5.00659308e-01 -8.80609180e-02 1.19846903e+03 2.54638956e+01
1.65081062e-03 1.97550156e+00 6.70884866e-01 5.20896673e-01 4.82945744e-01 -8.09576429e-02 1.21648224e+03 2.54937600e+01
1.67527207e-03 1.97766117e+00 6.42516872e-01 5.07401541e-01 4.65526777e-01 -7.42875332e-02 1.23450788e+03 2.55215920e+01
1.69975020e-03 1.97966839e+00 6.14785604e-01 4.94028782e-01 4.48375456e-01 -6.80620275e-02 1.25254581e+03 2.55474593e+01
1.72424482e-03 1.98152747e+00 5.87756422e-01 4.80781215e-01 4.31608733e-01 -6.22822958e-02 1.27059589e+03 2.55714167e+01
1.74875573e-03 1.98324439e+00 5.61439289e-01 4.67663127e-01 4.15335969e-01 -5.69277197e-02 1.28865798e+03 2.55935415e+01
1.77328275e-03 1.98482685e+00 5.35912936e-01 4.54677335e-01 3.99519078e-01 -5.19546079e-02 1.30673193e+03 2.56139331e+01
1.79782567e-03 1.98628239e+00 5.11234445e-01 4.41833701e-01 3.84104909e-01 -4.73328838e-02 1.32481762e+03 2.56326887e+01
1.82238432e-03 1.98761750e+00 4.87366545e-01 4.29153588e-01 3.69068226e-01 -4.30438653e-02 1.34291488e+03 2.56498922e+01
1.84695849e-03 1.98883899e+00 4.64328752e-01 4.16661560e-01 3.54446583e-01 -3.90611986e-02 1.36102359e+03 2.56656314e+01
1.87154799e-03 1.98995459e+00 4.42229700e-01 4.04377075e-01 3.40188345e-01 -3.53714107e-02 1.37914359e+03 2.56800060e+01
1.89615264e-03 1.99097146e+00 4.21151175e-01 3.92305192e-01 3.26239604e-01 -3.19718699e-02 1.39727475e+03 2.56931080e+01
1.92077223e-03 1.99189535e+00 4.01122046e-01 3.80440070e-01 3.12629001e-01 -2.88601184e-02 1.41541692e+03 2.57050121e+01
1.94540657e-03 1.99273161e+00 3.82060162e-01 3.68776411e-01 2.99416321e-01 -2.60318793e-02 1.43356997e+03 2.57157870e+01
1.97005546e-03 1.99348578e+00 3.63884397e-01 3.57307722e-01 2.86612319e-01 -2.34710074e-02 1.45173373e+03 2.57255041e+01
1.99471871e-03 1.99416337e+00 3.46607931e-01 3.46027212e-01 2.74256352e-01 -2.11511998e-02 1.46990808e+03 2.57342346e+01
2.01939613e-03 1.99476997e+00 3.30256102e-01 3.34939027e-01 2.62428355e-01 -1.90390238e-02 1.48809287e+03 2.57420504e+01
2.04408751e-03 1.99531129e+00 3.14775101e-01 3.24063506e-01 2.51081999e-01 -1.71086796e-02 1.50628795e+03 2.57490252e+01
2.06879266e-03 1.99579261e+00 3.00098367e-01 3.13429288e-01 2.40155322e-01 -1.53556650e-02 1.52449317e+03 2.57552270e+01
2.09351137e-03 1.99621923e+00 2.86175431e-01 3.03062117e-01 2.29682665e-01 -1.37686173e-02 1.54270839e+03 2.57607239e+01
2.11824347e-03 1.99659698e+00 2.73031112e-01 2.92984885e-01 2.19675368e-01 -1.23252507e-02 1.56093347e+03 2.57655911e+01
2.14298873e-03 1.99693114e+00 2.60722875e-01 2.83213014e-01 2.10025142e-01 -1.10088537e-02 1.57916825e+03 2.57698967e+01
2.16774697e-03 1.99722575e+00 2.49223176e-01 2.73746104e-01 2.00712695e-01 -9.81043397e-03 1.59741259e+03 2.57736927e+01
2.19251798e-03 1.99748419e+00 2.38390043e-01 2.64573894e-01 1.91806500e-01 -8.72224874e-03 1.61566635e+03 2.57770228e+01
2.21730157e-03 1.99770934e+00 2.28122208e-01 2.55686903e-01 1.83317778e-01 -7.73973835e-03 1.63392938e+03 2.57799237e+01
2.24209753e-03 1.99790365e+00 2.18470787e-01 2.47062761e-01 1.75218553e-01 -6.85733945e-03 1.65220152e+03 2.57824275e+01
2.26690567e-03 1.99807004e+00 2.09524255e-01 2.38672115e-01 1.67495419e-01 -6.06698938e-03 1.67048263e+03 2.57845715e+01
2.29172577e-03 1.99821207e+00 2.01213962e-01 2.30519489e-01 1.60086695e-01 -5.36176378e-03 1.68877257e+03 2.57864016e+01
2.31655765e-03 1.99833310e+00 1.93388487e-01 2.22633048e-01 1.52983216e-01 -4.73163765e-03 1.70707118e+03 2.57879612e+01
2.34140110e-03 1.99843559e+00 1.85987291e-01 2.15023200e-01 1.46241441e-01 -4.16932816e-03 1.72537831e+03 2.57892818e+01
2.36625591e-03 1.99852120e+00 1.78999286e-01 2.07687465e-01 1.39817492e-01 -3.67061259e-03 1.74369382e+03 2.57903850e+01
2.39112189e-03 1.99859148e+00 1.72409495e-01 2.00632016e-01 1.33616886e-01 -3.22777676e-03 1.76201756e+03 2.57912906e+01
2.41599883e-03 1.99864799e+00 1.66231875e-01 1.93864842e-01 1.27599783e-01 -2.83586406e-03 1.78034937e+03 2.57920188e+01
2.44088652e-03 1.99869235e+00 1.60442369e-01 1.87376640e-01 1.21846178e-01 -2.48957669e-03 1.79868911e+03 2.57925903e+01
2.46578477e-03 1.99872607e+00 1.54978649e-01 1.81152434e-01 1.16419681e-01 -2.18324078e-03 1.81703663e+03 2.57930248e+01
2.49069338e-03 1.99875026e+00 1.49762213e-01 1.75183337e-01 1.11285518e-01 -1.91525708e-03 1.83539178e+03 2.57933365e+01
2.51561212e-03 1.99876581e+00 1.44765385e-01 1.69451185e-01 1.06423874e-01 -1.67994233e-03 1.85375440e+03 2.57935368e+01
2.54054081e-03 1.99877376e+00 1.40033443e-01 1.63932638e-01 1.01829759e-01 -1.47035682e-03 1.87212435e+03 2.57936391e+01
2.56547924e-03 1.99877491e+00 1.35591865e-01 1.58612394e-01 9.74908210e-02 -1.28697613e-03 1.89050148e+03 2.57936538e+01
2.59042720e-03 1.99876977e+00 1.31449605e-01 1.53481683e-01 9.34361946e-02 -1.13342035e-03 1.90888563e+03 2.57935873e+01
2.61538449e-03 1.99875909e+00 1.27571166e-01 1.48545935e-01 8.96094490e-02 -1.00547554e-03 1.92727665e+03 2.57934495e+01
2.64035089e-03 1.99874406e+00 1.23896545e-01 1.43819387e-01 8.59547325e-02 -8.91353380e-04 1.94567439e+03 2.57932556e+01
2.66532621e-03 1.99872565e+00 1.20404885e-01 1.39301186e-01 8.25122331e-02 -7.82936170e-04 1.96407870e+03 2.57930180e+01
2.69031024e-03 1.99870413e+00 1.17072920e-01 1.34980753e-01 7.92826126e-02 -6.83407017e-04 1.98248943e+03 2.57927405e+01
2.71530277e-03 1.99867958e+00 1.13895157e-01 1.30846446e-01 7.62154786e-02 -5.98495487e-04 2.00090643e+03 2.57924238e+01
2.74030359e-03 1.99865232e+00 1.10876096e-01 1.26892907e-01 7.32921863e-02 -5.27134276e-04 2.01932953e+03 2.57920720e+01
2.76531250e-03 1.99862269e+00 1.08005060e-01 1.23119463e-01 7.05236091e-02 -4.66520047e-04 2.03775859e+03 2.57916898e+01
2.79032929e-03 1.99859096e+00 1.05240654e-01 1.19520827e-01 6.79279587e-02 -4.14815902e-04 2.05619346e+03 2.57912804e+01
2.81535375e-03 1.99855737e+00 1.02560296e-01 1.16089596e-01 6.55014841e-02 -3.70280501e-04 2.07463399e+03 2.57908471e+01
2.84038567e-03 1.99852225e+00 9.99812404e-02 1.12815131e-01 6.32239946e-02 -3.32213187e-04 2.09308001e+03 2.57903940e+01
2.86542485e-03 1.99848586e+00 9.75178439e-02 1.09683245e-01 6.10668837e-02 -2.99052936e-04 2.11153138e+03 2.57899246e+01
2.89047107e-03 1.99844851e+00 9.51623631e-02 1.06682520e-01 5.90213360e-02 -2.68936255e-04 2.12998794e+03 2.57894427e+01
2.91552413e-03 1.99841049e+00 9.29129137e-02 1.03805491e-01 5.70983366e-02 -2.39446161e-04 2.14844953e+03 2.57889522e+01
2.94058382e-03 1.99837197e+00 9.07459427e-02 1.01050341e-01 5.52850912e-02 -2.10802191e-04 2.16691602e+03 2.57884552e+01
2.96564992e-03 1.99833293e+00 8.86398143e-02 9.84096843e-02 5.35567222e-02 -1.85655269e-04 2.18538723e+03 2.57879515e+01
2.99072224e-03 1.99829333e+00 8.66135734e-02 9.58660041e-02 5.19128013e-02 -1.64962594e-04 2.20386302e+03 2.57874405e+01
3.01580056e-03 1.99825315e+00 8.46856132e-02 9.34102131e-02 5.03615837e-02 -1.47599911e-04 2.22234322e+03 2.57869222e+01
3.04088466e-03 1.99821244e+00 8.28516051e-02 9.10467379e-02 4.88745579e-02 -1.31925734e-04 2.24082770e+03 2.57863969e+01
3.06597434e-03 1.99817127e+00 8.11027511e-02 8.87756921e-02 4.74450003e-02 -1.16968357e-04 2.25931629e+03 2.57858657e+01
3.09106940e-03 1.99812971e+00 7.94386492e-02 8.65894492e-02 4.61093559e-02 -1.02542953e-04 2.27780883e+03 2.57853295e+01
3.11616961e-03 1.99808782e+00 7.78562706e-02 8.44907323e-02 4.48605138e-02 -8.89141272e-05 2.29630517e+03 2.57847890e+01
3.14127477e-03 1.99804562e+00 7.63398849e-02 8.24847794e-02 4.36518062e-02 -7.66210647e-05 2.31480516e+03 2.57842444e+01
3.16638466e-03 1.99800307e+00 7.48798662e-02 8.05625978e-02 4.24750211e-02 -6.60415542e-05 2.33330864e+03 2.57836954e+01
3.19149908e-03 1.99796021e+00 7.34735625e-02 7.87116862e-02 4.13667852e-02 -5.74347806e-05 2.35181546e+03 2.57831424e+01
3.21661782e-03 1.99791713e+00 7.21227985e-02 7.69310108e-02 4.03174347e-02 -5.01885809e-05 2.37032545e+03 2.57825866e+01
3.24174066e-03 1.99787395e+00 7.08300821e-02 7.52220190e-02 3.93141485e-02 -4.33315177e-05 2.38883847e+03 2.57820294e+01
3.26686739e-03 1.99783070e+00 6.95930494e-02 7.35801721e-02 3.83515636e-02 -3.69943984e-05 2.40735436e+03 2.57814713e+01
3.29199780e-03 1.99778736e+00 6.84063176e-02 7.19988495e-02 3.74217487e-02 -3.14741809e-05 2.42587295e+03 2.57809120e+01
3.31713168e-03 1.99774389e+00 6.72682880e-02 7.04715555e-02 3.65250583e-02 -2.64324522e-05 2.44439411e+03 2.57803511e+01
3.34226881e-03 1.99770027e+00 6.61850000e-02 6.89936665e-02 3.56592784e-02 -2.17228675e-05 2.46291766e+03 2.57797882e+01
3.36740899e-03 1.99765645e+00 6.51515206e-02 6.75617228e-02 3.48391333e-02 -1.80667949e-05 2.48144346e+03 2.57792228e+01
3.39255201e-03 1.99761242e+00 6.41503673e-02 6.61759630e-02 3.40541475e-02 -1.63954383e-05 2.49997134e+03 2.57786546e+01
3.41769764e-03 1.99756823e+00 6.31789930e-02 6.48388005e-02 3.32821983e-02 -1.63195150e-05 2.51850116e+03 2.57780845e+01
3.44284568e-03 1.99752401e+00 6.22412188e-02 6.35502844e-02 3.25244231e-02 -1.66130203e-05 2.53703275e+03 2.57775138e+01
3.46799592e-03 1.99747984e+00 6.13367990e-02 6.23074158e-02 3.17959934e-02 -1.60350418e-05 2.55556596e+03 2.57769438e+01
3.49314814e-03 1.99743572e+00 6.04654565e-02 6.11064090e-02 3.10933086e-02 -1.41722806e-05 2.57410063e+03 2.57763746e+01
3.51830213e-03 1.99739163e+00 5.96300575e-02 5.99446610e-02 3.04185261e-02 -1.20872657e-05 2.59263660e+03 2.57758056e+01
3.54345768e-03 1.99734749e+00 5.88308899e-02 5.88197185e-02 2.97838907e-02 -1.04214683e-05 2.61117373e+03 2.57752361e+01
3.56861458e-03 1.99730329e+00 5.80585314e-02 5.77309583e-02 2.91787896e-02 -8.91741648e-06 2.62971184e+03 2.57746656e+01
3.59377261e-03 1.99725903e+00 5.73100188e-02 5.66779047e-02 2.86030929e-02 -7.40473541e-06 2.64825079e+03 2.57740946e+01
3.61893156e-03 1.99721476e+00 5.65866222e-02 5.56592098e-02 2.80574295e-02 -5.81041192e-06 2.66679042e+03 2.57735232e+01
3.64409122e-03 1.99717048e+00 5.58871894e-02 5.46738685e-02 2.75274943e-02 -4.01668960e-06 2.68533057e+03 2.57729519e+01
3.66925137e-03 1.99712618e+00 5.52104346e-02 5.37197695e-02 2.70072134e-02 -2.36291728e-06 2.70387109e+03 2.57723802e+01
3.69441181e-03 1.99708181e+00 5.45571380e-02 5.27936011e-02 2.65039638e-02 -1.14061539e-06 2.72241181e+03 2.57718077e+01
3.71957231e-03 1.99703738e+00 5.39265034e-02 5.18927556e-02 2.60190113e-02 -1.56098840e-07 2.74095258e+03 2.57712343e+01
3.74473267e-03 1.99699290e+00 5.33149200e-02 5.10166972e-02 2.55488364e-02 6.73883370e-07 2.75949325e+03 2.57706604e+01
3.76989268e-03 1.99694839e+00 5.27220378e-02 5.01645612e-02 2.50929738e-02 1.34719432e-06 2.77803366e+03 2.57700860e+01
3.79505211e-03 1.99690384e+00 5.21483693e-02 4.93350907e-02 2.46526888e-02 1.95024761e-06 2.79657364e+03 2.57695112e+01
3.82021077e-03 1.99685927e+00 5.15926685e-02 4.85278127e-02 2.42284635e-02 2.59763899e-06 2.81511305e+03 2.57689360e+01
3.84536843e-03 1.99681471e+00 5.10550228e-02 4.77415645e-02 2.38179323e-02 3.36579893e-06 2.83365173e+03 2.57683609e+01
3.87052488e-03 1.99677016e+00 5.05350723e-02 4.69743685e-02 2.34194673e-02 4.27057150e-06 2.85218952e+03 2.57677860e+01
3.89567992e-03 1.99672559e+00 5.00302314e-02 4.62253357e-02 2.30311227e-02 5.24538394e-06 2.87072626e+03 2.57672109e+01
3.92083332e-03 1.99668099e+00 4.95376192e-02 4.54950088e-02 2.26495787e-02 6.10382045e-06 2.88926180e+03 2.57666354e+01
3.94598487e-03 1.99663635e+00 4.90589121e-02 4.47836197e-02 2.22737387e-02 6.74406802e-06 2.90779599e+03 2.57660593e+01
3.97113437e-03 1.99659168e+00 4.85952960e-02 4.40907489e-02 2.19055310e-02 7.24046432e-06 2.92632865e+03 2.57654829e+01
3.99628160e-03 1.99654699e+00 4.81449057e-02 4.34161117e-02 2.15489113e-02 7.68063131e-06 2.94485964e+03 2.57649062e+01
4.02142635e-03 1.99650228e+00 4.77076549e-02 4.27594871e-02 2.12076882e-02 8.09128507e-06 2.96338881e+03 2.57643293e+01
4.04656840e-03 1.99645757e+00 4.72843837e-02 4.21203129e-02 2.08790504e-02 8.42068490e-06 2.98191598e+03 2.57637522e+01
4.07170755e-03 1.99641284e+00 4.68738537e-02 4.14975214e-02 2.05591759e-02 8.65837373e-06 3.00044102e+03 2.57631751e+01
4.09684358e-03 1.99636812e+00 4.64752154e-02 4.08900585e-02 2.02474260e-02 8.90771852e-06 3.01896376e+03 2.57625979e+01
4.12197628e-03 1.99632339e+00 4.60885259e-02 4.02972946e-02 1.99447843e-02 9.22256134e-06 3.03748404e+03 2.57620208e+01
4.14710543e-03 1.99627866e+00 4.57133908e-02 3.97187631e-02 1.96509126e-02 9.55387121e-06 3.05600171e+03 2.57614436e+01
4.17223084e-03 1.99623392e+00 4.53493502e-02 3.91541049e-02 1.93640121e-02 9.86175017e-06 3.07451662e+03 2.57608662e+01
4.19735227e-03 1.99618918e+00 4.49959207e-02 3.86028604e-02 1.90838297e-02 1.01412365e-05 3.09302860e+03 2.57602888e+01
4.22246953e-03 1.99614443e+00 4.46526410e-02 3.80642343e-02 1.88107151e-02 1.03978430e-05 3.11153751e+03 2.57597114e+01
4.24758240e-03 1.99609968e+00 4.43192126e-02 3.75376721e-02 1.85444276e-02 1.06401526e-05 3.13004318e+03 2.57591339e+01
4.27269067e-03 1.99605493e+00 4.39953241e-02 3.70230615e-02 1.82842014e-02 1.08839229e-05 3.14854546e+03 2.57585563e+01
4.29779413e-03 1.99601017e+00 4.36805751e-02 3.65200608e-02 1.80299703e-02 1.11356322e-05 3.16704420e+03 2.57579788e+01
4.32289257e-03 1.99596541e+00 4.33745979e-02 3.60281537e-02 1.77817437e-02 1.13860920e-05 3.18553924e+03 2.57574012e+01
4.34798577e-03 1.99592065e+00 4.30771276e-02 3.55469026e-02 1.75392151e-02 1.16305622e-05 3.20403042e+03 2.57568236e+01
4.37307354e-03 1.99587589e+00 4.27878739e-02 3.50759480e-02 1.73021375e-02 1.18695867e-05 3.22251759e+03 2.57562460e+01
4.39815565e-03 1.99583113e+00 4.25065620e-02 3.46149701e-02 1.70703262e-02 1.21036934e-05 3.24100060e+03 2.57556684e+01
4.42323189e-03 1.99578637e+00 4.22329412e-02 3.41636687e-02 1.68436034e-02 1.23327922e-05 3.25947928e+03 2.57550908e+01
4.44830207e-03 1.99574161e+00 4.19667709e-02 3.37217591e-02 1.66217978e-02 1.25571219e-05 3.27795349e+03 2.57545131e+01
4.47336596e-03 1.99569685e+00 4.17078175e-02 3.32889707e-02 1.64047541e-02 1.27770166e-05 3.29642307e+03 2.57539355e+01
4.49842336e-03 1.99565209e+00 4.14558571e-02 3.28650444e-02 1.61923259e-02 1.29926412e-05 3.31488786e+03 2.57533580e+01
4.52347405e-03 1.99560734e+00 4.12106747e-02 3.24497319e-02 1.59843712e-02 1.32041586e-05 3.33334772e+03 2.57527804e+01
4.54851784e-03 1.99556258e+00 4.09720636e-02 3.20427945e-02 1.57807545e-02 1.34117823e-05 3.35180248e+03 2.57522029e+01
4.57355450e-03 1.99551783e+00 4.07398244e-02 3.16440030e-02 1.55813473e-02 1.36156945e-05 3.37025200e+03 2.57516254e+01
4.59858384e-03 1.99547308e+00 4.05137645e-02 3.12531364e-02 1.53860262e-02 1.38160470e-05 3.38869612e+03 2.57510479e+01
4.62360564e-03 1.99542834e+00 4.02936985e-02 3.08699818e-02 1.51946723e-02 1.40129924e-05 3.40713468e+03 2.57504705e+01
4.64861970e-03 1.99538360e+00 4.00794473e-02 3.04943341e-02 1.50071719e-02 1.42066709e-05 3.42556754e+03 2.57498932e+01
4.67362580e-03 1.99533886e+00 3.98708378e-02 3.01259951e-02 1.48234155e-02 1.43972039e-05 3.44399453e+03 2.57493159e+01
4.69862374e-03 1.99529414e+00 3.96677023e-02 2.97647736e-02 1.46432977e-02 1.45847064e-05 3.46241552e+03 2.57487387e+01
4.72361332e-03 1.99524941e+00 3.94698789e-02 2.94104849e-02 1.44667171e-02 1.47692956e-05 3.48083033e+03 2.57481615e+01
4.74859432e-03 1.99520470e+00 3.92772110e-02 2.90629504e-02 1.42935760e-02 1.49510899e-05 3.49923883e+03 2.57475845e+01
4.77356653e-03 1.99515998e+00 3.90895470e-02 2.87219976e-02 1.41237803e-02 1.51302045e-05 3.51764086e+03 2.57470075e+01
4.79852977e-03 1.99511528e+00 3.89067408e-02 2.83874595e-02 1.39572391e-02 1.53067505e-05 3.53603626e+03 2.57464306e+01
4.82348380e-03 1.99507059e+00 3.87286510e-02 2.80591746e-02 1.37938649e-02 1.54808329e-05 3.55442489e+03 2.57458539e+01
4.84842844e-03 1.99502590e+00 3.85551407e-02 2.77369865e-02 1.36335730e-02 1.56525506e-05 3.57280659e+03 2.57452772e+01
4.87336347e-03 1.99498122e+00 3.83860777e-02 2.74207437e-02 1.34762819e-02 1.58219951e-05 3.59118121e+03 2.57447006e+01
4.89828869e-03 1.99493655e+00 3.82213339e-02 2.71102996e-02 1.33219126e-02 1.59892485e-05 3.60954860e+03 2.57441242e+01
4.92320389e-03 1.99489189e+00 3.80607853e-02 2.68055120e-02 1.31703891e-02 1.61543849e-05 3.62790861e+03 2.57435478e+01
4.94810887e-03 1.99484724e+00 3.79043115e-02 2.65062431e-02 1.30216377e-02 1.63174737e-05 3.64626109e+03 2.57429716e+01
4.97300343e-03 1.99480260e+00 3.77517960e-02 2.62123595e-02 1.28755873e-02 1.64785855e-05 3.66460589e+03 2.57423956e+01
4.99788736e-03 1.99475797e+00 3.76031258e-02 2.59237318e-02 1.27321690e-02 1.66377925e-05 3.68294286e+03 2.57418197e+01
5.02276046e-03 1.99471335e+00 3.74581915e-02 2.56402343e-02 1.25913162e-02 1.67951671e-05 3.70127184e+03 2.57412439e+01
5.04762252e-03 1.99466874e+00 3.73168875e-02 2.53617452e-02 1.24529644e-02 1.69507793e-05 3.71959269e+03 2.57406682e+01
5.07247334e-03 1.99462415e+00 3.71791112e-02 2.50881465e-02 1.23170511e-02 1.71046964e-05 3.73790526e+03 2.57400928e+01
5.09731272e-03 1.99457957e+00 3.70447634e-02 2.48193234e-02 1.21835161e-02 1.72569822e-05 3.75620940e+03 2.57395174e+01
5.12214046e-03 1.99453500e+00 3.69137480e-02 2.45551644e-02 1.20523008e-02 1.74076961e-05 3.77450496e+03 2.57389423e+01
5.14695636e-03 1.99449044e+00 3.67859720e-02 2.42955615e-02 1.19233485e-02 1.75568910e-05 3.79279179e+03 2.57383673e+01
5.17176021e-03 1.99444590e+00 3.66613450e-02 2.40404097e-02 1.17966045e-02 1.77046131e-05 3.81106975e+03 2.57377925e+01
5.19655181e-03 1.99440137e+00 3.65397794e-02 2.37896068e-02 1.16720156e-02 1.78509062e-05 3.82933868e+03 2.57372179e+01
5.22133097e-03 1.99435686e+00 3.64211900e-02 2.35430538e-02 1.15495302e-02 1.79958140e-05 3.84759843e+03 2.57366434e+01
5.24609747e-03 1.99431236e+00 3.63054945e-02 2.33006545e-02 1.14290983e-02 1.81393814e-05 3.86584887e+03 2.57360692e+01
5.27085113e-03 1.99426787e+00 3.61926129e-02 2.30623151e-02 1.13106715e-02 1.82816543e-05 3.88408984e+03 2.57354951e+01
5.29559175e-03 1.99422341e+00 3.60824677e-02 2.28279447e-02 1.11942027e-02 1.84226784e-05 3.90232120e+03 2.57349213e+01
5.32031912e-03 1.99417895e+00 3.59749838e-02 2.25974548e-02 1.10796463e-02 1.85624984e-05 3.92054280e+03 2.57343477e+01
5.34503304e-03 1.99413452e+00 3.58700886e-02 2.23707595e-02 1.09669580e-02 1.87011569e-05 3.93875449e+03 2.57337742e+01
5.36973333e-03 1.99409010e+00 3.57677114e-02 2.21477750e-02 1.08560949e-02 1.88386919e-05 3.95695612e+03 2.57332010e+01
5.39441977e-03 1.99404570e+00 3.56677840e-02 2.19284200e-02 1.07470153e-02 1.89751362e-05 3.97514756e+03 2.57326280e+01
5.41909218e-03 1.99400131e+00 3.55702399e-02 2.17126153e-02 1.06396789e-02 1.91105197e-05 3.99332866e+03 2.57320552e+01
5.44375036e-03 1.99395694e+00 3.54750146e-02 2.15002839e-02 1.05340463e-02 1.92448713e-05 4.01149927e+03 2.57314827e+01
5.46839411e-03 1.99391260e+00 3.53820454e-02 2.12913507e-02 1.04300794e-02 1.93782208e-05 4.02965925e+03 2.57309104e+01
5.49302324e-03 1.99386827e+00 3.52912716e-02 2.10857429e-02 1.03277411e-02 1.95105986e-05 4.04780845e+03 2.57303383e+01
5.51763755e-03 1.99382395e+00 3.52026343e-02 2.08833893e-02 1.02269954e-02 1.96420361e-05 4.06594673e+03 2.57297665e+01
5.54223684e-03 1.99377966e+00 3.51160762e-02 2.06842209e-02 1.01278074e-02 1.97725648e-05 4.08407395e+03 2.57291949e+01
5.56682093e-03 1.99373539e+00 3.50315420e-02 2.04881703e-02 1.00301430e-02 1.99022150e-05 4.10218996e+03 2.57286236e+01
5.59138962e-03 1.99369114e+00 3.49489780e-02 2.02951718e-02 9.93396909e-03 2.00310140e-05 4.12029463e+03 2.57280526e+01
5.61594271e-03 1.99364691e+00 3.48683321e-02 2.01051618e-02 9.83925364e-03 2.01589848e-05 4.13838780e+03 2.57274818e+01
5.64048002e-03 1.99360270e+00 3.47895534e-02 1.99180779e-02 9.74596535e-03 2.02861480e-05 4.15646934e+03 2.57269112e+01
5.66500135e-03 1.99355851e+00 3.47125930e-02 1.97338596e-02 9.65407386e-03 2.04125232e-05 4.17453911e+03 2.57263410e+01
5.68950651e-03 1.99351434e+00 3.46374028e-02 1.95524477e-02 9.56354960e-03 2.05381307e-05 4.19259696e+03 2.57257710e+01
5.71399531e-03 1.99347019e+00 3.45639366e-02 1.93737848e-02 9.47436385e-03 2.06629914e-05 4.21064275e+03 2.57252013e+01
5.73846756e-03 1.99342606e+00 3.44921492e-02 1.91978147e-02 9.38648865e-03 2.07871277e-05 4.22867635e+03 2.57246319e+01
5.76292307e-03 1.99338196e+00 3.44219969e-02 1.90244829e-02 9.29989679e-03 2.09105621e-05 4.24669762e+03 2.57240627e+01
5.78736165e-03 1.99333788e+00 3.43534372e-02 1.88537359e-02 9.21456180e-03 2.10333170e-05 4.26470640e+03 2.57234939e+01
5.81178311e-03 1.99329382e+00 3.42864290e-02 1.86855219e-02 9.13045792e-03 2.11554117e-05 4.28270258e+03 2.57229253e+01
5.83618726e-03 1.99324979e+00 3.42209322e-02 1.85197901e-02 9.04756007e-03 2.12768641e-05 4.30068599e+03 2.57223571e+01
5.86057392e-03 1.99320578e+00 3.41569081e-02 1.83564913e-02 8.96584382e-03 2.13976879e-05 4.31865652e+03 2.57217892e+01
5.88494289e-03 1.99316179e+00 3.40943189e-02 1.81955773e-02 8.88528537e-03 2.15178982e-05 4.33661402e+03 2.57212215e+01
5.90929400e-03 1.99311783e+00 3.40331277e-02 1.80370009e-02 8.80586153e-03 2.16375083e-05 4.35455835e+03 2.57206542e+01
5.93362706e-03 1.99307389e+00 3.39732990e-02 1.78807165e-02 8.72754972e-03 2.17565305e-05 4.37248938e+03 2.57200872e+01
5.95794187e-03 1.99302998e+00 3.39147981e-02 1.77266792e-02 8.65032793e-03 2.18749838e-05 4.39040696e+03 2.57195205e+01
5.98223826e-03 1.99298609e+00 3.38575913e-02 1.75748456e-02 8.57417473e-03 2.19928822e-05 4.40831097e+03 2.57189541e+01
6.00651605e-03 1.99294223e+00 3.38016460e-02 1.74251729e-02 8.49906924e-03 2.21102434e-05 4.42620127e+03 2.57183881e+01
6.03077504e-03 1.99289839e+00 3.37469305e-02 1.72776196e-02 8.42499116e-03 2.22270729e-05 4.44407772e+03 2.57178224e+01
6.05501505e-03 1.99285458e+00 3.36934139e-02 1.71321452e-02 8.35192062e-03 2.23433857e-05 4.46194018e+03 2.57172570e+01
6.07923591e-03 1.99281080e+00 3.36410662e-02 1.69887103e-02 8.27983836e-03 2.24592036e-05 4.47978853e+03 2.57166920e+01
6.10343743e-03 1.99276704e+00 3.35898579e-02 1.68472759e-02 8.20872524e-03 2.25745533e-05 4.49762263e+03 2.57161273e+01
6.12761943e-03 1.99272331e+00 3.35397614e-02 1.67078047e-02 8.13856341e-03 2.26894109e-05 4.51544234e+03 2.57155630e+01
6.15178173e-03 1.99267960e+00 3.34907491e-02 1.65702596e-02 8.06933479e-03 2.28037905e-05 4.53324754e+03 2.57149990e+01
6.17592414e-03 1.99263592e+00 3.34427938e-02 1.64346047e-02 8.00102186e-03 2.29177061e-05 4.55103808e+03 2.57144353e+01
6.20004650e-03 1.99259227e+00 3.33958696e-02 1.63008050e-02 7.93360749e-03 2.30311720e-05 4.56881384e+03 2.57138721e+01
6.22414862e-03 1.99254865e+00 3.33499512e-02 1.61688261e-02 7.86707503e-03 2.31442005e-05 4.58657469e+03 2.57133091e+01
6.24823031e-03 1.99250506e+00 3.33050139e-02 1.60386345e-02 7.80140826e-03 2.32568000e-05 4.60432049e+03 2.57127466e+01
6.27229141e-03 1.99246149e+00 3.32610339e-02 1.59101977e-02 7.73659132e-03 2.33689814e-05 4.62205112e+03 2.57121844e+01
6.29633174e-03 1.99241796e+00 3.32179878e-02 1.57834835e-02 7.67260879e-03 2.34807518e-05 4.63976643e+03 2.57116226e+01
6.32035112e-03 1.99237445e+00 3.31758530e-02 1.56584607e-02 7.60944552e-03 2.35921195e-05 4.65746631e+03 2.57110611e+01
6.34434938e-03 1.99233097e+00 3.31346076e-02 1.55350989e-02 7.54708679e-03 2.37030925e-05 4.67515062e+03 2.57105000e+01
6.36832633e-03 1.99228753e+00 3.30942301e-02 1.54133681e-02 7.48551820e-03 2.38136784e-05 4.69281924e+03 2.57099394e+01
6.39228181e-03 1.99224411e+00 3.30546997e-02 1.52932393e-02 7.42472570e-03 2.39238855e-05 4.71047203e+03 2.57093790e+01
6.41621564e-03 1.99220072e+00 3.30159962e-02 1.51746838e-02 7.36469555e-03 2.40337216e-05 4.72810887e+03 2.57088191e+01
6.44012765e-03 1.99215736e+00 3.29780998e-02 1.50576740e-02 7.30541438e-03 2.41431948e-05 4.74572963e+03 2.57082596e+01
6.46401766e-03 1.99211403e+00 3.29409914e-02 1.49421825e-02 7.24686910e-03 2.42523126e-05 4.76333418e+03 2.57077005e+01
6.48788551e-03 1.99207073e+00 3.29046524e-02 1.48281829e-02 7.18904695e-03 2.43610822e-05 4.78092239e+03 2.57071417e+01
6.51173102e-03 1.99202747e+00 3.28690647e-02 1.47156491e-02 7.13193546e-03 2.44695087e-05 4.79849415e+03 2.57065834e+01
6.53555403e-03 1.99198423e+00 3.28342105e-02 1.46045556e-02 7.07552242e-03 2.45775973e-05 4.81604932e+03 2.57060255e+01
6.55935436e-03 1.99194103e+00 3.28000727e-02 1.44948776e-02 7.01979590e-03 2.46853526e-05 4.83358778e+03 2.57054679e+01
6.58313184e-03 1.99189786e+00 3.27666345e-02 1.43865908e-02 6.96474423e-03 2.47927805e-05 4.85110941e+03 2.57049108e+01
6.60688631e-03 1.99185472e+00 3.27338796e-02 1.42796714e-02 6.91035599e-03 2.48998866e-05 4.86861407e+03 2.57043541e+01
6.63061760e-03 1.99181161e+00 3.27017920e-02 1.41740960e-02 6.85662002e-03 2.50066769e-05 4.88610166e+03 2.57037978e+01
6.65432554e-03 1.99176854e+00 3.26703565e-02 1.40698420e-02 6.80352542e-03 2.51131572e-05 4.90357204e+03 2.57032419e+01
6.67800997e-03 1.99172549e+00 3.26395579e-02 1.39668869e-02 6.75106153e-03 2.52193336e-05 4.92102509e+03 2.57026865e+01
6.70167072e-03 1.99168248e+00 3.26093817e-02 1.38652090e-02 6.69921794e-03 2.53252118e-05 4.93846070e+03 2.57021315e+01
6.72530763e-03 1.99163951e+00 3.25798136e-02 1.37647869e-02 6.64798447e-03 2.54307969e-05 4.95587873e+03 2.57015769e+01
6.74892052e-03 1.99159656e+00 3.25508399e-02 1.36655999e-02 6.59735117e-03 2.55360927e-05 4.97327908e+03 2.57010227e+01
6.77250925e-03 1.99155365e+00 3.25224469e-02 1.35676274e-02 6.54730831e-03 2.56411027e-05 4.99066161e+03 2.57004690e+01
6.79607365e-03 1.99151078e+00 3.24946215e-02 1.34708496e-02 6.49784635e-03 2.57458302e-05 5.00802621e+03 2.56999157e+01
6.81961355e-03 1.99146794e+00 3.24673508e-02 1.33752467e-02 6.44895596e-03 2.58502788e-05 5.02537276e+03 2.56993628e+01
6.84312880e-03 1.99142513e+00 3.24406223e-02 1.32807998e-02 6.40062801e-03 2.59544524e-05 5.04270114e+03 2.56988104e+01
6.86661923e-03 1.99138236e+00 3.24144238e-02 1.31874900e-02 6.35285357e-03 2.60583549e-05 5.06001124e+03 2.56982584e+01
6.89008468e-03 1.99133962e+00 3.23887434e-02 1.30952990e-02 6.30562390e-03 2.61619904e-05 5.07730293e+03 2.56977069e+01
6.91352501e-03 1.99129691e+00 3.23635696e-02 1.30042087e-02 6.25893043e-03 2.62653629e-05 5.09457611e+03 2.56971558e+01
6.93694004e-03 1.99125424e+00 3.23388912e-02 1.29142015e-02 6.21276477e-03 2.63684770e-05 5.11183064e+03 2.56966052e+01
6.96032963e-03 1.99121161e+00 3.23146973e-02 1.28252601e-02 6.16711870e-03 2.64713366e-05 5.12906643e+03 2.56960550e+01
6.98369361e-03 1.99116901e+00 3.22909770e-02 1.27373678e-02 6.12198416e-03 2.65739449e-05 5.14628335e+03 2.56955053e+01
7.00703183e-03 1.99112645e+00 3.22677201e-02 1.26505079e-02 6.07735324e-03 2.66763048e-05 5.16348128e+03 2.56949560e+01
7.03034414e-03 1.99108392e+00 3.22449162e-02 1.25646642e-02 6.03321823e-03 2.67784186e-05 5.18066012e+03 2.56944072e+01
7.05363039e-03 1.99104143e+00 3.22225556e-02 1.24798208e-02 5.98957153e-03 2.68802888e-05 5.19781976e+03 2.56938589e+01
7.07689042e-03 1.99099898e+00 3.22006285e-02 1.23959623e-02 5.94640574e-03 2.69819177e-05 5.21496007e+03 2.56933110e+01
7.10012409e-03 1.99095656e+00 3.21791256e-02 1.23130733e-02 5.90371358e-03 2.70833074e-05 5.23208096e+03 2.56927637e+01
7.12333123e-03 1.99091418e+00 3.21580376e-02 1.22311390e-02 5.86148795e-03 2.71844601e-05 5.24918230e+03 2.56922167e+01
7.14651171e-03 1.99087184e+00 3.21373555e-02 1.21501445e-02 5.81972187e-03 2.72853789e-05 5.26626399e+03 2.56916703e+01
7.16966537e-03 1.99082953e+00 3.21170708e-02 1.20700757e-02 5.77840850e-03 2.73860666e-05 5.28332593e+03 2.56911243e+01
7.19279207e-03 1.99078726e+00 3.20971748e-02 1.19909184e-02 5.73754114e-03 2.74865266e-05 5.30036799e+03 2.56905789e+01
7.21589166e-03 1.99074503e+00 3.20776592e-02 1.19126589e-02 5.69711321e-03 2.75867614e-05 5.31739007e+03 2.56900339e+01
7.23896399e-03 1.99070283e+00 3.20585160e-02 1.18352835e-02 5.65711826e-03 2.76867737e-05 5.33439207e+03 2.56894894e+01
7.26200892e-03 1.99066068e+00 3.20397372e-02 1.17587791e-02 5.61754996e-03 2.77865657e-05 5.35137388e+03 2.56889453e+01
7.28502630e-03 1.99061856e+00 3.20213151e-02 1.16831325e-02 5.57840210e-03 2.78861393e-05 5.36833539e+03 2.56884018e+01
7.30801600e-03 1.99057648e+00 3.20032421e-02 1.16083311e-02 5.53966862e-03 2.79854962e-05 5.38527649e+03 2.56878588e+01
7.33097785e-03 1.99053443e+00 3.19855110e-02 1.15343625e-02 5.50134357e-03 2.80846378e-05 5.40219708e+03 2.56873162e+01
7.35391173e-03 1.99049243e+00 3.19681146e-02 1.14612142e-02 5.46342115e-03 2.81835655e-05 5.41909706e+03 2.56867742e+01
7.37681750e-03 1.99045046e+00 3.19510459e-02 1.13888745e-02 5.42589566e-03 2.82822812e-05 5.43597631e+03 2.56862326e+01
7.39969500e-03 1.99040854e+00 3.19342980e-02 1.13173314e-02 5.38876153e-03 2.83807871e-05 5.45283474e+03 2.56856916e+01
7.42254411e-03 1.99036665e+00 3.19178643e-02 1.12465734e-02 5.35201327e-03 2.84790853e-05 5.46967225e+03 2.56851510e+01
7.44536468e-03 1.99032480e+00 3.19017384e-02 1.11765893e-02 5.31564550e-03 2.85771778e-05 5.48648872e+03 2.56846110e+01
7.46815657e-03 1.99028299e+00 3.18859137e-02 1.11073677e-02 5.27965291e-03 2.86750660e-05 5.50328407e+03 2.56840715e+01
7.49091965e-03 1.99024123e+00 3.18703843e-02 1.10388978e-02 5.24403027e-03 2.87727513e-05 5.52005818e+03 2.56835324e+01
7.51365378e-03 1.99019950e+00 3.18551439e-02 1.09711689e-02 5.20877247e-03 2.88702353e-05 5.53681096e+03 2.56829939e+01
7.53635884e-03 1.99015781e+00 3.18401866e-02 1.09041704e-02 5.17387445e-03 2.89675201e-05 5.55354232e+03 2.56824559e+01
7.55903467e-03 1.99011616e+00 3.18255068e-02 1.08378920e-02 5.13933126e-03 2.90646049e-05 5.57025214e+03 2.56819185e+01
7.58168113e-03 1.99007455e+00 3.18110986e-02 1.07723236e-02 5.10513807e-03 2.91614890e-05 5.58694031e+03 2.56813815e+01
7.60429813e-03 1.99003298e+00 3.17969567e-02 1.07074552e-02 5.07129020e-03 2.92581774e-05 5.60360677e+03 2.56808451e+01
7.62688554e-03 1.98999145e+00 3.17830757e-02 1.06432771e-02 5.03778298e-03 2.93546755e-05 5.62025143e+03 2.56803092e+01
7.64944312e-03 1.98994997e+00 3.17694502e-02 1.05797799e-02 5.00461160e-03 2.94509767e-05 5.63687412e+03 2.56797738e+01
7.67197080e-03 1.98990852e+00 3.17560751e-02 1.05169540e-02 4.97177150e-03 2.95470761e-05 5.65347476e+03 2.56792390e+01
7.69446865e-03 1.98986711e+00 3.17429456e-02 1.04547896e-02 4.93925881e-03 2.96429904e-05 5.67005343e+03 2.56787046e+01
7.71693631e-03 1.98982575e+00 3.17300570e-02 1.03932784e-02 4.90706932e-03 2.97387308e-05 5.68660985e+03 2.56781709e+01
7.73937332e-03 1.98978443e+00 3.17174039e-02 1.03324122e-02 4.87519747e-03 2.98342723e-05 5.70314367e+03 2.56776376e+01
7.76178025e-03 1.98974315e+00 3.17049814e-02 1.02721802e-02 4.84363843e-03 2.99296010e-05 5.71965534e+03 2.56771049e+01
7.78415739e-03 1.98970191e+00 3.16927859e-02 1.02125731e-02 4.81239074e-03 3.00247566e-05 5.73614505e+03 2.56765727e+01
7.80650291e-03 1.98966071e+00 3.16808138e-02 1.01535867e-02 4.78145248e-03 3.01197594e-05 5.75261147e+03 2.56760411e+01
7.82881631e-03 1.98961956e+00 3.16690590e-02 1.00952138e-02 4.75081500e-03 3.02145593e-05 5.76905420e+03 2.56755100e+01
7.85110125e-03 1.98957844e+00 3.16575148e-02 1.00374362e-02 4.72046870e-03 3.03091351e-05 5.78547598e+03 2.56749794e+01
7.87335787e-03 1.98953736e+00 3.16461796e-02 9.98024559e-03 4.69041660e-03 3.04035449e-05 5.80187688e+03 2.56744493e+01
7.89557727e-03 1.98949635e+00 3.16350548e-02 9.92365663e-03 4.66066912e-03 3.04978021e-05 5.81825036e+03 2.56739200e+01
7.91775933e-03 1.98945538e+00 3.16241334e-02 9.86766103e-03 4.63121480e-03 3.05918543e-05 5.83459631e+03 2.56733913e+01
7.93993502e-03 1.98941440e+00 3.16133950e-02 9.81217320e-03 4.60200442e-03 3.06857781e-05 5.85093758e+03 2.56728625e+01
7.96215435e-03 1.98937333e+00 3.16028147e-02 9.75706373e-03 4.57297606e-03 3.07798290e-05 5.86731100e+03 2.56723325e+01
7.98444913e-03 1.98933211e+00 3.15923776e-02 9.70225205e-03 4.54409273e-03 3.08741936e-05 5.88374002e+03 2.56718005e+01
8.00682039e-03 1.98929073e+00 3.15820808e-02 9.64773474e-03 4.51534922e-03 3.09688469e-05 5.90022540e+03 2.56712666e+01
8.02926045e-03 1.98924921e+00 3.15719249e-02 9.59352954e-03 4.48675065e-03 3.10637151e-05 5.91676148e+03 2.56707307e+01
8.05177057e-03 1.98920754e+00 3.15619086e-02 9.53963242e-03 4.45829672e-03 3.11588223e-05 5.93334918e+03 2.56701930e+01
8.07435557e-03 1.98916571e+00 3.15520294e-02 9.48603094e-03 4.42998357e-03 3.12542186e-05 5.94999207e+03 2.56696532e+01
8.09701617e-03 1.98912373e+00 3.15422854e-02 9.43272268e-03 4.40180915e-03 3.13498996e-05 5.96669066e+03 2.56691115e+01
8.11975172e-03 1.98908160e+00 3.15326752e-02 9.37970833e-03 4.37377259e-03 3.14458486e-05 5.98344449e+03 2.56685677e+01
8.14256373e-03 1.98903930e+00 3.15231972e-02 9.32698369e-03 4.34587229e-03 3.15420763e-05 6.00025466e+03 2.56680219e+01
8.16545399e-03 1.98899684e+00 3.15138497e-02 9.27454400e-03 4.31810638e-03 3.16385946e-05 6.01712249e+03 2.56674740e+01
8.18842330e-03 1.98895422e+00 3.15046310e-02 9.22238685e-03 4.29047338e-03 3.17354034e-05 6.03404857e+03 2.56669240e+01
8.21147252e-03 1.98891143e+00 3.14955396e-02 9.17050971e-03 4.26297183e-03 3.18325063e-05 6.05103354e+03 2.56663718e+01
8.23460302e-03 1.98886847e+00 3.14865739e-02 9.11890906e-03 4.23560015e-03 3.19299133e-05 6.06807840e+03 2.56658174e+01
8.25781598e-03 1.98882534e+00 3.14777326e-02 9.06758184e-03 4.20835682e-03 3.20276309e-05 6.08518403e+03 2.56652608e+01
8.28111246e-03 1.98878204e+00 3.14690140e-02 9.01652530e-03 4.18124041e-03 3.21256636e-05 6.10235121e+03 2.56647020e+01
8.30449366e-03 1.98873856e+00 3.14604169e-02 8.96573657e-03 4.15424949e-03 3.22240155e-05 6.11958081e+03 2.56641409e+01
8.32796080e-03 1.98869490e+00 3.14519397e-02 8.91521271e-03 4.12738269e-03 3.23226928e-05 6.13687374e+03 2.56635775e+01
8.35151506e-03 1.98865106e+00 3.14435810e-02 8.86495100e-03 4.10063861e-03 3.24216996e-05 6.15423088e+03 2.56630117e+01
8.37515766e-03 1.98860703e+00 3.14353396e-02 8.81494880e-03 4.07401591e-03 3.25210401e-05 6.17165311e+03 2.56624436e+01
8.39888985e-03 1.98856282e+00 3.14272140e-02 8.76520333e-03 4.04751318e-03 3.26207218e-05 6.18914136e+03 2.56618730e+01
8.42271286e-03 1.98851841e+00 3.14192029e-02 8.71571209e-03 4.02112909e-03 3.27207483e-05 6.20669654e+03 2.56613000e+01
8.44662797e-03 1.98847382e+00 3.14113050e-02 8.66647240e-03 3.99486229e-03 3.28211286e-05 6.22431957e+03 2.56607245e+01
8.47063644e-03 1.98842903e+00 3.14035190e-02 8.61748177e-03 3.96871150e-03 3.29218664e-05 6.24201142e+03 2.56601465e+01
8.49473958e-03 1.98838404e+00 3.13958436e-02 8.56873758e-03 3.94267530e-03 3.30229703e-05 6.25977302e+03 2.56595659e+01
8.51893869e-03 1.98833884e+00 3.13882779e-02 8.52023765e-03 3.91675270e-03 3.31244423e-05 6.27760534e+03 2.56589827e+01
8.54323510e-03 1.98829345e+00 3.13808202e-02 8.47197889e-03 3.89094191e-03 3.32263001e-05 6.29550937e+03 2.56583969e+01
8.56763016e-03 1.98824785e+00 3.13734699e-02 8.42395982e-03 3.86524240e-03 3.33285334e-05 6.31348609e+03 2.56578084e+01
8.59212523e-03 1.98820203e+00 3.13662255e-02 8.37617749e-03 3.83965255e-03 3.34311569e-05 6.33153650e+03 2.56572172e+01
8.61672169e-03 1.98815601e+00 3.13590858e-02 8.32862979e-03 3.81417130e-03 3.35341752e-05 6.34966163e+03 2.56566233e+01
8.64142093e-03 1.98810977e+00 3.13520499e-02 8.28131460e-03 3.78879750e-03 3.36375941e-05 6.36786249e+03 2.56560265e+01
8.66622436e-03 1.98806330e+00 3.13451166e-02 8.23422965e-03 3.76353004e-03 3.37414198e-05 6.38614014e+03 2.56554270e+01
8.69113342e-03 1.98801662e+00 3.13382847e-02 8.18737280e-03 3.73836774e-03 3.38456590e-05 6.40449563e+03 2.56548245e+01
8.71614956e-03 1.98796971e+00 3.13315534e-02 8.14074191e-03 3.71330944e-03 3.39503176e-05 6.42293002e+03 2.56542191e+01
8.74127426e-03 1.98792257e+00 3.13249216e-02 8.09433476e-03 3.68835404e-03 3.40554030e-05 6.44144441e+03 2.56536108e+01
8.76650899e-03 1.98787520e+00 3.13183882e-02 8.04814932e-03 3.66350038e-03 3.41609217e-05 6.46003988e+03 2.56529995e+01
8.79185528e-03 1.98782759e+00 3.13119524e-02 8.00218349e-03 3.63874737e-03 3.42668815e-05 6.47871756e+03 2.56523851e+01
8.81731464e-03 1.98777974e+00 3.13056131e-02 7.95643530e-03 3.61409396e-03 3.43732889e-05 6.49747856e+03 2.56517677e+01
8.84288864e-03 1.98773165e+00 3.12993694e-02 7.91090283e-03 3.58953910e-03 3.44801505e-05 6.51632404e+03 2.56511471e+01
8.86857885e-03 1.98768332e+00 3.12932203e-02 7.86558420e-03 3.56508181e-03 3.45874733e-05 6.53525515e+03 2.56505233e+01
8.89438685e-03 1.98763473e+00 3.12871649e-02 7.82047760e-03 3.54072112e-03 3.46952637e-05 6.55427306e+03 2.56498963e+01
8.92031426e-03 1.98758589e+00 3.12812023e-02 7.77558125e-03 3.51645608e-03 3.48035291e-05 6.57337897e+03 2.56492660e+01
8.94636273e-03 1.98753679e+00 3.12753314e-02 7.73089337e-03 3.49228576e-03 3.49122766e-05 6.59257409e+03 2.56486324e+01
8.97253391e-03 1.98748743e+00 3.12695516e-02 7.68641220e-03 3.46820924e-03 3.50215135e-05 6.61185963e+03 2.56479955e+01
8.99882948e-03 1.98743781e+00 3.12638620e-02 7.64213599e-03 3.44422558e-03 3.51312467e-05 6.63123683e+03 2.56473551e+01
9.02525116e-03 1.98738791e+00 3.12582617e-02 7.59806305e-03 3.42033384e-03 3.52414833e-05 6.65070696e+03 2.56467112e+01
9.05180066e-03 1.98733775e+00 3.12527501e-02 7.55419172e-03 3.39653312e-03 3.53522306e-05 6.67027129e+03 2.56460638e+01
9.07847976e-03 1.98728730e+00 3.12473263e-02 7.51052041e-03 3.37282253e-03 3.54634962e-05 6.68993112e+03 2.56454129e+01
9.10529022e-03 1.98723658e+00 3.12419895e-02 7.46704758e-03 3.34920120e-03 3.55752882e-05 6.70968775e+03 2.56447583e+01
9.13223386e-03 1.98718557e+00 3.12367390e-02 7.42377172e-03 3.32566827e-03 3.56876151e-05 6.72954251e+03 2.56441000e+01
9.15931249e-03 1.98713427e+00 3.12315738e-02 7.38069132e-03 3.30222285e-03 3.58004857e-05 6.74949675e+03 2.56434380e+01
9.18652799e-03 1.98708268e+00 3.12264934e-02 7.33780485e-03 3.27886405e-03 3.59139085e-05 6.76955185e+03 2.56427722e+01
9.21388224e-03 1.98703079e+00 3.12214969e-02 7.29511083e-03 3.25559099e-03 3.60278919e-05 6.78970920e+03 2.56421026e+01
9.24137715e-03 1.98697859e+00 3.12165837e-02 7.25260781e-03 3.23240284e-03 3.61424439e-05 6.80997019e+03 2.56414291e+01
9.26901466e-03 1.98692609e+00 3.12117530e-02 7.21029446e-03 3.20929882e-03 3.62575725e-05 6.83033627e+03 2.56407515e+01
9.29679675e-03 1.98687328e+00 3.12070043e-02 7.16816949e-03 3.18627820e-03 3.63732859e-05 6.85080889e+03 2.56400700e+01
9.32472541e-03 1.98682015e+00 3.12023368e-02 7.12623165e-03 3.16334028e-03 3.64895923e-05 6.87138952e+03 2.56393844e+01
9.35280267e-03 1.98676670e+00 3.11977500e-02 7.08447969e-03 3.14048433e-03 3.66065004e-05 6.89207965e+03 2.56386947e+01
9.38103060e-03 1.98671293e+00 3.11932431e-02 7.04291231e-03 3.11770964e-03 3.67240190e-05 6.91288081e+03 2.56380007e+01
9.40941129e-03 1.98665882e+00 3.11888156e-02 7.00152827e-03 3.09501549e-03 3.68421574e-05 6.93379454e+03 2.56373025e+01
9.43794686e-03 1.98660438e+00 3.11844669e-02 6.96032636e-03 3.07240119e-03 3.69609256e-05 6.95482240e+03 2.56365999e+01
9.46663947e-03 1.98654959e+00 3.11801962e-02 6.91930548e-03 3.04986608e-03 3.70803340e-05 6.97596598e+03 2.56358929e+01
9.49549132e-03 1.98649446e+00 3.11760030e-02 6.87846459e-03 3.02740950e-03 3.72003928e-05 6.99722691e+03 2.56351815e+01
9.52450462e-03 1.98643898e+00 3.11718865e-02 6.83780266e-03 3.00503078e-03 3.73211114e-05 7.01860681e+03 2.56344655e+01
9.55368165e-03 1.98638315e+00 3.11678465e-02 6.79731866e-03 2.98272919e-03 3.74424990e-05 7.04010736e+03 2.56337450e+01
9.58302469e-03 1.98632695e+00 3.11638822e-02 6.75701151e-03 2.96050400e-03 3.75645642e-05 7.06173024e+03 2.56330197e+01
9.61253607e-03 1.98627038e+00 3.11599933e-02 6.71688017e-03 2.93835445e-03 3.76873168e-05 7.08347718e+03 2.56322897e+01
9.64221817e-03 1.98621344e+00 3.11561793e-02 6.67692365e-03 2.91627986e-03 3.78107670e-05 7.10534992e+03 2.56315549e+01
9.67207340e-03 1.98615611e+00 3.11524396e-02 6.63714104e-03 2.89427957e-03 3.79349258e-05 7.12735023e+03 2.56308152e+01
9.70210420e-03 1.98609841e+00 3.11487737e-02 6.59753150e-03 2.87235301e-03 3.80598047e-05 7.14947992e+03 2.56300705e+01
9.73231305e-03 1.98604031e+00 3.11451809e-02 6.55809421e-03 2.85049962e-03 3.81854144e-05 7.17174083e+03 2.56293208e+01
9.76270249e-03 1.98598182e+00 3.11416609e-02 6.51882839e-03 2.82871885e-03 3.83117656e-05 7.19413480e+03 2.56285659e+01
9.79327508e-03 1.98592292e+00 3.11382132e-02 6.47973326e-03 2.80701009e-03 3.84388691e-05 7.21666374e+03 2.56278058e+01
9.82403343e-03 1.98586361e+00 3.11348373e-02 6.44080804e-03 2.78537272e-03 3.85667356e-05 7.23932957e+03 2.56270405e+01
9.85498020e-03 1.98580388e+00 3.11315329e-02 6.40205199e-03 2.76380611e-03 3.86953770e-05 7.26213424e+03 2.56262697e+01
9.88611808e-03 1.98574374e+00 3.11282995e-02 6.36346440e-03 2.74230971e-03 3.88248047e-05 7.28507974e+03 2.56254936e+01
9.91744982e-03 1.98568316e+00 3.11251367e-02 6.32504464e-03 2.72088302e-03 3.89550309e-05 7.30816810e+03 2.56247118e+01
9.94897821e-03 1.98562215e+00 3.11220441e-02 6.28679212e-03 2.69952568e-03 3.90860677e-05 7.33140136e+03 2.56239245e+01
9.98070607e-03 1.98556069e+00 3.11190212e-02 6.24870635e-03 2.67823733e-03 3.92179280e-05 7.35478163e+03 2.56231314e+01
1.00126363e-02 1.98549878e+00 3.11160676e-02 6.21078685e-03 2.65701763e-03 3.93506249e-05 7.37831101e+03 2.56223325e+01
1.00447718e-02 1.98543641e+00 3.11131828e-02 6.17303311e-03 2.63586616e-03 3.94841718e-05 7.40199168e+03 2.56215276e+01
1.00771157e-02 1.98537358e+00 3.11103665e-02 6.13544462e-03 2.61478241e-03 3.96185812e-05 7.42582584e+03 2.56207168e+01
1.01096708e-02 1.98531028e+00 3.11076184e-02 6.09802087e-03 2.59376583e-03 3.97538656e-05 7.44981572e+03 2.56198999e+01
1.01424403e-02 1.98524649e+00 3.11049382e-02 6.06076135e-03 2.57281584e-03 3.98900373e-05 7.47396360e+03 2.56190768e+01
1.01754274e-02 1.98518222e+00 3.11023256e-02 6.02366566e-03 2.55193190e-03 4.00271093e-05 7.49827180e+03 2.56182474e+01
1.02086353e-02 1.98511745e+00 3.10997803e-02 5.98673348e-03 2.53111356e-03 4.01650957e-05 7.52274266e+03 2.56174115e+01
1.02420672e-02 1.98505218e+00 3.10973020e-02 5.94996456e-03 2.51036050e-03 4.03040109e-05 7.54737860e+03 2.56165692e+01
1.02757264e-02 1.98498639e+00 3.10948903e-02 5.91335867e-03 2.48967244e-03 4.04438701e-05 7.57218206e+03 2.56157202e+01
1.03096163e-02 1.98492008e+00 3.10925448e-02 5.87691559e-03 2.46904909e-03 4.05846880e-05 7.59715552e+03 2.56148645e+01
1.03437403e-02 1.98485325e+00 3.10902653e-02 5.84063505e-03 2.44849014e-03 4.07264785e-05 7.62230152e+03 2.56140020e+01
1.03781020e-02 1.98478587e+00 3.10880515e-02 5.80451690e-03 2.42799525e-03 4.08692559e-05 7.64762264e+03 2.56131325e+01
1.04127048e-02 1.98471794e+00 3.10859030e-02 5.76856109e-03 2.40756406e-03 4.10130367e-05 7.67312149e+03 2.56122560e+01
1.04475526e-02 1.98464946e+00 3.10838197e-02 5.73276764e-03 2.38719624e-03 4.11578381e-05 7.69880077e+03 2.56113722e+01
1.04826488e-02 1.98458041e+00 3.10818011e-02 5.69713649e-03 2.36689142e-03 4.13036756e-05 7.72466318e+03 2.56104812e+01
1.05179973e-02 1.98451079e+00 3.10798472e-02 5.66166757e-03 2.34664922e-03 4.14505632e-05 7.75071150e+03 2.56095827e+01
1.05536019e-02 1.98444058e+00 3.10779577e-02 5.62636074e-03 2.32646923e-03 4.15985188e-05 7.77694855e+03 2.56086766e+01
1.05894666e-02 1.98436977e+00 3.10761324e-02 5.59121598e-03 2.30635098e-03 4.17475643e-05 7.80337724e+03 2.56077629e+01
1.06255953e-02 1.98429835e+00 3.10743712e-02 5.55623345e-03 2.28629391e-03 4.18977159e-05 7.83000043e+03 2.56068413e+01
1.06619919e-02 1.98422632e+00 3.10726738e-02 5.52141329e-03 2.26629766e-03 4.20489812e-05 7.85682114e+03 2.56059117e+01
1.06986609e-02 1.98415366e+00 3.10710400e-02 5.48675563e-03 2.24636238e-03 4.22013740e-05 7.88384252e+03 2.56049740e+01
1.07356062e-02 1.98408036e+00 3.10694698e-02 5.45226115e-03 2.22648824e-03 4.23549264e-05 7.91106749e+03 2.56040282e+01
1.07728320e-02 1.98400642e+00 3.10679629e-02 5.41793038e-03 2.20667479e-03 4.25096740e-05 7.93849916e+03 2.56030739e+01
1.08103432e-02 1.98393180e+00 3.10665190e-02 5.38376292e-03 2.18692140e-03 4.26656247e-05 7.96614120e+03 2.56021110e+01
1.08481440e-02 1.98385651e+00 3.10651375e-02 5.34975904e-03 2.16722867e-03 4.28227563e-05 7.99399660e+03 2.56011394e+01
1.08862379e-02 1.98378055e+00 3.10638186e-02 5.31591989e-03 2.14759822e-03 4.29810907e-05 8.02206793e+03 2.56001591e+01
1.09246312e-02 1.98370389e+00 3.10625632e-02 5.28224463e-03 2.12802940e-03 4.31407337e-05 8.05035999e+03 2.55991699e+01
1.09633296e-02 1.98362651e+00 3.10613708e-02 5.24873322e-03 2.10851732e-03 4.33017225e-05 8.07887683e+03 2.55981714e+01
1.10023330e-02 1.98354839e+00 3.10602398e-02 5.21538974e-03 2.08905892e-03 4.34639204e-05 8.10761846e+03 2.55971632e+01
1.10416482e-02 1.98346954e+00 3.10591696e-02 5.18221311e-03 2.06966183e-03 4.36273044e-05 8.13658980e+03 2.55961457e+01
1.10812897e-02 1.98339000e+00 3.10581626e-02 5.14919708e-03 2.05033638e-03 4.37921542e-05 8.16580162e+03 2.55951192e+01
1.11212526e-02 1.98330969e+00 3.10572206e-02 5.11635147e-03 2.03107154e-03 4.39585645e-05 8.19525029e+03 2.55940829e+01
1.11615265e-02 1.98322851e+00 3.10563403e-02 5.08368834e-03 2.01184089e-03 4.41261800e-05 8.22492816e+03 2.55930352e+01
1.12021472e-02 1.98314646e+00 3.10555170e-02 5.05118267e-03 1.99265535e-03 4.42949523e-05 8.25486150e+03 2.55919764e+01
1.12431409e-02 1.98306378e+00 3.10547536e-02 5.01882087e-03 1.97357381e-03 4.44654049e-05 8.28506977e+03 2.55909094e+01
1.12844385e-02 1.98298051e+00 3.10540582e-02 4.98666322e-03 1.95460477e-03 4.46375555e-05 8.31550199e+03 2.55898348e+01
1.13260221e-02 1.98289620e+00 3.10534308e-02 4.95472527e-03 1.93564229e-03 4.48108373e-05 8.34614495e+03 2.55887469e+01
1.13680664e-02 1.98281049e+00 3.10528608e-02 4.92287719e-03 1.91661389e-03 4.49855304e-05 8.37712737e+03 2.55876408e+01
1.14106022e-02 1.98272395e+00 3.10523435e-02 4.89110740e-03 1.89766642e-03 4.51622710e-05 8.40847197e+03 2.55865240e+01
1.14532450e-02 1.98263761e+00 3.10518890e-02 4.85970846e-03 1.87901324e-03 4.53400762e-05 8.43989547e+03 2.55854099e+01
1.14959625e-02 1.98255086e+00 3.10515056e-02 4.82870055e-03 1.86050017e-03 4.55184771e-05 8.47137397e+03 2.55842904e+01
1.15401524e-02 1.98246034e+00 3.10511825e-02 4.79708769e-03 1.84143646e-03 4.57026121e-05 8.50393754e+03 2.55831223e+01
1.15882507e-02 1.98236159e+00 3.10509024e-02 4.76320923e-03 1.82094690e-03 4.59026233e-05 8.53938112e+03 2.55818478e+01
1.16421300e-02 1.98225139e+00 3.10506695e-02 4.72590851e-03 1.79842939e-03 4.61267584e-05 8.57908484e+03 2.55804258e+01
1.17024516e-02 1.98212810e+00 3.10505170e-02 4.68494063e-03 1.77364490e-03 4.63781491e-05 8.62353581e+03 2.55788348e+01
1.17695441e-02 1.98199025e+00 3.10504868e-02 4.64032578e-03 1.74649766e-03 4.66585110e-05 8.67297627e+03 2.55770558e+01
1.18441854e-02 1.98183584e+00 3.10506137e-02 4.59182475e-03 1.71685804e-03 4.69709630e-05 8.72797943e+03 2.55750632e+01
1.19274077e-02 1.98166309e+00 3.10509270e-02 4.53911749e-03 1.68452641e-03 4.73189796e-05 8.78930590e+03 2.55728339e+01
1.20201657e-02 1.98147066e+00 3.10514716e-02 4.48206304e-03 1.64923481e-03 4.77060740e-05 8.85765931e+03 2.55703506e+01
1.21234592e-02 1.98125651e+00 3.10523349e-02 4.42063317e-03 1.61077447e-03 4.81373129e-05 8.93377629e+03 2.55675871e+01
1.22384958e-02 1.98101661e+00 3.10536339e-02 4.35475656e-03 1.56917319e-03 4.86193974e-05 9.01854673e+03 2.55644913e+01
1.23666304e-02 1.98074569e+00 3.10554744e-02 4.28435964e-03 1.52446198e-03 4.91585258e-05 9.11296914e+03 2.55609952e+01
1.25093197e-02 1.98043968e+00 3.10579380e-02 4.20950947e-03 1.47669011e-03 4.97593100e-05 9.21811680e+03 2.55570462e+01
1.26681832e-02 1.98009670e+00 3.10611169e-02 4.13052942e-03 1.42543946e-03 5.04260902e-05 9.33518331e+03 2.55526201e+01
1.28450377e-02 1.97971434e+00 3.10651610e-02 4.04755545e-03 1.37058972e-03 5.11670575e-05 9.46550742e+03 2.55476858e+01
1.30418887e-02 1.97928807e+00 3.10702730e-02 3.96116133e-03 1.31233663e-03 5.19912603e-05 9.61056688e+03 2.55421848e+01
1.32609484e-02 1.97881179e+00 3.10766651e-02 3.87201942e-03 1.25097142e-03 5.29102883e-05 9.77199196e+03 2.55360386e+01
1.35046690e-02 1.97827787e+00 3.10845383e-02 3.78100541e-03 1.18675635e-03 5.39363958e-05 9.95158967e+03 2.55291486e+01
1.37757612e-02 1.97767695e+00 3.10940907e-02 3.68919894e-03 1.11998351e-03 5.50819491e-05 1.01513575e+04 2.55213938e+01
1.40772124e-02 1.97699828e+00 3.11055554e-02 3.59790838e-03 1.05102861e-03 5.63597964e-05 1.03734969e+04 2.55126358e+01
1.44123137e-02 1.97623047e+00 3.11192312e-02 3.50870252e-03 9.80339411e-04 5.77843754e-05 1.06204330e+04 2.55027274e+01
1.47846891e-02 1.97536190e+00 3.11354796e-02 3.42342629e-03 9.08479048e-04 5.93727147e-05 1.08948364e+04 2.54915187e+01
1.51983261e-02 1.97438025e+00 3.11546930e-02 3.34419868e-03 8.36128475e-04 6.11448697e-05 1.11996455e+04 2.54788508e+01
1.56576088e-02 1.97327111e+00 3.11772633e-02 3.27337564e-03 7.64061731e-04 6.31238817e-05 1.15380909e+04 2.54645377e+01
1.61673481e-02 1.97201630e+00 3.12035851e-02 3.21349413e-03 6.93123988e-04 6.53357768e-05 1.19137177e+04 2.54483446e+01
1.67328113e-02 1.97059259e+00 3.12340977e-02 3.16721027e-03 6.24201106e-04 6.78099775e-05 1.23304075e+04 2.54299720e+01
1.73597553e-02 1.96897144e+00 3.12693418e-02 3.13723122e-03 5.58191807e-04 7.05804162e-05 1.27924025e+04 2.54090516e+01
1.80544657e-02 1.96711937e+00 3.13099990e-02 3.12622865e-03 4.95972930e-04 7.36869433e-05 1.33043345e+04 2.53851511e+01
