VARIABLES="Y/c","U","Urms/utau","Vrms/utau","Wrms/utau","<uv>/utau^2","y+",u"+"
0.00000000e+00 0.00000000e+00 0.00000000e+00 0.00000000e+00 0.00000000e+00 0.00000000e+00 0.00000000e+00 0.00000000e+00
1.74152823e-06 2.50435149e-02 3.02896980e-01 5.36245398e-03 2.03516450e-01 -3.11711238e-04 6.54149046e-01 6.54420458e-01
3.55080067e-06 5.10814937e-02 6.14282903e-01 1.81246100e-02 3.85702868e-01 -2.71173233e-03 1.33374402e+00 1.33482967e+00
5.43037453e-06 7.80411436e-02 9.32228035e-01 3.78547374e-02 5.49591719e-01 -9.85472641e-03 2.03974547e+00 2.03933084e+00
7.38289725e-06 1.05798957e-01 1.25173322e+00 6.31305707e-02 6.96899712e-01 -2.44366531e-02 2.77314781e+00 2.76470166e+00
9.41110916e-06 1.34118865e-01 1.56409106e+00 9.29913827e-02 8.29329916e-01 -4.86361565e-02 3.53498035e+00 3.50477797e+00
1.15178462e-05 1.62694021e-01 1.86014511e+00 1.26407163e-01 9.48442497e-01 -8.33747014e-02 4.32630833e+00 4.25154313e+00
1.37060425e-05 1.91173007e-01 2.13164954e+00 1.62694191e-01 1.05576346e+00 -1.28304718e-01 5.14823389e+00 4.99581354e+00
1.59787336e-05 2.19193668e-01 2.37289668e+00 2.01122889e-01 1.15268509e+00 -1.81810240e-01 6.00189715e+00 5.72812185e+00
1.83390585e-05 2.46424420e-01 2.58088941e+00 2.41217028e-01 1.24045878e+00 -2.41636746e-01 6.88847725e+00 6.43979854e+00
2.07902631e-05 2.72584090e-01 2.75517178e+00 2.82476946e-01 1.32015061e+00 -3.05172160e-01 7.80919339e+00 7.12349048e+00
2.33357027e-05 2.97458959e-01 2.89715682e+00 3.24558008e-01 1.39263397e+00 -3.69996850e-01 8.76530590e+00 7.77360795e+00
2.59788450e-05 3.20903979e-01 3.00948174e+00 3.67111393e-01 1.45860984e+00 -4.33988137e-01 9.75811725e+00 8.38635624e+00
2.87232726e-05 3.42839296e-01 3.09544227e+00 4.09866242e-01 1.51864498e+00 -4.95538967e-01 1.07889732e+01 8.95964562e+00
3.15726861e-05 3.63240920e-01 3.15854608e+00 4.52563058e-01 1.57320569e+00 -5.53501086e-01 1.18592637e+01 9.49284721e+00
3.45309067e-05 3.82129701e-01 3.20223950e+00 4.94970669e-01 1.62269589e+00 -6.07180433e-01 1.29704240e+01 9.98650480e+00
3.76018789e-05 3.99559971e-01 3.22972163e+00 5.36883491e-01 1.66747720e+00 -6.56249692e-01 1.41239360e+01 1.04420380e+01
4.07896736e-05 4.15609006e-01 3.24386663e+00 5.78099745e-01 1.70788477e+00 -7.00652738e-01 1.53213285e+01 1.08614664e+01
4.40984901e-05 4.30368138e-01 3.24719012e+00 6.18455596e-01 1.74423748e+00 -7.40553651e-01 1.65641789e+01 1.12471775e+01
4.75326590e-05 4.43935691e-01 3.24185979e+00 6.57784707e-01 1.77684432e+00 -7.76222689e-01 1.78541140e+01 1.16017414e+01
5.10966449e-05 4.56411801e-01 3.22972028e+00 6.95966854e-01 1.80600928e+00 -8.08033084e-01 1.91928106e+01 1.19277762e+01
5.47950484e-05 4.67894793e-01 3.21232809e+00 7.32880935e-01 1.83202959e+00 -8.36360352e-01 2.05819969e+01 1.22278521e+01
5.86326086e-05 4.78478789e-01 3.19098396e+00 7.68453168e-01 1.85519028e+00 -8.61609822e-01 2.20234529e+01 1.25044299e+01
6.26142050e-05 4.88252233e-01 3.16676848e+00 8.02611580e-01 1.87575907e+00 -8.84134872e-01 2.35190115e+01 1.27598216e+01
6.67448599e-05 4.97297107e-01 3.14058009e+00 8.35326470e-01 1.89398485e+00 -9.04283512e-01 2.50705591e+01 1.29961707e+01
7.10297398e-05 5.05688610e-01 3.11316410e+00 8.66569966e-01 1.91009812e+00 -9.22343436e-01 2.66800364e+01 1.32154428e+01
7.54741572e-05 5.13495254e-01 3.08512959e+00 8.96345687e-01 1.92431003e+00 -9.38589813e-01 2.83494388e+01 1.34194293e+01
8.00835719e-05 5.20779205e-01 3.05697082e+00 9.24656441e-01 1.93681404e+00 -9.53251706e-01 3.00808171e+01 1.36097550e+01
8.48635921e-05 5.27596610e-01 3.02908998e+00 9.51526218e-01 1.94778656e+00 -9.66555129e-01 3.18762779e+01 1.37878879e+01
8.98199754e-05 5.33997804e-01 3.00180906e+00 9.76978612e-01 1.95739054e+00 -9.78695388e-01 3.37379838e+01 1.39551437e+01
9.49586292e-05 5.40027718e-01 2.97537373e+00 1.00105264e+00 1.96577794e+00 -9.89853733e-01 3.56681537e+01 1.41126968e+01
1.00285611e-04 5.45726657e-01 2.94996531e+00 1.02378892e+00 1.97308662e+00 -1.00017537e+00 3.76690630e+01 1.42616009e+01
1.05807128e-04 5.51131120e-01 2.92573147e+00 1.04523942e+00 1.97943610e+00 -1.00979294e+00 3.97430432e+01 1.44028100e+01
1.11529536e-04 5.56274238e-01 2.90281559e+00 1.06545915e+00 1.98493214e+00 -1.01882225e+00 4.18924818e+01 1.45371899e+01
1.17459341e-04 5.61185646e-01 2.88134730e+00 1.08451107e+00 1.98966690e+00 -1.02737117e+00 4.41198222e+01 1.46655153e+01
1.23603194e-04 5.65891214e-01 2.86140560e+00 1.10246085e+00 1.99372146e+00 -1.03553330e+00 4.64275627e+01 1.47884624e+01
1.29967889e-04 5.70413570e-01 2.84298617e+00 1.11937724e+00 1.99717112e+00 -1.04338206e+00 4.88182559e+01 1.49066227e+01
1.36560366e-04 5.74773400e-01 2.82603514e+00 1.13532931e+00 2.00006701e+00 -1.05096027e+00 5.12945078e+01 1.50205366e+01
1.43387701e-04 5.78990054e-01 2.81049838e+00 1.15038574e+00 2.00241809e+00 -1.05829518e+00 5.38589763e+01 1.51307098e+01
1.50457104e-04 5.83080907e-01 2.79635612e+00 1.16461057e+00 2.00422778e+00 -1.06542315e+00 5.65143702e+01 1.52375963e+01
1.57776011e-04 5.87061091e-01 2.78360100e+00 1.17806098e+00 2.00554973e+00 -1.07238418e+00 5.92634822e+01 1.53415917e+01
1.65352205e-04 5.90944379e-01 2.77217573e+00 1.19079414e+00 2.00648422e+00 -1.07922232e+00 6.21092355e+01 1.54430558e+01
1.73193681e-04 5.94744085e-01 2.76199493e+00 1.20287284e+00 2.00712399e+00 -1.08599061e+00 6.50546337e+01 1.55423365e+01
1.81308634e-04 5.98473210e-01 2.75296554e+00 1.21436303e+00 2.00754005e+00 -1.09272934e+00 6.81027547e+01 1.56397735e+01
1.89705461e-04 6.02143252e-01 2.74499002e+00 1.22532299e+00 2.00779754e+00 -1.09948715e+00 7.12567528e+01 1.57356673e+01
1.98392768e-04 6.05762382e-01 2.73802121e+00 1.23580357e+00 2.00792460e+00 -1.10633745e+00 7.45198602e+01 1.58302313e+01
2.07379374e-04 6.09335808e-01 2.73204124e+00 1.24585537e+00 2.00789899e+00 -1.11333492e+00 7.78953894e+01 1.59236017e+01
2.16674319e-04 6.12867908e-01 2.72699720e+00 1.25552949e+00 2.00771227e+00 -1.12050440e+00 8.13867364e+01 1.60158928e+01
2.26286872e-04 6.16363277e-01 2.72282737e+00 1.26486935e+00 2.00741833e+00 -1.12782882e+00 8.49973825e+01 1.61072248e+01
2.36226537e-04 6.19827002e-01 2.71943293e+00 1.27391217e+00 2.00708571e+00 -1.13526849e+00 8.87308981e+01 1.61977303e+01
2.46503068e-04 6.23264785e-01 2.71671317e+00 1.28269721e+00 2.00671673e+00 -1.14280454e+00 9.25909463e+01 1.62875585e+01
2.57126479e-04 6.26681924e-01 2.71457991e+00 1.29126425e+00 2.00622960e+00 -1.15046874e+00 9.65812888e+01 1.63768477e+01
2.68107053e-04 6.30081679e-01 2.71295647e+00 1.29964797e+00 2.00552228e+00 -1.15833906e+00 1.00705788e+02 1.64656830e+01
2.79455354e-04 6.33465694e-01 2.71184068e+00 1.30788232e+00 2.00457313e+00 -1.16644534e+00 1.04968412e+02 1.65541075e+01
2.91182255e-04 6.36836507e-01 2.71120149e+00 1.31600180e+00 2.00344609e+00 -1.17472061e+00 1.09373245e+02 1.66421876e+01
3.03298967e-04 6.40197899e-01 2.71099309e+00 1.32403540e+00 2.00222999e+00 -1.18307440e+00 1.13924498e+02 1.67300219e+01
3.15817014e-04 6.43552502e-01 2.71119707e+00 1.33200393e+00 2.00102157e+00 -1.19145959e+00 1.18626500e+02 1.68176794e+01
3.28748185e-04 6.46900692e-01 2.71174923e+00 1.33992138e+00 1.99984621e+00 -1.19993166e+00 1.23483678e+02 1.69051696e+01
3.42104546e-04 6.50242098e-01 2.71260452e+00 1.34780371e+00 1.99864475e+00 -1.20859511e+00 1.28500565e+02 1.69924829e+01
3.55898509e-04 6.53577850e-01 2.71379786e+00 1.35567520e+00 1.99738925e+00 -1.21746239e+00 1.33681824e+02 1.70796488e+01
3.70142879e-04 6.56910843e-01 2.71527613e+00 1.36354792e+00 1.99616992e+00 -1.22648830e+00 1.39032263e+02 1.71667428e+01
3.84850883e-04 6.60244012e-01 2.71685492e+00 1.37141674e+00 1.99513367e+00 -1.23564842e+00 1.44556852e+02 1.72538417e+01
4.00036251e-04 6.63579415e-01 2.71847156e+00 1.37928247e+00 1.99433158e+00 -1.24491584e+00 1.50260746e+02 1.73409992e+01
4.15713247e-04 6.66917824e-01 2.72019450e+00 1.38715442e+00 1.99371595e+00 -1.25427456e+00 1.56149306e+02 1.74282356e+01
4.31896599e-04 6.70257274e-01 2.72210457e+00 1.39504010e+00 1.99319270e+00 -1.26378685e+00 1.62228061e+02 1.75154993e+01
4.48601578e-04 6.73593554e-01 2.72427573e+00 1.40295396e+00 1.99267745e+00 -1.27350870e+00 1.68502749e+02 1.76026804e+01
4.65844333e-04 6.76924245e-01 2.72673387e+00 1.41091739e+00 1.99218623e+00 -1.28342899e+00 1.74979435e+02 1.76897157e+01
4.83641815e-04 6.80251608e-01 2.72932464e+00 1.41897141e+00 1.99174540e+00 -1.29351441e+00 1.81664486e+02 1.77766642e+01
5.02010794e-04 6.83580638e-01 2.73180466e+00 1.42716942e+00 1.99140897e+00 -1.30371430e+00 1.88564202e+02 1.78636566e+01
5.20966748e-04 6.86913372e-01 2.73423072e+00 1.43551575e+00 1.99130071e+00 -1.31405773e+00 1.95684397e+02 1.79507460e+01
5.40523821e-04 6.90245832e-01 2.73681958e+00 1.44396431e+00 1.99148171e+00 -1.32473033e+00 2.03030382e+02 1.80378285e+01
5.60695715e-04 6.93573760e-01 2.73957676e+00 1.45248141e+00 1.99196401e+00 -1.33582405e+00 2.10607305e+02 1.81247928e+01
5.81496328e-04 6.96899285e-01 2.74237376e+00 1.46106768e+00 1.99273696e+00 -1.34721378e+00 2.18420386e+02 1.82116945e+01
6.02939655e-04 7.00227364e-01 2.74524468e+00 1.46970787e+00 1.99374494e+00 -1.35884268e+00 2.26474882e+02 1.82986629e+01
6.25039548e-04 7.03559480e-01 2.74830247e+00 1.47834244e+00 1.99506910e+00 -1.37072088e+00 2.34775995e+02 1.83857371e+01
6.47809739e-04 7.06895249e-01 2.75150608e+00 1.48692766e+00 1.99676373e+00 -1.38279040e+00 2.43328885e+02 1.84729069e+01
6.71263918e-04 7.10236056e-01 2.75477656e+00 1.49546676e+00 1.99870264e+00 -1.39502949e+00 2.52138693e+02 1.85602084e+01
6.95415652e-04 7.13584489e-01 2.75801566e+00 1.50399814e+00 2.00093125e+00 -1.40747980e+00 2.61210515e+02 1.86477094e+01
7.20278245e-04 7.16943793e-01 2.76114007e+00 1.51259712e+00 2.00339558e+00 -1.42001424e+00 2.70549348e+02 1.87354946e+01
7.45864669e-04 7.20317788e-01 2.76422976e+00 1.52131461e+00 2.00587464e+00 -1.43251727e+00 2.80160065e+02 1.88236635e+01
7.72187627e-04 7.23708288e-01 2.76743605e+00 1.53011216e+00 2.00836471e+00 -1.44510187e+00 2.90047437e+02 1.89122635e+01
7.99259593e-04 7.27114826e-01 2.77075547e+00 1.53890159e+00 2.01093369e+00 -1.45780039e+00 3.00216150e+02 1.90012828e+01
8.27092608e-04 7.30538394e-01 2.77406306e+00 1.54763773e+00 2.01362034e+00 -1.47048256e+00 3.10670726e+02 1.90907471e+01
8.55698245e-04 7.33981962e-01 2.77743793e+00 1.55639563e+00 2.01642300e+00 -1.48319986e+00 3.21415514e+02 1.91807342e+01
8.85088052e-04 7.37446865e-01 2.78105946e+00 1.56532228e+00 2.01926121e+00 -1.49628138e+00 3.32454849e+02 1.92712789e+01
9.15273147e-04 7.40930800e-01 2.78478417e+00 1.57449835e+00 2.02209327e+00 -1.50988437e+00 3.43792908e+02 1.93623212e+01
9.46262664e-04 7.44427870e-01 2.78839767e+00 1.58385777e+00 2.02507217e+00 -1.52392092e+00 3.55433124e+02 1.94537069e+01
9.78063595e-04 7.47930462e-01 2.79181366e+00 1.59322801e+00 2.02861949e+00 -1.53839461e+00 3.67378120e+02 1.95452371e+01
1.01068168e-03 7.51434028e-01 2.79507600e+00 1.60251118e+00 2.03265105e+00 -1.55342358e+00 3.79630054e+02 1.96367928e+01
1.04412018e-03 7.54940214e-01 2.79841425e+00 1.61174983e+00 2.03644544e+00 -1.56916454e+00 3.92190149e+02 1.97284172e+01
1.07838008e-03 7.58456313e-01 2.80201407e+00 1.62097427e+00 2.03992102e+00 -1.58553022e+00 4.05058779e+02 1.98203005e+01
1.11346423e-03 7.61991222e-01 2.80568637e+00 1.63015729e+00 2.04364311e+00 -1.60217337e+00 4.18237013e+02 1.99126753e+01
1.14937451e-03 7.65546753e-01 2.80922040e+00 1.63929968e+00 2.04771875e+00 -1.61891704e+00 4.31725553e+02 2.00055889e+01
1.18610400e-03 7.69117179e-01 2.81261671e+00 1.64836953e+00 2.05208348e+00 -1.63579649e+00 4.45521806e+02 2.00988916e+01
1.22364730e-03 7.72703546e-01 2.81578540e+00 1.65735448e+00 2.05679784e+00 -1.65295344e+00 4.59623737e+02 2.01926110e+01
1.26201418e-03 7.76317819e-01 2.81891061e+00 1.66632395e+00 2.06140062e+00 -1.67046964e+00 4.74035022e+02 2.02870600e+01
1.30120432e-03 7.79966581e-01 2.82238046e+00 1.67524919e+00 2.06593121e+00 -1.68824802e+00 4.88755538e+02 2.03824108e+01
1.34118513e-03 7.83644561e-01 2.82621461e+00 1.68399611e+00 2.07111807e+00 -1.70634065e+00 5.03773041e+02 2.04785257e+01
1.38194783e-03 7.87352042e-01 2.83012969e+00 1.69255681e+00 2.07676028e+00 -1.72462692e+00 5.19084238e+02 2.05754120e+01
1.42354817e-03 7.91100460e-01 2.83376360e+00 1.70101990e+00 2.08213100e+00 -1.74275473e+00 5.34710065e+02 2.06733685e+01
1.46597944e-03 7.94883486e-01 2.83699282e+00 1.70924895e+00 2.08721073e+00 -1.76096262e+00 5.50648010e+02 2.07722296e+01
1.50901123e-03 7.98659272e-01 2.84010379e+00 1.71708162e+00 2.09238799e+00 -1.77971344e+00 5.66811515e+02 2.08709015e+01
1.55227896e-03 8.02385983e-01 2.84266344e+00 1.72441436e+00 2.09712285e+00 -1.79867692e+00 5.83063646e+02 2.09682909e+01
1.59555516e-03 8.06060900e-01 2.84575116e+00 1.73102774e+00 2.10291463e+00 -1.81654232e+00 5.99318959e+02 2.10643267e+01
1.63883947e-03 8.09703887e-01 2.84731294e+00 1.73758003e+00 2.10652531e+00 -1.83356213e+00 6.15577317e+02 2.11595283e+01
1.68219576e-03 8.13324813e-01 2.85044779e+00 1.74448890e+00 2.11241129e+00 -1.84929633e+00 6.31862710e+02 2.12541533e+01
1.72562221e-03 8.16927917e-01 2.85514535e+00 1.75189050e+00 2.12035310e+00 -1.86386703e+00 6.48174460e+02 2.13483127e+01
1.76909065e-03 8.20523899e-01 2.85848009e+00 1.75970855e+00 2.12543996e+00 -1.87828569e+00 6.64501982e+02 2.14422858e+01
1.81260353e-03 8.24123665e-01 2.86258798e+00 1.76729638e+00 2.13106534e+00 -1.89242835e+00 6.80846195e+02 2.15363584e+01
1.85617278e-03 8.27733459e-01 2.86639290e+00 1.77452657e+00 2.13649844e+00 -1.90624088e+00 6.97211583e+02 2.16306930e+01
1.89979463e-03 8.31343042e-01 2.87025750e+00 1.78137556e+00 2.14234196e+00 -1.91940178e+00 7.13596727e+02 2.17250216e+01
1.94346300e-03 8.34932014e-01 2.87382328e+00 1.78798862e+00 2.14797431e+00 -1.93256123e+00 7.29999344e+02 2.18188114e+01
1.98717937e-03 8.38493491e-01 2.87721434e+00 1.79443368e+00 2.15309641e+00 -1.94602159e+00 7.46419993e+02 2.19118827e+01
2.03094463e-03 8.42040864e-01 2.88072104e+00 1.80071549e+00 2.15762442e+00 -1.95949106e+00 7.62859006e+02 2.20045858e+01
2.07475636e-03 8.45586363e-01 2.88433896e+00 1.80676335e+00 2.16179437e+00 -1.97269923e+00 7.79315472e+02 2.20972401e+01
2.11861327e-03 8.49123622e-01 2.88797585e+00 1.81239525e+00 2.16594711e+00 -1.98556372e+00 7.95788908e+02 2.21896791e+01
2.16251521e-03 8.52640314e-01 2.89153482e+00 1.81755725e+00 2.17006453e+00 -1.99818289e+00 8.12279260e+02 2.22815807e+01
2.20646130e-03 8.56140508e-01 2.89490458e+00 1.82239693e+00 2.17390488e+00 -2.01027721e+00 8.28786193e+02 2.23730512e+01
2.25045068e-03 8.59641750e-01 2.89799639e+00 1.82702501e+00 2.17722833e+00 -2.02149921e+00 8.45309388e+02 2.24645490e+01
2.29448317e-03 8.63154830e-01 2.90062733e+00 1.83137224e+00 2.18025440e+00 -2.03204461e+00 8.61848776e+02 2.25563560e+01
2.33855854e-03 8.66680286e-01 2.90261721e+00 1.83538802e+00 2.18332019e+00 -2.04230459e+00 8.78404272e+02 2.26484864e+01
2.38267636e-03 8.70217294e-01 2.90403759e+00 1.83911645e+00 2.18667189e+00 -2.05257926e+00 8.94975712e+02 2.27409189e+01
2.42683629e-03 8.73763711e-01 2.90545114e+00 1.84250759e+00 2.19089372e+00 -2.06298250e+00 9.11562968e+02 2.28335975e+01
2.47103803e-03 8.77317343e-01 2.90719497e+00 1.84551291e+00 2.19584321e+00 -2.07339983e+00 9.28165930e+02 2.29264647e+01
2.51528123e-03 8.80884287e-01 2.90925695e+00 1.84828235e+00 2.20048877e+00 -2.08346525e+00 9.44784464e+02 2.30196800e+01
2.55956554e-03 8.84474646e-01 2.91136700e+00 1.85102987e+00 2.20464818e+00 -2.09291204e+00 9.61418440e+02 2.31135075e+01
2.60389062e-03 8.88088830e-01 2.91311449e+00 1.85378805e+00 2.20889279e+00 -2.10171691e+00 9.78067732e+02 2.32079578e+01
2.64825614e-03 8.91717813e-01 2.91452967e+00 1.85642651e+00 2.21318612e+00 -2.10970848e+00 9.94732210e+02 2.33027949e+01
2.69266173e-03 8.95349741e-01 2.91583861e+00 1.85884873e+00 2.21704435e+00 -2.11712231e+00 1.01141174e+03 2.33977090e+01
2.73710705e-03 8.98969742e-01 2.91720810e+00 1.86103818e+00 2.22063344e+00 -2.12450880e+00 1.02810620e+03 2.34923113e+01
2.78159174e-03 9.02566679e-01 2.91886031e+00 1.86298473e+00 2.22429776e+00 -2.13159795e+00 1.04481544e+03 2.35863108e+01
2.82611545e-03 9.06144799e-01 2.92074623e+00 1.86476266e+00 2.22783531e+00 -2.13787622e+00 1.06153934e+03 2.36798186e+01
2.87067782e-03 9.09719501e-01 2.92255740e+00 1.86645561e+00 2.23107917e+00 -2.14354883e+00 1.07827776e+03 2.37732370e+01
2.91527849e-03 9.13302619e-01 2.92433212e+00 1.86808627e+00 2.23402213e+00 -2.14898034e+00 1.09503056e+03 2.38668750e+01
2.95991710e-03 9.16895995e-01 2.92637237e+00 1.86961828e+00 2.23687256e+00 -2.15417742e+00 1.11179762e+03 2.39607809e+01
3.00459330e-03 9.20494914e-01 2.92861690e+00 1.87103624e+00 2.23989773e+00 -2.15907070e+00 1.12857880e+03 2.40548319e+01
3.04930672e-03 9.24095274e-01 2.93069677e+00 1.87239519e+00 2.24291923e+00 -2.16359924e+00 1.14537396e+03 2.41489210e+01
3.09405700e-03 9.27698332e-01 2.93247134e+00 1.87370128e+00 2.24558077e+00 -2.16765223e+00 1.16218296e+03 2.42430808e+01
3.13884379e-03 9.31305194e-01 2.93397691e+00 1.87492648e+00 2.24782451e+00 -2.17118772e+00 1.17900568e+03 2.43373396e+01
3.18366675e-03 9.34907025e-01 2.93513843e+00 1.87604570e+00 2.24987024e+00 -2.17468011e+00 1.19584198e+03 2.44314662e+01
3.22852555e-03 9.38490251e-01 2.93598031e+00 1.87698354e+00 2.25190093e+00 -2.17833987e+00 1.21269174e+03 2.45251063e+01
3.27341985e-03 9.42053470e-01 2.93649542e+00 1.87771324e+00 2.25390752e+00 -2.18154282e+00 1.22955484e+03 2.46182230e+01
3.31834932e-03 9.45609533e-01 2.93643787e+00 1.87836515e+00 2.25581846e+00 -2.18370067e+00 1.24643115e+03 2.47111523e+01
3.36331360e-03 9.49169720e-01 2.93571781e+00 1.87906345e+00 2.25748203e+00 -2.18492105e+00 1.26332054e+03 2.48041891e+01
3.40831236e-03 9.52735794e-01 2.93476716e+00 1.87976240e+00 2.25863322e+00 -2.18598381e+00 1.28022287e+03 2.48973797e+01
3.45334526e-03 9.56309404e-01 2.93397455e+00 1.88035218e+00 2.25908345e+00 -2.18744853e+00 1.29713803e+03 2.49907673e+01
3.49841195e-03 9.59896215e-01 2.93344343e+00 1.88073120e+00 2.25902431e+00 -2.18924771e+00 1.31406589e+03 2.50844997e+01
3.54351208e-03 9.63495337e-01 2.93297909e+00 1.88079657e+00 2.25884419e+00 -2.19102414e+00 1.33100630e+03 2.51785535e+01
3.58864532e-03 9.67097887e-01 2.93215465e+00 1.88055759e+00 2.25836523e+00 -2.19228206e+00 1.34795915e+03 2.52726970e+01
3.63381132e-03 9.70698016e-01 2.93090405e+00 1.88002668e+00 2.25763698e+00 -2.19286949e+00 1.36492430e+03 2.53667778e+01
3.67900972e-03 9.74295385e-01 2.92958419e+00 1.87916166e+00 2.25717584e+00 -2.19290610e+00 1.38190163e+03 2.54607866e+01
3.72424017e-03 9.77892868e-01 2.92826014e+00 1.87807883e+00 2.25692708e+00 -2.19225300e+00 1.39889099e+03 2.55547979e+01
3.76950233e-03 9.81496671e-01 2.92698896e+00 1.87696779e+00 2.25658251e+00 -2.19119959e+00 1.41589227e+03 2.56489739e+01
3.81479584e-03 9.85111006e-01 2.92575676e+00 1.87588341e+00 2.25612140e+00 -2.19061868e+00 1.43290532e+03 2.57434249e+01
3.86012035e-03 9.88732980e-01 2.92430406e+00 1.87472665e+00 2.25563269e+00 -2.19059591e+00 1.44993001e+03 2.58380754e+01
3.90547550e-03 9.92355972e-01 2.92232184e+00 1.87347503e+00 2.25494011e+00 -2.19054889e+00 1.46696621e+03 2.59327520e+01
3.95086095e-03 9.95975702e-01 2.91946962e+00 1.87225287e+00 2.25379099e+00 -2.19000810e+00 1.48401379e+03 2.60273429e+01
3.99627632e-03 9.99592674e-01 2.91571835e+00 1.87102693e+00 2.25244071e+00 -2.18876502e+00 1.50107262e+03 2.61218621e+01
4.04172127e-03 1.00320954e+00 2.91147863e+00 1.86957392e+00 2.25156713e+00 -2.18714326e+00 1.51814255e+03 2.62163787e+01
4.08719543e-03 1.00682733e+00 2.90729330e+00 1.86781940e+00 2.25099458e+00 -2.18546920e+00 1.53522346e+03 2.63109200e+01
4.13269846e-03 1.01044595e+00 2.90349265e+00 1.86588382e+00 2.24980163e+00 -2.18351017e+00 1.55231520e+03 2.64054824e+01
4.17822998e-03 1.01406543e+00 2.89986151e+00 1.86382461e+00 2.24775683e+00 -2.18079447e+00 1.56941766e+03 2.65000674e+01
4.22378963e-03 1.01768268e+00 2.89585579e+00 1.86159570e+00 2.24550011e+00 -2.17734618e+00 1.58653067e+03 2.65945935e+01
4.26937706e-03 1.02128751e+00 2.89163577e+00 1.85914509e+00 2.24342701e+00 -2.17380832e+00 1.60365412e+03 2.66887947e+01
4.31499190e-03 1.02486888e+00 2.88774930e+00 1.85647382e+00 2.24117506e+00 -2.17052741e+00 1.62078787e+03 2.67823829e+01
4.36063380e-03 1.02842947e+00 2.88411782e+00 1.85364111e+00 2.23838288e+00 -2.16712165e+00 1.63793178e+03 2.68754289e+01
4.40630237e-03 1.03198919e+00 2.88019699e+00 1.85072301e+00 2.23525174e+00 -2.16303814e+00 1.65508571e+03 2.69684519e+01
4.45199727e-03 1.03556763e+00 2.87567311e+00 1.84776817e+00 2.23176445e+00 -2.15797620e+00 1.67224953e+03 2.70619638e+01
4.49771813e-03 1.03916513e+00 2.87069058e+00 1.84474579e+00 2.22764094e+00 -2.15227637e+00 1.68942310e+03 2.71559738e+01
4.54346458e-03 1.04276832e+00 2.86527434e+00 1.84161797e+00 2.22279984e+00 -2.14634196e+00 1.70660628e+03 2.72501322e+01
4.58923625e-03 1.04637045e+00 2.85936670e+00 1.83841350e+00 2.21753341e+00 -2.14001414e+00 1.72379894e+03 2.73442624e+01
4.63503278e-03 1.04997401e+00 2.85309555e+00 1.83520795e+00 2.21241591e+00 -2.13324813e+00 1.74100093e+03 2.74384295e+01
4.68085380e-03 1.05357763e+00 2.84669905e+00 1.83200036e+00 2.20758656e+00 -2.12647350e+00 1.75821212e+03 2.75325975e+01
4.72669894e-03 1.05717421e+00 2.84028008e+00 1.82861688e+00 2.20292417e+00 -2.11978923e+00 1.77543237e+03 2.76265813e+01
4.77256782e-03 1.06076016e+00 2.83380509e+00 1.82491952e+00 2.19841996e+00 -2.11277175e+00 1.79266154e+03 2.77202865e+01
4.81846008e-03 1.06433797e+00 2.82707844e+00 1.82097569e+00 2.19377292e+00 -2.10511112e+00 1.80989950e+03 2.78137792e+01
4.86437535e-03 1.06791121e+00 2.81987105e+00 1.81692378e+00 2.18840230e+00 -2.09682565e+00 1.82714609e+03 2.79071520e+01
4.91031325e-03 1.07148027e+00 2.81226212e+00 1.81286254e+00 2.18205647e+00 -2.08795319e+00 1.84440118e+03 2.80004152e+01
4.95627342e-03 1.07504299e+00 2.80449157e+00 1.80875075e+00 2.17505736e+00 -2.07849119e+00 1.86166464e+03 2.80935133e+01
5.00225546e-03 1.07859708e+00 2.79662122e+00 1.80441107e+00 2.16785111e+00 -2.06842304e+00 1.87893632e+03 2.81863862e+01
5.04825902e-03 1.08213800e+00 2.78874470e+00 1.79973277e+00 2.16052575e+00 -2.05790425e+00 1.89621607e+03 2.82789148e+01
5.09428372e-03 1.08565667e+00 2.78081953e+00 1.79488538e+00 2.15296500e+00 -2.04743181e+00 1.91350377e+03 2.83708621e+01
5.14032917e-03 1.08915008e+00 2.77254043e+00 1.79012470e+00 2.14510653e+00 -2.03704103e+00 1.93079926e+03 2.84621488e+01
5.18639501e-03 1.09263393e+00 2.76379448e+00 1.78541636e+00 2.13705870e+00 -2.02598483e+00 1.94810241e+03 2.85531854e+01
5.23248085e-03 1.09613072e+00 2.75466868e+00 1.78054825e+00 2.12894187e+00 -2.01383323e+00 1.96541308e+03 2.86445594e+01
5.27858633e-03 1.09964400e+00 2.74527145e+00 1.77541741e+00 2.12099137e+00 -2.00089899e+00 1.98273111e+03 2.87363640e+01
5.32471104e-03 1.10315798e+00 2.73585544e+00 1.77003736e+00 2.11340068e+00 -1.98762682e+00 2.00005638e+03 2.88281875e+01
5.37085463e-03 1.10666351e+00 2.72651263e+00 1.76444962e+00 2.10602562e+00 -1.97405957e+00 2.01738873e+03 2.89197905e+01
5.41701671e-03 1.11017185e+00 2.71692222e+00 1.75864914e+00 2.09872481e+00 -1.96004810e+00 2.03472803e+03 2.90114666e+01
5.46319689e-03 1.11369723e+00 2.70659155e+00 1.75262882e+00 2.09124162e+00 -1.94553921e+00 2.05207413e+03 2.91035874e+01
5.50939480e-03 1.11723392e+00 2.69528668e+00 1.74645645e+00 2.08331330e+00 -1.93058400e+00 2.06942689e+03 2.91960028e+01
5.55561006e-03 1.12076052e+00 2.68360015e+00 1.74021812e+00 2.07505740e+00 -1.91524630e+00 2.08678617e+03 2.92881541e+01
5.60184228e-03 1.12426478e+00 2.67226504e+00 1.73394906e+00 2.06664487e+00 -1.89948764e+00 2.10415181e+03 2.93797218e+01
5.64809107e-03 1.12775330e+00 2.66100317e+00 1.72759021e+00 2.05789562e+00 -1.88356944e+00 2.12152368e+03 2.94708787e+01
5.69435607e-03 1.13123744e+00 2.64914752e+00 1.72103691e+00 2.04875190e+00 -1.86796528e+00 2.13890164e+03 2.95619212e+01
5.74063687e-03 1.13472153e+00 2.63661240e+00 1.71426351e+00 2.03924154e+00 -1.85275394e+00 2.15628553e+03 2.96529621e+01
5.78693310e-03 1.13820613e+00 2.62362692e+00 1.70730463e+00 2.02919020e+00 -1.83750884e+00 2.17367522e+03 2.97440159e+01
5.83324437e-03 1.14169069e+00 2.61050165e+00 1.70017250e+00 2.01877428e+00 -1.82193677e+00 2.19107056e+03 2.98350687e+01
5.87957029e-03 1.14516875e+00 2.59766415e+00 1.69291766e+00 2.00843982e+00 -1.80632967e+00 2.20847140e+03 2.99259516e+01
5.92591049e-03 1.14863116e+00 2.58519871e+00 1.68556281e+00 1.99817965e+00 -1.79066250e+00 2.22587761e+03 3.00164258e+01
5.97226457e-03 1.15207794e+00 2.57269379e+00 1.67802218e+00 1.98767945e+00 -1.77424454e+00 2.24328902e+03 3.01064911e+01
6.01863214e-03 1.15551757e+00 2.55975366e+00 1.67022104e+00 1.97674156e+00 -1.75660513e+00 2.26070551e+03 3.01963693e+01
6.06501282e-03 1.15895437e+00 2.54639571e+00 1.66216594e+00 1.96568398e+00 -1.73809737e+00 2.27812692e+03 3.02861732e+01
6.11140622e-03 1.16238614e+00 2.53289859e+00 1.65398697e+00 1.95446418e+00 -1.71923656e+00 2.29555311e+03 3.03758456e+01
6.15781195e-03 1.16581247e+00 2.51935609e+00 1.64577104e+00 1.94244074e+00 -1.69998859e+00 2.31298393e+03 3.04653758e+01
6.20422963e-03 1.16923558e+00 2.50550195e+00 1.63736991e+00 1.92947659e+00 -1.68025811e+00 2.33041924e+03 3.05548209e+01
6.25065885e-03 1.17265335e+00 2.49122667e+00 1.62857400e+00 1.91595295e+00 -1.65989287e+00 2.34785888e+03 3.06441262e+01
6.29709925e-03 1.17605885e+00 2.47616019e+00 1.61929848e+00 1.90174447e+00 -1.63875862e+00 2.36530272e+03 3.07331104e+01
6.34355041e-03 1.17944605e+00 2.46115883e+00 1.60958177e+00 1.88849542e+00 -1.61655228e+00 2.38275061e+03 3.08216158e+01
6.39001196e-03 1.18281137e+00 2.44448621e+00 1.60002946e+00 1.87343405e+00 -1.59401773e+00 2.40020239e+03 3.09095487e+01
6.43648350e-03 1.18615409e+00 2.42897516e+00 1.59076442e+00 1.85933095e+00 -1.57125116e+00 2.41765793e+03 3.09968910e+01
6.48296464e-03 1.18947822e+00 2.41481832e+00 1.58172261e+00 1.84610254e+00 -1.54850059e+00 2.43511708e+03 3.10837479e+01
6.52945499e-03 1.19278837e+00 2.39942221e+00 1.57277578e+00 1.83048415e+00 -1.52623140e+00 2.45257968e+03 3.11702402e+01
6.57595416e-03 1.19608384e+00 2.38436442e+00 1.56343270e+00 1.81536244e+00 -1.50423023e+00 2.47004560e+03 3.12563487e+01
6.62246175e-03 1.19936027e+00 2.36872155e+00 1.55383305e+00 1.79975839e+00 -1.48276194e+00 2.48751468e+03 3.13419594e+01
6.66897738e-03 1.20261300e+00 2.35269345e+00 1.54406337e+00 1.78387756e+00 -1.46137157e+00 2.50498678e+03 3.14269504e+01
6.71550065e-03 1.20583780e+00 2.33638287e+00 1.53406266e+00 1.76781798e+00 -1.43969867e+00 2.52246175e+03 3.15112112e+01
6.76203117e-03 1.20903330e+00 2.31987345e+00 1.52379916e+00 1.75177192e+00 -1.41727855e+00 2.53993944e+03 3.15947061e+01
6.80856854e-03 1.21220526e+00 2.30306414e+00 1.51331055e+00 1.73572630e+00 -1.39389858e+00 2.55741971e+03 3.16775853e+01
6.85511238e-03 1.21536198e+00 2.28568576e+00 1.50263785e+00 1.71975649e+00 -1.36993178e+00 2.57490240e+03 3.17600651e+01
6.90166228e-03 1.21850509e+00 2.26785597e+00 1.49176794e+00 1.70379754e+00 -1.34603629e+00 2.59238737e+03 3.18421891e+01
6.94821786e-03 1.22163182e+00 2.24974507e+00 1.48076202e+00 1.68753016e+00 -1.32247183e+00 2.60987448e+03 3.19238845e+01
6.99477871e-03 1.22474322e+00 2.23130389e+00 1.46966683e+00 1.67105650e+00 -1.29907293e+00 2.62736357e+03 3.20051789e+01
7.04134446e-03 1.22784249e+00 2.21234693e+00 1.45846432e+00 1.65453577e+00 -1.27559697e+00 2.64485449e+03 3.20861556e+01
7.08791469e-03 1.23092640e+00 2.19270553e+00 1.44715504e+00 1.63747449e+00 -1.25182536e+00 2.66234710e+03 3.21667309e+01
7.13448903e-03 1.23398484e+00 2.17255373e+00 1.43573147e+00 1.61980487e+00 -1.22766518e+00 2.67984125e+03 3.22466404e+01
7.18106706e-03 1.23701010e+00 2.15231625e+00 1.42422752e+00 1.60209849e+00 -1.20321065e+00 2.69733679e+03 3.23256823e+01
7.22764841e-03 1.24000294e+00 2.13207978e+00 1.41272587e+00 1.58442853e+00 -1.17870694e+00 2.71483357e+03 3.24038756e+01
7.27423266e-03 1.24296765e+00 2.11167032e+00 1.40122696e+00 1.56646936e+00 -1.15434804e+00 2.73233145e+03 3.24813333e+01
7.32081944e-03 1.24590617e+00 2.09105298e+00 1.38958882e+00 1.54821134e+00 -1.12994356e+00 2.74983027e+03 3.25581055e+01
7.36740834e-03 1.24881961e+00 2.07008345e+00 1.37769590e+00 1.52976307e+00 -1.10520866e+00 2.76732989e+03 3.26342214e+01
7.41399897e-03 1.25171025e+00 2.04860299e+00 1.36557102e+00 1.51092676e+00 -1.08003321e+00 2.78483016e+03 3.27097411e+01
7.46059093e-03 1.25457800e+00 2.02678303e+00 1.35327291e+00 1.49162035e+00 -1.05457042e+00 2.80233094e+03 3.27846626e+01
7.50718383e-03 1.25741853e+00 2.00476465e+00 1.34081070e+00 1.47207484e+00 -1.02903977e+00 2.81983206e+03 3.28588727e+01
7.55377727e-03 1.26022723e+00 1.98237083e+00 1.32820492e+00 1.45260158e+00 -1.00360998e+00 2.83733339e+03 3.29322510e+01
7.60037086e-03 1.26300290e+00 1.95935908e+00 1.31547467e+00 1.43323429e+00 -9.78477252e-01 2.85483477e+03 3.30047662e+01
7.64696420e-03 1.26574780e+00 1.93565676e+00 1.30260550e+00 1.41358990e+00 -9.53631610e-01 2.87233606e+03 3.30764765e+01
7.69355690e-03 1.26846503e+00 1.91124359e+00 1.28964549e+00 1.39315625e+00 -9.28867949e-01 2.88983711e+03 3.31474625e+01
7.74014856e-03 1.27115429e+00 1.88614902e+00 1.27666403e+00 1.37184941e+00 -9.04088971e-01 2.90733776e+03 3.32177167e+01
7.78673878e-03 1.27381118e+00 1.86055054e+00 1.26365269e+00 1.35043399e+00 -8.79341715e-01 2.92483788e+03 3.32871241e+01
7.83332718e-03 1.27643102e+00 1.83453385e+00 1.25057202e+00 1.32942758e+00 -8.54709325e-01 2.94233732e+03 3.33555635e+01
7.87991336e-03 1.27901094e+00 1.80814034e+00 1.23738832e+00 1.30873687e+00 -8.30196806e-01 2.95983591e+03 3.34229589e+01
7.92649691e-03 1.28154845e+00 1.78146372e+00 1.22406336e+00 1.28829503e+00 -8.05785847e-01 2.97733353e+03 3.34892454e+01
7.97307746e-03 1.28404146e+00 1.75464523e+00 1.21060227e+00 1.26806101e+00 -7.81526397e-01 2.99483001e+03 3.35543684e+01
8.01965459e-03 1.28649008e+00 1.72764972e+00 1.19710807e+00 1.24785039e+00 -7.57395469e-01 3.01232521e+03 3.36183312e+01
8.06622792e-03 1.28889666e+00 1.70028623e+00 1.18364021e+00 1.22755494e+00 -7.33182402e-01 3.02981899e+03 3.36811947e+01
8.11279706e-03 1.29126248e+00 1.67247948e+00 1.17008925e+00 1.20721155e+00 -7.08806740e-01 3.04731118e+03 3.37429920e+01
8.15936160e-03 1.29358504e+00 1.64434544e+00 1.15632642e+00 1.18679108e+00 -6.84577435e-01 3.06480165e+03 3.38036587e+01
8.20592115e-03 1.29586022e+00 1.61588150e+00 1.14235957e+00 1.16639803e+00 -6.60836712e-01 3.08229025e+03 3.38630870e+01
8.25247533e-03 1.29808622e+00 1.58689235e+00 1.12836274e+00 1.14594947e+00 -6.37516635e-01 3.09977683e+03 3.39212299e+01
8.29902373e-03 1.30026317e+00 1.55736637e+00 1.11450802e+00 1.12519382e+00 -6.14478862e-01 3.11726124e+03 3.39780908e+01
8.34556597e-03 1.30239082e+00 1.52750952e+00 1.10078663e+00 1.10436056e+00 -5.91780367e-01 3.13474333e+03 3.40336625e+01
8.39210164e-03 1.30446941e+00 1.49754015e+00 1.08707866e+00 1.08373912e+00 -5.69432651e-01 3.15222296e+03 3.40879519e+01
8.43863036e-03 1.30649962e+00 1.46754085e+00 1.07327952e+00 1.06316983e+00 -5.47454405e-01 3.16969998e+03 3.41409768e+01
8.48515173e-03 1.30847964e+00 1.43744632e+00 1.05934561e+00 1.04237410e+00 -5.25915079e-01 3.18717423e+03 3.41926898e+01
8.53166536e-03 1.31040559e+00 1.40726729e+00 1.04524322e+00 1.02165596e+00 -5.04840308e-01 3.20464558e+03 3.42429896e+01
8.57817085e-03 1.31227408e+00 1.37714786e+00 1.03091126e+00 1.00153870e+00 -4.84325267e-01 3.22211388e+03 3.42917881e+01
8.62466782e-03 1.31408372e+00 1.34699655e+00 1.01635053e+00 9.81754931e-01 -4.64384572e-01 3.23957897e+03 3.43390491e+01
8.67115588e-03 1.31583691e+00 1.31661374e+00 1.00168886e+00 9.61799594e-01 -4.44704140e-01 3.25704071e+03 3.43848351e+01
8.71763462e-03 1.31753838e+00 1.28596560e+00 9.87069092e-01 9.41794760e-01 -4.25049997e-01 3.27449895e+03 3.44292696e+01
8.76410367e-03 1.31918965e+00 1.25524707e+00 9.72511159e-01 9.22097810e-01 -4.05639247e-01 3.29195356e+03 3.44723924e+01
8.81056262e-03 1.32078812e+00 1.22459369e+00 9.57986199e-01 9.02643911e-01 -3.86817025e-01 3.30940437e+03 3.45141354e+01
8.85701109e-03 1.32233153e+00 1.19407435e+00 9.43479204e-01 8.83083453e-01 -3.68747216e-01 3.32685124e+03 3.45544399e+01
8.90344869e-03 1.32381927e+00 1.16382290e+00 9.28932147e-01 8.63384222e-01 -3.51410053e-01 3.34429403e+03 3.45932898e+01
8.94987503e-03 1.32525007e+00 1.13388962e+00 9.14304018e-01 8.43724801e-01 -3.34698560e-01 3.36173259e+03 3.46306524e+01
8.99628972e-03 1.32662215e+00 1.10430829e+00 8.99628722e-01 8.24011911e-01 -3.18575771e-01 3.37916677e+03 3.46664815e+01
9.04269236e-03 1.32793541e+00 1.07513110e+00 8.84913626e-01 8.04207859e-01 -3.03046387e-01 3.39659643e+03 3.47007740e+01
9.08908257e-03 1.32919195e+00 1.04631800e+00 8.70149830e-01 7.84556707e-01 -2.88048201e-01 3.41402143e+03 3.47335851e+01
9.13545997e-03 1.33039450e+00 1.01798047e+00 8.55407398e-01 7.65228948e-01 -2.73431416e-01 3.43144160e+03 3.47649863e+01
9.18182416e-03 1.33154500e+00 9.90305569e-01 8.40746616e-01 7.46128726e-01 -2.59082898e-01 3.44885682e+03 3.47950277e+01
9.22817475e-03 1.33264439e+00 9.63178565e-01 8.26152248e-01 7.27259990e-01 -2.45084852e-01 3.46626693e+03 3.48237345e+01
9.27451137e-03 1.33369353e+00 9.36382114e-01 8.11621115e-01 7.08604163e-01 -2.31583796e-01 3.48367179e+03 3.48511287e+01
9.32083362e-03 1.33469396e+00 9.10002420e-01 7.97154306e-01 6.90083356e-01 -2.18626157e-01 3.50107125e+03 3.48772508e+01
9.36714111e-03 1.33564779e+00 8.84243050e-01 7.82712278e-01 6.71874741e-01 -2.06136466e-01 3.51846517e+03 3.49021558e+01
9.41343347e-03 1.33655612e+00 8.59061916e-01 7.68304602e-01 6.54160891e-01 -1.94082116e-01 3.53585340e+03 3.49258728e+01
9.45971030e-03 1.33741801e+00 8.34291968e-01 7.54038272e-01 6.36872989e-01 -1.82521652e-01 3.55323580e+03 3.49483770e+01
9.50597122e-03 1.33823200e+00 8.09886404e-01 7.39990430e-01 6.19812683e-01 -1.71473334e-01 3.57061223e+03 3.49696307e+01
9.55221585e-03 1.33899818e+00 7.85885995e-01 7.26152095e-01 6.03000942e-01 -1.60930807e-01 3.58798254e+03 3.49896356e+01
9.59844380e-03 1.33971743e+00 7.62518144e-01 7.12457512e-01 5.86653625e-01 -1.50933185e-01 3.60534658e+03 3.50084152e+01
9.64465470e-03 1.34039060e+00 7.39982967e-01 6.98865729e-01 5.70842360e-01 -1.41540930e-01 3.62270422e+03 3.50259917e+01
9.69084815e-03 1.34102011e+00 7.18196047e-01 6.85400160e-01 5.55361378e-01 -1.32759099e-01 3.64005530e+03 3.50424280e+01
9.73702378e-03 1.34161098e+00 6.96953448e-01 6.72083120e-01 5.40087584e-01 -1.24531529e-01 3.65739969e+03 3.50578557e+01
9.78318120e-03 1.34216874e+00 6.76094598e-01 6.58921123e-01 5.25116327e-01 -1.16794405e-01 3.67473724e+03 3.50724190e+01
9.82932004e-03 1.34269680e+00 6.55548370e-01 6.45935182e-01 5.10367527e-01 -1.09459335e-01 3.69206781e+03 3.50862064e+01
9.87543992e-03 1.34319605e+00 6.35432983e-01 6.33154822e-01 4.95825413e-01 -1.02380725e-01 3.70939126e+03 3.50992416e+01
9.92154045e-03 1.34366577e+00 6.15891798e-01 6.20606682e-01 4.81645816e-01 -9.54960976e-02 3.72670744e+03 3.51115055e+01
9.96762126e-03 1.34410518e+00 5.96844656e-01 6.08316967e-01 4.67968498e-01 -8.89148932e-02 3.74401621e+03 3.51229783e+01
1.00136820e-02 1.34451585e+00 5.78240328e-01 5.96276844e-01 4.54882877e-01 -8.27317572e-02 3.76131744e+03 3.51337007e+01
1.00597222e-02 1.34490196e+00 5.60171427e-01 5.84454563e-01 4.42190804e-01 -7.68992967e-02 3.77861097e+03 3.51437817e+01
1.01057416e-02 1.34526707e+00 5.42731095e-01 5.72829557e-01 4.29500572e-01 -7.13162017e-02 3.79589667e+03 3.51533142e+01
1.01517397e-02 1.34561110e+00 5.26039797e-01 5.61369663e-01 4.16711202e-01 -6.59849907e-02 3.81317439e+03 3.51622963e+01
1.01977163e-02 1.34593140e+00 5.10279127e-01 5.50026907e-01 4.03957865e-01 -6.10240782e-02 3.83044400e+03 3.51706591e+01
1.02436708e-02 1.34622664e+00 4.95448481e-01 5.38781342e-01 3.91518055e-01 -5.64880495e-02 3.84770535e+03 3.51783673e+01
1.02896030e-02 1.34649871e+00 4.81278821e-01 5.27667169e-01 3.79680285e-01 -5.22907092e-02 3.86495830e+03 3.51854710e+01
1.03355125e-02 1.34675098e+00 4.67489961e-01 5.16760101e-01 3.68398923e-01 -4.83192590e-02 3.88220272e+03 3.51920578e+01
1.03813989e-02 1.34698574e+00 4.54078313e-01 5.06111417e-01 3.57494910e-01 -4.45157730e-02 3.89943846e+03 3.51981876e+01
1.04272618e-02 1.34720398e+00 4.41243753e-01 4.95711568e-01 3.46784237e-01 -4.08783072e-02 3.91666539e+03 3.52038860e+01
1.04731008e-02 1.34740626e+00 4.29083681e-01 4.85526772e-01 3.36152226e-01 -3.74570884e-02 3.93388336e+03 3.52091675e+01
1.05189157e-02 1.34759302e+00 4.17528803e-01 4.75526950e-01 3.25738664e-01 -3.43368646e-02 3.95109223e+03 3.52140444e+01
1.05647060e-02 1.34776474e+00 4.06411878e-01 4.65682613e-01 3.15863607e-01 -3.15676911e-02 3.96829188e+03 3.52185283e+01
1.06104713e-02 1.34792219e+00 3.95630953e-01 4.55981250e-01 3.06702567e-01 -2.91185086e-02 3.98548215e+03 3.52226399e+01
1.06562113e-02 1.34806660e+00 3.85182764e-01 4.46444773e-01 2.98037881e-01 -2.69093425e-02 4.00266291e+03 3.52264109e+01
1.07019256e-02 1.34819936e+00 3.75119234e-01 4.37117700e-01 2.89485863e-01 -2.48468457e-02 4.01983403e+03 3.52298781e+01
1.07476139e-02 1.34832187e+00 3.65471258e-01 4.28057816e-01 2.80799593e-01 -2.28675037e-02 4.03699536e+03 3.52330773e+01
1.07932758e-02 1.34843510e+00 3.56249141e-01 4.19287923e-01 2.72086000e-01 -2.09616724e-02 4.05414677e+03 3.52360346e+01
1.08389109e-02 1.34853935e+00 3.47485818e-01 4.10764981e-01 2.63587531e-01 -1.91546467e-02 4.07128813e+03 3.52387573e+01
1.08845188e-02 1.34863457e+00 3.39143892e-01 4.02421610e-01 2.55536809e-01 -1.74625498e-02 4.08841928e+03 3.52412442e+01
1.09300993e-02 1.34872110e+00 3.31227860e-01 3.94232774e-01 2.47941630e-01 -1.58775737e-02 4.10554011e+03 3.52435042e+01
1.09756518e-02 1.34879959e+00 3.23820015e-01 3.86201269e-01 2.40727569e-01 -1.44039757e-02 4.12265047e+03 3.52455541e+01
1.10211762e-02 1.34887044e+00 3.16940489e-01 3.78310715e-01 2.33887029e-01 -1.30704874e-02 4.13975023e+03 3.52474049e+01
1.10666720e-02 1.34893415e+00 3.10448283e-01 3.70568995e-01 2.27317403e-01 -1.18806473e-02 4.15683926e+03 3.52490690e+01
1.11121388e-02 1.34899179e+00 3.04107769e-01 3.63035098e-01 2.20890963e-01 -1.07932226e-02 4.17391741e+03 3.52505747e+01
1.11575763e-02 1.34904449e+00 2.97775862e-01 3.55751743e-01 2.14519294e-01 -9.77863586e-03 4.19098455e+03 3.52519513e+01
1.12029842e-02 1.34909264e+00 2.91663894e-01 3.48683135e-01 2.08442205e-01 -8.83011542e-03 4.20804056e+03 3.52532094e+01
1.12483621e-02 1.34913640e+00 2.85816459e-01 3.41792064e-01 2.02527435e-01 -7.93867972e-03 4.22508529e+03 3.52543526e+01
1.12937096e-02 1.34917635e+00 2.80293721e-01 3.35075894e-01 1.96878097e-01 -7.08205921e-03 4.24211862e+03 3.52553964e+01
1.13390263e-02 1.34921297e+00 2.75107547e-01 3.28530556e-01 1.91702206e-01 -6.26498512e-03 4.25914040e+03 3.52563530e+01
1.13843120e-02 1.34924602e+00 2.70096331e-01 3.22158705e-01 1.86738176e-01 -5.53954015e-03 4.27615052e+03 3.52572167e+01
1.14295663e-02 1.34927540e+00 2.65297730e-01 3.15952486e-01 1.81966431e-01 -4.92503241e-03 4.29314883e+03 3.52579843e+01
1.14747888e-02 1.34930167e+00 2.60634602e-01 3.09917493e-01 1.77328562e-01 -4.39192429e-03 4.31013520e+03 3.52586710e+01
1.15199791e-02 1.34932566e+00 2.56062064e-01 3.04053227e-01 1.72808485e-01 -3.89985407e-03 4.32710951e+03 3.52592979e+01
1.15651370e-02 1.34934774e+00 2.51621985e-01 2.98351472e-01 1.68341077e-01 -3.43519835e-03 4.34407162e+03 3.52598751e+01
1.16102621e-02 1.34936791e+00 2.47371449e-01 2.92807660e-01 1.63940373e-01 -3.01315342e-03 4.36102140e+03 3.52604021e+01
1.16553540e-02 1.34938603e+00 2.43306104e-01 2.87408011e-01 1.59748775e-01 -2.65954552e-03 4.37795871e+03 3.52608757e+01
1.17004124e-02 1.34940203e+00 2.39392645e-01 2.82147016e-01 1.55858533e-01 -2.38865995e-03 4.39488345e+03 3.52612942e+01
1.17454369e-02 1.34941603e+00 2.35632852e-01 2.77041295e-01 1.52233877e-01 -2.18601808e-03 4.41179546e+03 3.52616601e+01
1.17904272e-02 1.34942836e+00 2.32037117e-01 2.72109999e-01 1.48753920e-01 -2.01784648e-03 4.42869462e+03 3.52619826e+01
1.18353830e-02 1.34943939e+00 2.28545181e-01 2.67351774e-01 1.45366037e-01 -1.85439567e-03 4.44558081e+03 3.52622712e+01
1.18803039e-02 1.34944929e+00 2.25079813e-01 2.62750133e-01 1.42056421e-01 -1.68628780e-03 4.46245389e+03 3.52625300e+01
1.19251895e-02 1.34945812e+00 2.21642513e-01 2.58285887e-01 1.38839076e-01 -1.52232018e-03 4.47931375e+03 3.52627610e+01
1.19700396e-02 1.34946605e+00 2.18268382e-01 2.53952960e-01 1.35751675e-01 -1.37606356e-03 4.49616024e+03 3.52629683e+01
1.20148538e-02 1.34947325e+00 2.14993859e-01 2.49753496e-01 1.32818424e-01 -1.25975766e-03 4.51299324e+03 3.52631567e+01
1.20596317e-02 1.34947977e+00 2.11846281e-01 2.45684915e-01 1.30047068e-01 -1.17610540e-03 4.52981264e+03 3.52633275e+01
1.21043731e-02 1.34948568e+00 2.08812247e-01 2.41747538e-01 1.27431663e-01 -1.11118028e-03 4.54661829e+03 3.52634822e+01
1.21490775e-02 1.34949118e+00 2.05880647e-01 2.37944312e-01 1.24930635e-01 -1.04167791e-03 4.56341008e+03 3.52636261e+01
1.21937448e-02 1.34949647e+00 2.03067128e-01 2.34268635e-01 1.22502877e-01 -9.54087759e-04 4.58018788e+03 3.52637646e+01
1.22383744e-02 1.34950154e+00 2.00365445e-01 2.30705445e-01 1.20156832e-01 -8.58164315e-04 4.59695157e+03 3.52638971e+01
1.22829661e-02 1.34950622e+00 1.97748906e-01 2.27244599e-01 1.17888119e-01 -7.75028729e-04 4.61370102e+03 3.52640197e+01
1.23275196e-02 1.34951047e+00 1.95182648e-01 2.23886438e-01 1.15664938e-01 -7.11852702e-04 4.63043610e+03 3.52641310e+01
1.23720345e-02 1.34951441e+00 1.92654931e-01 2.20626412e-01 1.13483415e-01 -6.60529410e-04 4.64715670e+03 3.52642340e+01
1.24165106e-02 1.34951813e+00 1.90194365e-01 2.17448853e-01 1.11387815e-01 -6.13097594e-04 4.66386269e+03 3.52643314e+01
1.24609474e-02 1.34952169e+00 1.87808572e-01 2.14342986e-01 1.09433392e-01 -5.68699800e-04 4.68055395e+03 3.52644247e+01
1.25053447e-02 1.34952516e+00 1.85472531e-01 2.11311822e-01 1.07596234e-01 -5.27060174e-04 4.69723036e+03 3.52645156e+01
1.25497021e-02 1.34952863e+00 1.83175664e-01 2.08362799e-01 1.05826356e-01 -4.85503095e-04 4.71389180e+03 3.52646062e+01
1.25940193e-02 1.34953209e+00 1.80943201e-01 2.05494259e-01 1.04105640e-01 -4.43374541e-04 4.73053813e+03 3.52646970e+01
1.26382960e-02 1.34953549e+00 1.78787386e-01 2.02702159e-01 1.02415265e-01 -4.04288669e-04 4.74716926e+03 3.52647860e+01
1.26825319e-02 1.34953875e+00 1.76695490e-01 1.99988381e-01 1.00765712e-01 -3.73420599e-04 4.76378504e+03 3.52648711e+01
1.27267266e-02 1.34954181e+00 1.74657220e-01 1.97353804e-01 9.91714658e-02 -3.52957441e-04 4.78038537e+03 3.52649512e+01
1.27708799e-02 1.34954467e+00 1.72659209e-01 1.94791857e-01 9.76446262e-02 -3.41526807e-04 4.79697013e+03 3.52650261e+01
1.28149914e-02 1.34954738e+00 1.70687637e-01 1.92293605e-01 9.61974544e-02 -3.36230031e-04 4.81353919e+03 3.52650973e+01
1.28590608e-02 1.34955006e+00 1.68745046e-01 1.89855821e-01 9.47983572e-02 -3.33464734e-04 4.83009244e+03 3.52651672e+01
1.29030878e-02 1.34955276e+00 1.66841158e-01 1.87478171e-01 9.34127816e-02 -3.30586670e-04 4.84662976e+03 3.52652379e+01
1.29470720e-02 1.34955551e+00 1.64984827e-01 1.85157954e-01 9.20478044e-02 -3.27231667e-04 4.86315104e+03 3.52653099e+01
1.29910133e-02 1.34955830e+00 1.63179613e-01 1.82893159e-01 9.07159752e-02 -3.23662369e-04 4.87965615e+03 3.52653829e+01
1.30349112e-02 1.34956113e+00 1.61415563e-01 1.80685233e-01 8.94009158e-02 -3.19272843e-04 4.89614499e+03 3.52654570e+01
1.30787655e-02 1.34956404e+00 1.59688802e-01 1.78533986e-01 8.81041759e-02 -3.12710825e-04 4.91261743e+03 3.52655331e+01
1.31225758e-02 1.34956704e+00 1.58005204e-01 1.76435002e-01 8.68572429e-02 -3.03488957e-04 4.92907336e+03 3.52656118e+01
1.31663418e-02 1.34957013e+00 1.56363911e-01 1.74383784e-01 8.56542991e-02 -2.93048577e-04 4.94551267e+03 3.52656925e+01
1.32100633e-02 1.34957324e+00 1.54758117e-01 1.72376564e-01 8.44728189e-02 -2.83408594e-04 4.96193524e+03 3.52657739e+01
1.32537399e-02 1.34957633e+00 1.53182925e-01 1.70409001e-01 8.33185326e-02 -2.75526276e-04 4.97834097e+03 3.52658547e+01
1.32973714e-02 1.34957939e+00 1.51638610e-01 1.68477580e-01 8.22027546e-02 -2.69192882e-04 4.99472972e+03 3.52659347e+01
1.33409574e-02 1.34958243e+00 1.50126105e-01 1.66580517e-01 8.11236566e-02 -2.63799954e-04 5.01110141e+03 3.52660144e+01
1.33844977e-02 1.34958549e+00 1.48643251e-01 1.64717559e-01 8.00700055e-02 -2.58627309e-04 5.02745590e+03 3.52660944e+01
1.34279919e-02 1.34958858e+00 1.47189564e-01 1.62890404e-01 7.90284577e-02 -2.52822744e-04 5.04379310e+03 3.52661753e+01
1.34714397e-02 1.34959172e+00 1.45764152e-01 1.61102246e-01 7.79969060e-02 -2.46039908e-04 5.06011288e+03 3.52662573e+01
1.35148409e-02 1.34959489e+00 1.44367491e-01 1.59354780e-01 7.69875804e-02 -2.38847993e-04 5.07641515e+03 3.52663403e+01
1.35581952e-02 1.34959808e+00 1.43001496e-01 1.57646255e-01 7.60060982e-02 -2.31987602e-04 5.09269979e+03 3.52664238e+01
1.36015022e-02 1.34960129e+00 1.41664187e-01 1.55973499e-01 7.50513181e-02 -2.25594388e-04 5.10896668e+03 3.52665077e+01
1.36447618e-02 1.34960452e+00 1.40352616e-01 1.54335239e-01 7.41203207e-02 -2.19493558e-04 5.12521573e+03 3.52665920e+01
1.36879735e-02 1.34960776e+00 1.39065063e-01 1.52731542e-01 7.32082222e-02 -2.13796967e-04 5.14144683e+03 3.52666767e+01
1.37311371e-02 1.34961100e+00 1.37799851e-01 1.51161126e-01 7.23134927e-02 -2.08683227e-04 5.15765986e+03 3.52667614e+01
1.37742524e-02 1.34961423e+00 1.36554706e-01 1.49621583e-01 7.14379919e-02 -2.04097880e-04 5.17385472e+03 3.52668460e+01
1.38173190e-02 1.34961747e+00 1.35329118e-01 1.48110518e-01 7.05835697e-02 -1.99871683e-04 5.19003130e+03 3.52669306e+01
1.38603367e-02 1.34962072e+00 1.34126030e-01 1.46625930e-01 6.97483814e-02 -1.95915918e-04 5.20618950e+03 3.52670157e+01
1.39033051e-02 1.34962400e+00 1.32947741e-01 1.45166624e-01 6.89291806e-02 -1.92248205e-04 5.22232921e+03 3.52671014e+01
1.39462240e-02 1.34962732e+00 1.31791760e-01 1.43732461e-01 6.81224357e-02 -1.88837755e-04 5.23845034e+03 3.52671882e+01
1.39890932e-02 1.34963068e+00 1.30654943e-01 1.42323627e-01 6.73259130e-02 -1.85602429e-04 5.25455276e+03 3.52672762e+01
1.40319123e-02 1.34963409e+00 1.29537679e-01 1.40939696e-01 6.65404853e-02 -1.82433224e-04 5.27063637e+03 3.52673654e+01
1.40746811e-02 1.34963754e+00 1.28440492e-01 1.39579756e-01 6.57680792e-02 -1.79206147e-04 5.28670109e+03 3.52674555e+01
1.41173993e-02 1.34964101e+00 1.27362143e-01 1.38242821e-01 6.50097253e-02 -1.75843647e-04 5.30274683e+03 3.52675463e+01
1.41600666e-02 1.34964450e+00 1.26301707e-01 1.36927869e-01 6.42653245e-02 -1.72312323e-04 5.31877341e+03 3.52676375e+01
1.42026826e-02 1.34964801e+00 1.25259412e-01 1.35633833e-01 6.35337811e-02 -1.68694427e-04 5.33478076e+03 3.52677293e+01
1.42452476e-02 1.34965153e+00 1.24235252e-01 1.34359775e-01 6.28134830e-02 -1.65257314e-04 5.35076893e+03 3.52678214e+01
1.42877608e-02 1.34965507e+00 1.23228431e-01 1.33105028e-01 6.21050124e-02 -1.62224408e-04 5.36673765e+03 3.52679138e+01
1.43302214e-02 1.34965861e+00 1.22238870e-01 1.31869085e-01 6.14114787e-02 -1.59454895e-04 5.38268658e+03 3.52680065e+01
1.43726303e-02 1.34966218e+00 1.21265724e-01 1.30651863e-01 6.07331883e-02 -1.56662635e-04 5.39861613e+03 3.52680997e+01
1.44149882e-02 1.34966577e+00 1.20306905e-01 1.29453742e-01 6.00660780e-02 -1.53863958e-04 5.41452650e+03 3.52681936e+01
1.44572914e-02 1.34966938e+00 1.19362454e-01 1.28274602e-01 5.94087384e-02 -1.51238729e-04 5.43041636e+03 3.52682881e+01
1.44995391e-02 1.34967301e+00 1.18433002e-01 1.27113540e-01 5.87648951e-02 -1.48820316e-04 5.44628533e+03 3.52683830e+01
1.45417382e-02 1.34967667e+00 1.17518103e-01 1.25969845e-01 5.81342709e-02 -1.46474833e-04 5.46213607e+03 3.52684785e+01
1.45838890e-02 1.34968034e+00 1.16617251e-01 1.24843573e-01 5.75122605e-02 -1.44046477e-04 5.47796866e+03 3.52685746e+01
1.46259743e-02 1.34968404e+00 1.15730127e-01 1.23735044e-01 5.68984544e-02 -1.41510589e-04 5.49377667e+03 3.52686714e+01
1.46679939e-02 1.34968777e+00 1.14856352e-01 1.22643737e-01 5.62941761e-02 -1.38922652e-04 5.50955998e+03 3.52687688e+01
1.47100074e-02 1.34969152e+00 1.13994781e-01 1.21567418e-01 5.56972772e-02 -1.36297130e-04 5.52534096e+03 3.52688669e+01
1.47521107e-02 1.34969531e+00 1.13143615e-01 1.20502900e-01 5.51052734e-02 -1.33638447e-04 5.54115575e+03 3.52689658e+01
1.47943653e-02 1.34969912e+00 1.12301714e-01 1.19448147e-01 5.45190355e-02 -1.31013170e-04 5.55702732e+03 3.52690655e+01
1.48367731e-02 1.34970297e+00 1.11469044e-01 1.18403368e-01 5.39386620e-02 -1.28523221e-04 5.57295643e+03 3.52691661e+01
1.48793193e-02 1.34970684e+00 1.10645724e-01 1.17369825e-01 5.33618500e-02 -1.26221812e-04 5.58893753e+03 3.52692673e+01
1.49220063e-02 1.34971074e+00 1.09831481e-01 1.16347974e-01 5.27907092e-02 -1.24080038e-04 5.60497154e+03 3.52693692e+01
1.49648435e-02 1.34971467e+00 1.09025869e-01 1.15337468e-01 5.22285192e-02 -1.22041445e-04 5.62106195e+03 3.52694719e+01
1.50078322e-02 1.34971863e+00 1.08228661e-01 1.14338044e-01 5.16740240e-02 -1.20067854e-04 5.63720928e+03 3.52695755e+01
1.50509712e-02 1.34972263e+00 1.07439888e-01 1.13349421e-01 5.11258730e-02 -1.18143192e-04 5.65341308e+03 3.52696799e+01
1.50942635e-02 1.34972665e+00 1.06659513e-01 1.12371106e-01 5.05840101e-02 -1.16265209e-04 5.66967443e+03 3.52697851e+01
1.51377125e-02 1.34973071e+00 1.05887334e-01 1.11402674e-01 5.00482235e-02 -1.14434889e-04 5.68599465e+03 3.52698912e+01
1.51813198e-02 1.34973480e+00 1.05123144e-01 1.10443866e-01 4.95182697e-02 -1.12651944e-04 5.70237431e+03 3.52699982e+01
1.52250870e-02 1.34973893e+00 1.04366816e-01 1.09494486e-01 4.89939603e-02 -1.10913876e-04 5.71881405e+03 3.52701061e+01
1.52690167e-02 1.34974309e+00 1.03618251e-01 1.08554348e-01 4.84751416e-02 -1.09218182e-04 5.73531485e+03 3.52702148e+01
1.53131114e-02 1.34974728e+00 1.02877326e-01 1.07623286e-01 4.79616939e-02 -1.07564024e-04 5.75187760e+03 3.52703243e+01
1.53573731e-02 1.34975151e+00 1.02143911e-01 1.06701150e-01 4.74535218e-02 -1.05950880e-04 5.76850306e+03 3.52704348e+01
1.54018040e-02 1.34975576e+00 1.01417894e-01 1.05787793e-01 4.69505361e-02 -1.04377545e-04 5.78519210e+03 3.52705461e+01
1.54464065e-02 1.34976006e+00 1.00699173e-01 1.04883072e-01 4.64526458e-02 -1.02842758e-04 5.80194563e+03 3.52706583e+01
1.54911831e-02 1.34976438e+00 9.99876411e-02 1.03986851e-01 4.59597636e-02 -1.01345606e-04 5.81876450e+03 3.52707713e+01
1.55361360e-02 1.34976874e+00 9.92831944e-02 1.03098998e-01 4.54718086e-02 -9.98852333e-05 5.83564961e+03 3.52708852e+01
1.55812677e-02 1.34977313e+00 9.85857322e-02 1.02219385e-01 4.49887030e-02 -9.84606940e-05 5.85260186e+03 3.52710000e+01
1.56265805e-02 1.34977756e+00 9.78951584e-02 1.01347887e-01 4.45103702e-02 -9.70710678e-05 5.86962218e+03 3.52711157e+01
1.56720770e-02 1.34978201e+00 9.72113781e-02 1.00484381e-01 4.40367353e-02 -9.57154974e-05 5.88671147e+03 3.52712322e+01
1.57177596e-02 1.34978651e+00 9.65342986e-02 9.96287484e-02 4.35677261e-02 -9.43931413e-05 5.90387069e+03 3.52713496e+01
1.57636310e-02 1.34979103e+00 9.58638291e-02 9.87808735e-02 4.31032724e-02 -9.31031742e-05 5.92110077e+03 3.52714679e+01
1.58096935e-02 1.34979559e+00 9.51998814e-02 9.79406426e-02 4.26433052e-02 -9.18447888e-05 5.93840269e+03 3.52715871e+01
1.58559499e-02 1.34980018e+00 9.45423692e-02 9.71079451e-02 4.21877576e-02 -9.06172377e-05 5.95577741e+03 3.52717071e+01
1.59024027e-02 1.34980481e+00 9.38912081e-02 9.62826726e-02 4.17365641e-02 -8.94198024e-05 5.97322593e+03 3.52718280e+01
1.59490547e-02 1.34980947e+00 9.32463159e-02 9.54647195e-02 4.12896611e-02 -8.82516820e-05 5.99074923e+03 3.52719498e+01
1.59959084e-02 1.34981416e+00 9.26076126e-02 9.46539823e-02 4.08469868e-02 -8.71121025e-05 6.00834834e+03 3.52720725e+01
1.60429667e-02 1.34981889e+00 9.19750191e-02 9.38503597e-02 4.04084801e-02 -8.60004069e-05 6.02602427e+03 3.52721960e+01
1.60902323e-02 1.34982365e+00 9.13484581e-02 9.30537528e-02 3.99740811e-02 -8.49159579e-05 6.04377807e+03 3.52723205e+01
1.61377081e-02 1.34982845e+00 9.07278541e-02 9.22640647e-02 3.95437318e-02 -8.38580918e-05 6.06161080e+03 3.52724458e+01
1.61853967e-02 1.34983327e+00 9.01131336e-02 9.14812005e-02 3.91173755e-02 -8.28261344e-05 6.07952351e+03 3.52725719e+01
1.62333012e-02 1.34983814e+00 8.95042242e-02 9.07050675e-02 3.86949567e-02 -8.18194488e-05 6.09751729e+03 3.52726990e+01
1.62814244e-02 1.34984303e+00 8.89010550e-02 8.99355748e-02 3.82764210e-02 -8.08374293e-05 6.11559324e+03 3.52728270e+01
1.63297694e-02 1.34984796e+00 8.83035570e-02 8.91726333e-02 3.78617152e-02 -7.98794823e-05 6.13375246e+03 3.52729558e+01
1.63783391e-02 1.34985292e+00 8.77116623e-02 8.84161559e-02 3.74507873e-02 -7.89450232e-05 6.15199609e+03 3.52730855e+01
1.64271365e-02 1.34985792e+00 8.71253047e-02 8.76660571e-02 3.70435866e-02 -7.80334769e-05 6.17032527e+03 3.52732160e+01
1.64761647e-02 1.34986295e+00 8.65444191e-02 8.69222534e-02 3.66400632e-02 -7.71442867e-05 6.18874115e+03 3.52733475e+01
1.65254269e-02 1.34986801e+00 8.59689421e-02 8.61846627e-02 3.62401684e-02 -7.62769111e-05 6.20724491e+03 3.52734798e+01
1.65749262e-02 1.34987311e+00 8.53988112e-02 8.54532047e-02 3.58438545e-02 -7.54308236e-05 6.22583774e+03 3.52736130e+01
1.66246659e-02 1.34987824e+00 8.48339654e-02 8.47278008e-02 3.54510748e-02 -7.46055066e-05 6.24452085e+03 3.52737471e+01
1.66746492e-02 1.34988340e+00 8.42743448e-02 8.40083737e-02 3.50617836e-02 -7.38004530e-05 6.26329547e+03 3.52738821e+01
1.67248794e-02 1.34988860e+00 8.37198904e-02 8.32948479e-02 3.46759362e-02 -7.30151678e-05 6.28216283e+03 3.52740179e+01
1.67753599e-02 1.34989383e+00 8.31705449e-02 8.25871492e-02 3.42934887e-02 -7.22491702e-05 6.30112419e+03 3.52741546e+01
1.68260940e-02 1.34989909e+00 8.26262518e-02 8.18852050e-02 3.39143983e-02 -7.15019888e-05 6.32018085e+03 3.52742921e+01
1.68770853e-02 1.34990439e+00 8.20869564e-02 8.11889441e-02 3.35386229e-02 -7.07731554e-05 6.33933408e+03 3.52744306e+01
1.69283372e-02 1.34990972e+00 8.15526047e-02 8.04982967e-02 3.31661214e-02 -7.00622079e-05 6.35858521e+03 3.52745698e+01
1.69798534e-02 1.34991508e+00 8.10231438e-02 7.98131942e-02 3.27968534e-02 -6.93687013e-05 6.37793558e+03 3.52747100e+01
1.70316373e-02 1.34992048e+00 8.04985215e-02 7.91335696e-02 3.24307794e-02 -6.86922178e-05 6.39738654e+03 3.52748510e+01
1.70836926e-02 1.34992591e+00 7.99786863e-02 7.84593568e-02 3.20678607e-02 -6.80323684e-05 6.41693946e+03 3.52749929e+01
1.71360232e-02 1.34993137e+00 7.94635874e-02 7.77904912e-02 3.17080595e-02 -6.73887820e-05 6.43659575e+03 3.52751356e+01
1.71886327e-02 1.34993686e+00 7.89531750e-02 7.71269094e-02 3.13513385e-02 -6.67610885e-05 6.45635681e+03 3.52752792e+01
1.72415249e-02 1.34994239e+00 7.84474008e-02 7.64685492e-02 3.09976615e-02 -6.61488986e-05 6.47622409e+03 3.52754236e+01
1.72947039e-02 1.34994795e+00 7.79462184e-02 7.58153496e-02 3.06469926e-02 -6.55517932e-05 6.49619905e+03 3.52755689e+01
1.73481734e-02 1.34995354e+00 7.74495829e-02 7.51672505e-02 3.02992970e-02 -6.49693263e-05 6.51628317e+03 3.52757150e+01
1.74019376e-02 1.34995916e+00 7.69574502e-02 7.45241931e-02 2.99545404e-02 -6.44010543e-05 6.53647796e+03 3.52758620e+01
1.74560005e-02 1.34996482e+00 7.64697761e-02 7.38861196e-02 2.96126892e-02 -6.38465863e-05 6.55678494e+03 3.52760098e+01
1.75103662e-02 1.34997050e+00 7.59865155e-02 7.32529734e-02 2.92737106e-02 -6.33056302e-05 6.57720568e+03 3.52761584e+01
1.75650390e-02 1.34997622e+00 7.55076220e-02 7.26246986e-02 2.89375723e-02 -6.27779971e-05 6.59774174e+03 3.52763079e+01
1.76200230e-02 1.34998197e+00 7.50330498e-02 7.20012406e-02 2.86042428e-02 -6.22635382e-05 6.61839473e+03 3.52764581e+01
1.76753227e-02 1.34998775e+00 7.45627563e-02 7.13825458e-02 2.82736912e-02 -6.17620203e-05 6.63916627e+03 3.52766092e+01
1.77309424e-02 1.34999357e+00 7.40967045e-02 7.07685617e-02 2.79458872e-02 -6.12729857e-05 6.66005803e+03 3.52767612e+01
1.77868867e-02 1.34999941e+00 7.36348652e-02 7.01592367e-02 2.76208011e-02 -6.07956705e-05 6.68107168e+03 3.52769139e+01
1.78431599e-02 1.35000529e+00 7.31772151e-02 6.95545202e-02 2.72984038e-02 -6.03290483e-05 6.70220892e+03 3.52770675e+01
1.78997669e-02 1.35001119e+00 7.27237326e-02 6.89543625e-02 2.69786668e-02 -5.98720399e-05 6.72347149e+03 3.52772218e+01
1.79567122e-02 1.35001712e+00 7.22743892e-02 6.83587145e-02 2.66615622e-02 -5.94238592e-05 6.74486116e+03 3.52773768e+01
1.80140006e-02 1.35002308e+00 7.18291418e-02 6.77675278e-02 2.63470629e-02 -5.89843936e-05 6.76637972e+03 3.52775324e+01
1.80716370e-02 1.35002906e+00 7.13879268e-02 6.71807548e-02 2.60351420e-02 -5.85544664e-05 6.78802898e+03 3.52776887e+01
1.81296263e-02 1.35003506e+00 7.09506613e-02 6.65983488e-02 2.57257735e-02 -5.81358255e-05 6.80981080e+03 3.52778456e+01
1.81879736e-02 1.35004109e+00 7.05172516e-02 6.60202640e-02 2.54189314e-02 -5.77307792e-05 6.83172706e+03 3.52780032e+01
1.82466838e-02 1.35004715e+00 7.00876092e-02 6.54464560e-02 2.51145901e-02 -5.73415145e-05 6.85377968e+03 3.52781616e+01
1.83057622e-02 1.35005325e+00 6.96616694e-02 6.48768821e-02 2.48127238e-02 -5.69692662e-05 6.87597059e+03 3.52783210e+01
1.83652141e-02 1.35005940e+00 6.92394083e-02 6.43115007e-02 2.45133069e-02 -5.66135741e-05 6.89830178e+03 3.52784815e+01
1.84250448e-02 1.35006559e+00 6.88208515e-02 6.37502717e-02 2.42163142e-02 -5.62718729e-05 6.92077526e+03 3.52786434e+01
1.84852598e-02 1.35007184e+00 6.84060711e-02 6.31931556e-02 2.39217213e-02 -5.59395732e-05 6.94339307e+03 3.52788067e+01
1.85458645e-02 1.35007814e+00 6.79951716e-02 6.26401131e-02 2.36295051e-02 -5.56106567e-05 6.96615730e+03 3.52789713e+01
1.86068647e-02 1.35008447e+00 6.75882654e-02 6.20911045e-02 2.33396438e-02 -5.52786546e-05 6.98907006e+03 3.52791368e+01
1.86682661e-02 1.35009083e+00 6.71854473e-02 6.15460894e-02 2.30521176e-02 -5.49377720e-05 7.01213351e+03 3.52793030e+01
1.87300745e-02 1.35009719e+00 6.67867705e-02 6.10050265e-02 2.27669081e-02 -5.45838815e-05 7.03534984e+03 3.52794691e+01
1.87922958e-02 1.35010352e+00 6.63922325e-02 6.04678737e-02 2.24839977e-02 -5.42151685e-05 7.05872127e+03 3.52796346e+01
1.88549361e-02 1.35010980e+00 6.60017710e-02 5.99345885e-02 2.22033690e-02 -5.38323187e-05 7.08225008e+03 3.52797987e+01
1.89180015e-02 1.35011601e+00 6.56152716e-02 5.94051289e-02 2.19250043e-02 -5.34382686e-05 7.10593858e+03 3.52799609e+01
1.89814983e-02 1.35012212e+00 6.52325819e-02 5.88794534e-02 2.16488843e-02 -5.30376410e-05 7.12978912e+03 3.52801207e+01
1.90454329e-02 1.35012813e+00 6.48535295e-02 5.83575222e-02 2.13749889e-02 -5.26360260e-05 7.15380408e+03 3.52802777e+01
1.91098117e-02 1.35013403e+00 6.44779399e-02 5.78392974e-02 2.11032964e-02 -5.22392744e-05 7.17798591e+03 3.52804319e+01
1.91746414e-02 1.35013982e+00 6.41056505e-02 5.73247428e-02 2.08337843e-02 -5.18529144e-05 7.20233708e+03 3.52805832e+01
1.92399286e-02 1.35014551e+00 6.37365202e-02 5.68138247e-02 2.05664301e-02 -5.14817468e-05 7.22686012e+03 3.52807319e+01
1.93056802e-02 1.35015111e+00 6.33704352e-02 5.63065113e-02 2.03012115e-02 -5.11296145e-05 7.25155761e+03 3.52808783e+01
1.93719032e-02 1.35015664e+00 6.30073102e-02 5.58027726e-02 2.00381071e-02 -5.07993142e-05 7.27643215e+03 3.52810228e+01
1.94386047e-02 1.35016212e+00 6.26470881e-02 5.53025802e-02 1.97770970e-02 -5.04925974e-05 7.30148642e+03 3.52811661e+01
1.95057919e-02 1.35016758e+00 6.22897372e-02 5.48059070e-02 1.95181628e-02 -5.02102263e-05 7.32672314e+03 3.52813086e+01
1.95734722e-02 1.35017303e+00 6.19352485e-02 5.43127269e-02 1.92612877e-02 -4.99520730e-05 7.35214506e+03 3.52814511e+01
1.96416531e-02 1.35017850e+00 6.15836316e-02 5.38230150e-02 1.90064565e-02 -4.97172395e-05 7.37775501e+03 3.52815940e+01
1.97103422e-02 1.35018401e+00 6.12349107e-02 5.33367462e-02 1.87536553e-02 -4.95041774e-05 7.40355587e+03 3.52817380e+01
1.97795474e-02 1.35018958e+00 6.08891201e-02 5.28538958e-02 1.85028714e-02 -4.93108404e-05 7.42955058e+03 3.52818835e+01
1.98492765e-02 1.35019522e+00 6.05463012e-02 5.23744406e-02 1.82540933e-02 -4.91348479e-05 7.45574206e+03 3.52820310e+01
1.99195376e-02 1.35020096e+00 6.02064976e-02 5.18983556e-02 1.80073100e-02 -4.89735782e-05 7.48213339e+03 3.52821810e+01
1.99903393e-02 1.35020680e+00 5.98697526e-02 5.14256149e-02 1.77625106e-02 -4.88243012e-05 7.50872777e+03 3.52823336e+01
2.00616895e-02 1.35021275e+00 5.95361069e-02 5.09561965e-02 1.75196854e-02 -4.86843727e-05 7.53552818e+03 3.52824891e+01
2.01335967e-02 1.35021882e+00 5.92055963e-02 5.04900767e-02 1.72788241e-02 -4.85512083e-05 7.56253779e+03 3.52826477e+01
2.02060707e-02 1.35022500e+00 5.88782490e-02 5.00272229e-02 1.70399159e-02 -4.84222636e-05 7.58976032e+03 3.52828093e+01
2.02791197e-02 1.35023130e+00 5.85540876e-02 4.95676149e-02 1.68029509e-02 -4.82954021e-05 7.61719883e+03 3.52829740e+01
2.03527509e-02 1.35023772e+00 5.82331278e-02 4.91112392e-02 1.65679192e-02 -4.81688246e-05 7.64485600e+03 3.52831416e+01
2.04269769e-02 1.35024424e+00 5.79153732e-02 4.86580488e-02 1.63348080e-02 -4.80405170e-05 7.67273663e+03 3.52833120e+01
2.05018088e-02 1.35025086e+00 5.76008222e-02 4.82080099e-02 1.61036053e-02 -4.79089737e-05 7.70084482e+03 3.52834850e+01
2.05772472e-02 1.35025757e+00 5.72894743e-02 4.77611503e-02 1.58743047e-02 -4.77738329e-05 7.72918083e+03 3.52836602e+01
2.06533052e-02 1.35026435e+00 5.69813115e-02 4.73174243e-02 1.56468917e-02 -4.76339244e-05 7.75774957e+03 3.52838375e+01
2.07300108e-02 1.35027120e+00 5.66762984e-02 4.68767045e-02 1.54213439e-02 -4.74872907e-05 7.78656157e+03 3.52840165e+01
2.08073556e-02 1.35027810e+00 5.63744291e-02 4.64390738e-02 1.51976620e-02 -4.73351036e-05 7.81561367e+03 3.52841968e+01
2.08853208e-02 1.35028504e+00 5.60756990e-02 4.60046671e-02 1.49758510e-02 -4.71792262e-05 7.84489876e+03 3.52843782e+01
2.09639736e-02 1.35029200e+00 5.57800187e-02 4.55731468e-02 1.47558587e-02 -4.70155663e-05 7.87444217e+03 3.52845602e+01
2.10433646e-02 1.35029898e+00 5.54873257e-02 4.51442853e-02 1.45376536e-02 -4.68418695e-05 7.90426284e+03 3.52847424e+01
2.11233651e-02 1.35030595e+00 5.51977285e-02 4.47188030e-02 1.43213258e-02 -4.66676961e-05 7.93431246e+03 3.52849247e+01
2.12039416e-02 1.35031292e+00 5.49111782e-02 4.42968899e-02 1.41068547e-02 -4.64966587e-05 7.96457843e+03 3.52851067e+01
2.12854218e-02 1.35031986e+00 5.46272526e-02 4.38768972e-02 1.38939526e-02 -4.63111717e-05 7.99518385e+03 3.52852880e+01
2.13678659e-02 1.35032674e+00 5.43461059e-02 4.34586102e-02 1.36827524e-02 -4.61050961e-05 8.02615131e+03 3.52854680e+01
2.14505553e-02 1.35033357e+00 5.40689907e-02 4.30456489e-02 1.34741919e-02 -4.59083135e-05 8.05721093e+03 3.52856463e+01
2.15334235e-02 1.35034038e+00 5.37953051e-02 4.26382446e-02 1.32678345e-02 -4.57372435e-05 8.08833771e+03 3.52858244e+01
2.16190724e-02 1.35034735e+00 5.35181103e-02 4.22238611e-02 1.30584913e-02 -4.55524095e-05 8.12050894e+03 3.52860066e+01
2.17120394e-02 1.35035476e+00 5.32249151e-02 4.17816306e-02 1.28367163e-02 -4.53147538e-05 8.15542902e+03 3.52862001e+01
2.18158015e-02 1.35036284e+00 5.29049989e-02 4.12970785e-02 1.25942736e-02 -4.50481135e-05 8.19440392e+03 3.52864112e+01
2.19315586e-02 1.35037167e+00 5.25550433e-02 4.07674471e-02 1.23284842e-02 -4.47910899e-05 8.23788433e+03 3.52866421e+01
2.20598796e-02 1.35038120e+00 5.21767460e-02 4.01935156e-02 1.20405378e-02 -4.45257670e-05 8.28608399e+03 3.52868910e+01
2.22021667e-02 1.35039134e+00 5.17708879e-02 3.95728881e-02 1.17309554e-02 -4.42101955e-05 8.33952956e+03 3.52871562e+01
2.23602899e-02 1.35040215e+00 5.13354938e-02 3.89019351e-02 1.13980731e-02 -4.38463312e-05 8.39892347e+03 3.52874385e+01
2.25359648e-02 1.35041367e+00 5.08684116e-02 3.81787650e-02 1.10400095e-02 -4.34649765e-05 8.46491008e+03 3.52877396e+01
2.27309797e-02 1.35042589e+00 5.03693674e-02 3.74023529e-02 1.06563383e-02 -4.30705881e-05 8.53816115e+03 3.52880590e+01
2.29475012e-02 1.35043875e+00 4.98393152e-02 3.65714666e-02 1.02475988e-02 -4.26439489e-05 8.61949049e+03 3.52883950e+01
2.31879599e-02 1.35045222e+00 4.92791242e-02 3.56852773e-02 9.81416549e-03 -4.21781398e-05 8.70981108e+03 3.52887471e+01
2.34549642e-02 1.35046632e+00 4.86895467e-02 3.47438836e-02 9.35616093e-03 -4.16850730e-05 8.81010265e+03 3.52891156e+01
2.37514155e-02 1.35048102e+00 4.80720668e-02 3.37482194e-02 8.87425515e-03 -4.11693543e-05 8.92145502e+03 3.52894996e+01
2.40805716e-02 1.35049607e+00 4.74294724e-02 3.27000794e-02 8.37062530e-03 -4.06042172e-05 9.04509193e+03 3.52898930e+01
2.44460327e-02 1.35051114e+00 4.67652940e-02 3.16022185e-02 7.84824694e-03 -3.99515444e-05 9.18236564e+03 3.52902867e+01
2.48517782e-02 1.35052585e+00 4.60833346e-02 3.04583540e-02 7.31004973e-03 -3.91946520e-05 9.33477089e+03 3.52906712e+01
2.53022314e-02 1.35053974e+00 4.53878132e-02 2.92733643e-02 6.75906158e-03 -3.83335231e-05 9.50396913e+03 3.52910340e+01
2.58022990e-02 1.35055205e+00 4.46836462e-02 2.80532366e-02 6.19910404e-03 -3.73597854e-05 9.69180344e+03 3.52913557e+01
2.63574144e-02 1.35056163e+00 4.39764206e-02 2.68051325e-02 5.63510888e-03 -3.62512059e-05 9.90031467e+03 3.52916063e+01
2.69735995e-02 1.35056694e+00 4.32720829e-02 2.55372622e-02 5.07279043e-03 -3.49789319e-05 1.01317648e+04 3.52917451e+01
2.76575291e-02 1.35056599e+00 4.25766231e-02 2.42587090e-02 4.51822856e-03 -3.35138069e-05 1.03886609e+04 3.52917202e+01
2.84165962e-02 1.35055634e+00 4.18958731e-02 2.29793300e-02 3.97759714e-03 -3.18272395e-05 1.06737800e+04 3.52914680e+01
2.92589875e-02 1.35053506e+00 4.12353730e-02 2.17096048e-02 3.45710941e-03 -2.98866975e-05 1.09901972e+04 3.52909118e+01
3.01937659e-02 1.35049873e+00 4.06002292e-02 2.04604713e-02 2.96292643e-03 -2.76522487e-05 1.13413167e+04 3.52899626e+01
3.12309631e-02 1.35044348e+00 3.99949643e-02 1.92431594e-02 2.50091409e-03 -2.50754022e-05 1.17309064e+04 3.52885190e+01
3.23816834e-02 1.35036509e+00 3.94234096e-02 1.80690545e-02 2.07629299e-03 -2.20982376e-05 1.21631375e+04 3.52864704e+01
3.36582164e-02 1.35025910e+00 3.88886879e-02 1.69496415e-02 1.69334141e-03 -1.86515400e-05 1.26426260e+04 3.52837008e+01
