VARIABLES="Y/c","U","Urms/utau","Vrms/utau","Wrms/utau","<uv>/utau^2","y+",u"+"
0.00000000e+00 0.00000000e+00 0.00000000e+00 0.00000000e+00 0.00000000e+00 0.00000000e+00 0.00000000e+00 0.00000000e+00
1.09846017e-06 3.75998315e-03 5.71297661e-03 8.56742611e-06 5.71544375e-04 -7.97472254e-10 1.95655625e-01 1.97471946e-01
2.23765486e-06 7.72728407e-03 1.11218205e-02 2.44687991e-05 1.10558269e-03 -7.33837399e-08 3.98566806e-01 4.05832089e-01
3.41895903e-06 1.19166090e-02 1.62109160e-02 5.68544331e-05 1.60375118e-03 -2.14312011e-07 6.08978447e-01 6.25852792e-01
4.64378265e-06 1.63395364e-02 2.09848138e-02 9.89652041e-05 2.06831116e-03 -5.26781514e-07 8.27141687e-01 8.58142143e-01
5.91357050e-06 2.10107038e-02 2.54370348e-02 1.56305605e-04 2.50033667e-03 -1.00639623e-06 1.05331387e+00 1.10346889e+00
7.22980200e-06 2.59448993e-02 2.95667584e-02 2.23591373e-04 2.90113423e-03 -1.76350841e-06 1.28775851e+00 1.36260971e+00
8.59399073e-06 3.11575561e-02 3.33783466e-02 3.05506710e-04 3.27227418e-03 -2.77606351e-06 1.53074520e+00 1.63637513e+00
1.00076839e-05 3.66655616e-02 3.68740366e-02 3.97423908e-04 3.61480989e-03 -4.14020950e-06 1.78254953e+00 1.92565207e+00
1.14724617e-05 4.24861879e-02 4.00641632e-02 5.02624260e-04 3.93041659e-03 -5.83401160e-06 2.04345295e+00 2.23134765e+00
1.29899363e-05 4.86381414e-02 4.29582030e-02 6.17825704e-04 4.22038802e-03 -7.90327694e-06 2.31374262e+00 2.55444431e+00
1.45617509e-05 5.51408590e-02 4.55717576e-02 7.44860590e-04 4.48644550e-03 -1.03222690e-05 2.59371123e+00 2.89596286e+00
1.61895782e-05 6.20150143e-02 4.79220877e-02 8.81422709e-04 4.73022976e-03 -1.30933788e-05 2.88365672e+00 3.25698908e+00
1.78751192e-05 6.92823012e-02 5.00305561e-02 1.02832075e-03 4.95360746e-03 -1.61731825e-05 3.18388206e+00 3.63866231e+00
1.96201010e-05 7.69655771e-02 5.19213100e-02 1.18410066e-03 5.15853438e-03 -1.95269355e-05 3.49469489e+00 4.04218300e+00
2.14262752e-05 8.50888563e-02 5.36212613e-02 1.34864846e-03 5.34709408e-03 -2.30970076e-05 3.81640717e+00 4.46881237e+00
2.32954149e-05 9.36773421e-02 5.51597570e-02 1.52129368e-03 5.52149853e-03 -2.68233620e-05 4.14933476e+00 4.91987409e+00
2.52293125e-05 1.02757431e-01 5.65677310e-02 1.70127378e-03 5.68405545e-03 -3.06391517e-05 4.49379691e+00 5.39675449e+00
2.72297765e-05 1.12356761e-01 5.78772450e-02 1.88849478e-03 5.83718787e-03 -3.44782752e-05 4.85011573e+00 5.90090502e+00
2.92986277e-05 1.22504138e-01 5.91204685e-02 2.08181741e-03 5.98341497e-03 -3.82752779e-05 5.21861556e+00 6.43383871e+00
3.14376959e-05 1.33229644e-01 6.03289376e-02 2.28158290e-03 6.12537711e-03 -4.19745881e-05 5.59962229e+00 6.99713526e+00
3.36488148e-05 1.44564455e-01 6.15325662e-02 2.48647067e-03 6.26585405e-03 -4.55252560e-05 5.99346256e+00 7.59243218e+00
3.59338177e-05 1.56541010e-01 6.27588836e-02 2.69711659e-03 6.40781546e-03 -4.88948336e-05 6.40046292e+00 8.22143305e+00
3.82945321e-05 1.69192712e-01 6.40322753e-02 2.91218324e-03 6.55448088e-03 -5.20563710e-05 6.82094884e+00 8.88589218e+00
4.07327731e-05 1.82554150e-01 6.53735206e-02 3.13245308e-03 6.70940000e-03 -5.50066817e-05 7.25524368e+00 9.58762616e+00
4.32503377e-05 1.96660664e-01 6.67994764e-02 3.35666940e-03 6.87653198e-03 -5.77467059e-05 7.70366746e+00 1.03284911e+01
4.58489968e-05 2.11548626e-01 6.83231212e-02 3.58562552e-03 7.06031535e-03 -6.03017464e-05 8.16653565e+00 1.11103971e+01
4.85304876e-05 2.27254848e-01 6.99537611e-02 3.81817752e-03 7.26569508e-03 -6.26990786e-05 8.64415767e+00 1.19352777e+01
5.12965047e-05 2.43816898e-01 7.16975631e-02 4.05500085e-03 7.49808454e-03 -6.49878261e-05 9.13683536e+00 1.28051057e+01
5.41486907e-05 2.61272372e-01 7.35581622e-02 4.29504911e-03 7.76322339e-03 -6.72179240e-05 9.64486128e+00 1.37218558e+01
5.70886255e-05 2.79659175e-01 7.55374716e-02 4.53876770e-03 8.06691296e-03 -6.94583836e-05 1.01685168e+01 1.46875186e+01
6.01178151e-05 2.99014734e-01 7.76364518e-02 4.78516446e-03 8.41461388e-03 -7.17810951e-05 1.07080703e+01 1.57040599e+01
6.32376789e-05 3.19376103e-01 7.98558978e-02 5.03437542e-03 8.81092210e-03 -7.42759843e-05 1.12637745e+01 1.67734257e+01
6.64495369e-05 3.40779270e-01 8.21971564e-02 5.28542123e-03 9.25895799e-03 -7.70425070e-05 1.18358645e+01 1.78975060e+01
6.97545942e-05 3.63258873e-01 8.46625819e-02 5.53810182e-03 9.75972655e-03 -8.01977325e-05 1.24245550e+01 1.90781201e+01
7.31539261e-05 3.86847791e-01 8.72560434e-02 5.79144792e-03 1.03115125e-02 -8.38777516e-05 1.30300375e+01 2.03169946e+01
7.66484603e-05 4.11576360e-01 8.99828738e-02 6.04497425e-03 1.09093774e-02 -8.82314628e-05 1.36524772e+01 2.16157229e+01
8.02389588e-05 4.37472395e-01 9.28497629e-02 6.29779227e-03 1.15447901e-02 -9.34292908e-05 1.42920100e+01 2.29757657e+01
8.39259982e-05 4.64558656e-01 9.58642836e-02 6.54930210e-03 1.22054446e-02 -9.96418861e-05 1.49487384e+01 2.43983185e+01
8.77099520e-05 4.92857761e-01 9.90343607e-02 6.79884041e-03 1.28753458e-02 -1.07039282e-04 1.56227290e+01 2.58845690e+01
9.15924622e-05 5.22390475e-01 1.02367135e-01 7.04612179e-03 1.35351136e-02 -1.15764803e-04 1.63142743e+01 2.74356079e+01
9.55739222e-05 5.53176713e-01 1.05867800e-01 7.29098417e-03 1.41624210e-02 -1.25915176e-04 1.70234443e+01 2.90524811e+01
9.96576399e-05 5.85242569e-01 1.09539012e-01 7.53377373e-03 1.47328014e-02 -1.37512435e-04 1.77508283e+01 3.07365590e+01
1.03846383e-04 6.18615639e-01 1.13379034e-01 7.77526095e-03 1.52204167e-02 -1.50474150e-04 1.84969193e+01 3.24892909e+01
1.08143279e-04 6.53317968e-01 1.17379702e-01 8.01661154e-03 1.55990619e-02 -1.64592763e-04 1.92622741e+01 3.43118347e+01
1.12551883e-04 6.89371090e-01 1.21526182e-01 8.25958539e-03 1.58436598e-02 -1.79505544e-04 2.00475262e+01 3.62053212e+01
1.17076238e-04 7.26795223e-01 1.25797060e-01 8.50624284e-03 1.59318917e-02 -1.94722864e-04 2.08533957e+01 3.81708124e+01
1.21721017e-04 7.65609394e-01 1.30164843e-01 8.75914804e-03 1.58459339e-02 -2.09615354e-04 2.16807148e+01 4.02093075e+01
1.26491584e-04 8.05831218e-01 1.34597329e-01 9.02086611e-03 1.55742755e-02 -2.23495995e-04 2.25304392e+01 4.23217317e+01
1.31394054e-04 8.47476596e-01 1.39059644e-01 9.29407222e-03 1.51134734e-02 -2.35652630e-04 2.34036578e+01 4.45089199e+01
1.36435541e-04 8.90560891e-01 1.43516477e-01 9.58097075e-03 1.44695784e-02 -2.45449110e-04 2.43016377e+01 4.67716791e+01
1.41624393e-04 9.35098708e-01 1.47934343e-01 9.88337513e-03 1.36591567e-02 -2.52386394e-04 2.52258662e+01 4.91107765e+01
1.46970080e-04 9.81101993e-01 1.52283095e-01 1.02021750e-02 1.27096684e-02 -2.56166485e-04 2.61780297e+01 5.15268392e+01
1.52483256e-04 1.02857814e+00 1.56536643e-01 1.05375029e-02 1.16589064e-02 -2.56723201e-04 2.71600260e+01 5.40202557e+01
1.58176641e-04 1.07753600e+00 1.60673342e-01 1.08884939e-02 1.05531759e-02 -2.54195213e-04 2.81741208e+01 5.65914910e+01
1.64065468e-04 1.12798440e+00 1.64674514e-01 1.12536401e-02 9.44422554e-03 -2.48888292e-04 2.92230275e+01 5.92410083e+01
1.70165531e-04 1.17991213e+00 1.68521031e-01 1.16305804e-02 8.38494382e-03 -2.41179762e-04 3.03095591e+01 6.19682191e+01
1.76489864e-04 1.23325652e+00 1.72189132e-01 1.20162394e-02 7.42323088e-03 -2.31459884e-04 3.14360371e+01 6.47698321e+01
1.83047600e-04 1.28789240e+00 1.75648631e-01 1.24067952e-02 6.59402296e-03 -2.20033883e-04 3.26040886e+01 6.76392730e+01
1.89846004e-04 1.34364568e+00 1.78863551e-01 1.27981339e-02 5.91194224e-03 -2.07103243e-04 3.38150072e+01 7.05673993e+01
1.96892765e-04 1.40031052e+00 1.81793707e-01 1.31860225e-02 5.36910577e-03 -1.92748860e-04 3.50701628e+01 7.35434006e+01
2.04196308e-04 1.45765098e+00 1.84395914e-01 1.35662336e-02 4.94080422e-03 -1.76994062e-04 3.63710559e+01 7.65548846e+01
2.11765137e-04 1.51539557e+00 1.86625518e-01 1.39344332e-02 4.59643259e-03 -1.59835104e-04 3.77192013e+01 7.95875932e+01
2.19607743e-04 1.57323605e+00 1.88438625e-01 1.42861802e-02 4.30945162e-03 -1.41298341e-04 3.91161113e+01 8.26253381e+01
2.27732862e-04 1.63083073e+00 1.89794706e-01 1.46169246e-02 4.06194710e-03 -1.21455730e-04 4.05633420e+01 8.56501739e+01
2.36149497e-04 1.68780834e+00 1.90659124e-01 1.49220429e-02 3.84392290e-03 -1.00443482e-04 4.20624970e+01 8.86426018e+01
2.44866877e-04 1.74377253e+00 1.91005568e-01 1.51969201e-02 3.65021668e-03 -7.84499586e-05 4.36152200e+01 9.15818052e+01
2.53894420e-04 1.79830822e+00 1.90818562e-01 1.54370334e-02 3.47771151e-03 -5.57128324e-05 4.52231887e+01 9.44459850e+01
2.63241425e-04 1.85098912e+00 1.90095879e-01 1.56381005e-02 3.32389552e-03 -3.25151218e-05 4.68880593e+01 9.72127524e+01
2.72916634e-04 1.90138824e+00 1.88850727e-01 1.57961957e-02 3.18648999e-03 -9.17756903e-06 4.86113891e+01 9.98596820e+01
2.82928175e-04 1.94909251e+00 1.87113240e-01 1.59079486e-02 3.06348039e-03 1.39525084e-05 5.03946257e+01 1.02365080e+02
2.93283835e-04 1.99372062e+00 1.84930992e-01 1.59706831e-02 2.95314674e-03 3.65187363e-05 5.22391560e+01 1.04708920e+02
3.03991227e-04 2.03494064e+00 1.82368181e-01 1.59825964e-02 2.85402210e-03 5.81668881e-05 5.41463362e+01 1.06873769e+02
3.15057740e-04 2.07248631e+00 1.79503477e-01 1.59428557e-02 2.76483295e-03 7.85675696e-05 5.61174823e+01 1.08845644e+02
3.26490441e-04 2.10617114e+00 1.76426527e-01 1.58517113e-02 2.68445441e-03 9.74325702e-05 5.81538532e+01 1.10614750e+02
3.38295958e-04 2.13589947e+00 1.73233368e-01 1.57105153e-02 2.61187925e-03 1.14535648e-04 6.02566293e+01 1.12176064e+02
3.50480369e-04 2.16167337e+00 1.70021062e-01 1.55217196e-02 2.54619396e-03 1.29723376e-04 6.24268934e+01 1.13529692e+02
3.63049376e-04 2.18359410e+00 1.66882090e-01 1.52887737e-02 2.48656037e-03 1.42927926e-04 6.46656608e+01 1.14680955e+02
3.76008729e-04 2.20185691e+00 1.63899128e-01 1.50159743e-02 2.43220392e-03 1.54167976e-04 6.69739561e+01 1.15640107e+02
3.89364403e-04 2.21673877e+00 1.61140816e-01 1.47082452e-02 2.38240884e-03 1.63544851e-04 6.93528431e+01 1.16421693e+02
4.03122286e-04 2.22858023e+00 1.58658878e-01 1.43709057e-02 2.33651858e-03 1.71229198e-04 7.18033709e+01 1.17043599e+02
4.17287811e-04 2.23776394e+00 1.56486609e-01 1.40094229e-02 2.29393881e-03 1.77444269e-04 7.43265071e+01 1.17525922e+02
4.31865797e-04 2.24469184e+00 1.54638714e-01 1.36291759e-02 2.25414091e-03 1.82443872e-04 7.69231101e+01 1.17889771e+02
4.46860404e-04 2.24976307e+00 1.53112410e-01 1.32352450e-02 2.21666481e-03 1.86489901e-04 7.95939209e+01 1.18156108e+02
4.62275173e-04 2.25335436e+00 1.51889739e-01 1.28322455e-02 2.18112129e-03 1.89831679e-04 8.23395702e+01 1.18344721e+02
4.78112986e-04 2.25580475e+00 1.50940867e-01 1.24242257e-02 2.14719228e-03 1.92689814e-04 8.51605710e+01 1.18473414e+02
4.94376041e-04 2.25740562e+00 1.50228072e-01 1.20146229e-02 2.11462766e-03 1.95246186e-04 8.80573153e+01 1.18557490e+02
5.11066393e-04 2.25839629e+00 1.49709937e-01 1.16062625e-02 2.08323882e-03 1.97639912e-04 9.10301690e+01 1.18609520e+02
5.28186158e-04 2.25896461e+00 1.49345278e-01 1.12014015e-02 2.05289198e-03 1.99969552e-04 9.40795087e+01 1.18639368e+02
5.45736173e-04 2.25925146e+00 1.49096294e-01 1.08018367e-02 2.02349977e-03 2.02298862e-04 9.72054838e+01 1.18654433e+02
5.63715789e-04 2.25935777e+00 1.48930643e-01 1.04089930e-02 1.99500909e-03 2.04664850e-04 1.00407979e+02 1.18660016e+02
5.82125074e-04 2.25935255e+00 1.48822398e-01 1.00239636e-02 1.96739088e-03 2.07085821e-04 1.03687005e+02 1.18659742e+02
6.00963427e-04 2.25928083e+00 1.48752032e-01 9.64761593e-03 1.94063636e-03 2.09568707e-04 1.07042457e+02 1.18655976e+02
6.20225645e-04 2.25917054e+00 1.48705705e-01 9.28073237e-03 1.91475014e-03 2.12113764e-04 1.10473406e+02 1.18650183e+02
6.39907597e-04 2.25903815e+00 1.48674152e-01 8.92394109e-03 1.88973602e-03 2.14718634e-04 1.13979118e+02 1.18643230e+02
6.60013661e-04 2.25889294e+00 1.48651522e-01 8.57763465e-03 1.86559468e-03 2.17381013e-04 1.17560372e+02 1.18635604e+02
6.80543360e-04 2.25873993e+00 1.48634338e-01 8.24223121e-03 1.84233779e-03 2.20098388e-04 1.21217082e+02 1.18627568e+02
7.01479268e-04 2.25858166e+00 1.48620646e-01 7.91835144e-03 1.81998428e-03 2.22866893e-04 1.24946146e+02 1.18619256e+02
7.22816057e-04 2.25841919e+00 1.48609371e-01 7.60634320e-03 1.79852924e-03 2.25684920e-04 1.28746614e+02 1.18610723e+02
7.44582267e-04 2.25825284e+00 1.48599918e-01 7.30604826e-03 1.77794337e-03 2.28555373e-04 1.32623570e+02 1.18601986e+02
7.66774778e-04 2.25808312e+00 1.48591982e-01 7.01775106e-03 1.75823327e-03 2.31477204e-04 1.36576458e+02 1.18593073e+02
7.89274378e-04 2.25791115e+00 1.48585443e-01 6.74305895e-03 1.73948414e-03 2.34434835e-04 1.40584043e+02 1.18584041e+02
8.11891572e-04 2.25773811e+00 1.48580237e-01 6.48397195e-03 1.72180105e-03 2.37404360e-04 1.44612575e+02 1.18574953e+02
8.34507670e-04 2.25756465e+00 1.48576251e-01 6.24120632e-03 1.70520847e-03 2.40370685e-04 1.48640911e+02 1.18565843e+02
8.57122252e-04 2.25739089e+00 1.48573333e-01 6.01402143e-03 1.68964227e-03 2.43332781e-04 1.52668977e+02 1.18556717e+02
8.79768628e-04 2.25721694e+00 1.48571358e-01 5.80138961e-03 1.67502911e-03 2.46294797e-04 1.56702706e+02 1.18547581e+02
9.02445929e-04 2.25704292e+00 1.48570240e-01 5.60268335e-03 1.66130779e-03 2.49257086e-04 1.60741944e+02 1.18538442e+02
9.25139423e-04 2.25686874e+00 1.48569905e-01 5.41739826e-03 1.64841787e-03 2.52218078e-04 1.64784065e+02 1.18529294e+02
9.47850342e-04 2.25669432e+00 1.48570286e-01 5.24491134e-03 1.63631104e-03 2.55178226e-04 1.68829291e+02 1.18520134e+02
9.70584999e-04 2.25651964e+00 1.48571310e-01 5.08457080e-03 1.62493931e-03 2.58138341e-04 1.72878745e+02 1.18510959e+02
9.93341609e-04 2.25634469e+00 1.48572912e-01 4.93581199e-03 1.61425444e-03 2.61098025e-04 1.76932109e+02 1.18501771e+02
1.01611721e-03 2.25616949e+00 1.48575034e-01 4.79808415e-03 1.60421299e-03 2.64057147e-04 1.80988854e+02 1.18492570e+02
1.03891276e-03 2.25599405e+00 1.48577625e-01 4.67082755e-03 1.59477477e-03 2.67015934e-04 1.85049155e+02 1.18483356e+02
1.06172894e-03 2.25581835e+00 1.48580640e-01 4.55349507e-03 1.58590060e-03 2.69974551e-04 1.89113130e+02 1.18474128e+02
1.08456468e-03 2.25564240e+00 1.48584040e-01 4.44556385e-03 1.57755352e-03 2.72932906e-04 1.93180588e+02 1.18464887e+02
1.10741952e-03 2.25546621e+00 1.48587790e-01 4.34651857e-03 1.56969929e-03 2.75891073e-04 1.97251448e+02 1.18455634e+02
1.13029359e-03 2.25528979e+00 1.48591863e-01 4.25585484e-03 1.56230561e-03 2.78849159e-04 2.01325734e+02 1.18446369e+02
1.15318660e-03 2.25511318e+00 1.48596232e-01 4.17308241e-03 1.55534180e-03 2.81807209e-04 2.05403393e+02 1.18437093e+02
1.17609818e-03 2.25493638e+00 1.48600877e-01 4.09772612e-03 1.54877907e-03 2.84765260e-04 2.09484359e+02 1.18427808e+02
1.19902822e-03 2.25475943e+00 1.48605776e-01 4.02932354e-03 1.54259044e-03 2.87723383e-04 2.13568615e+02 1.18418515e+02
1.22197661e-03 2.25458236e+00 1.48610910e-01 3.96742808e-03 1.53675044e-03 2.90681638e-04 2.17656138e+02 1.18409215e+02
1.24494312e-03 2.25440520e+00 1.48616255e-01 3.91160916e-03 1.53123515e-03 2.93640066e-04 2.21746888e+02 1.18399911e+02
1.26792757e-03 2.25422798e+00 1.48621787e-01 3.86145298e-03 1.52602207e-03 2.96598704e-04 2.25840834e+02 1.18390603e+02
1.29092980e-03 2.25405068e+00 1.48627478e-01 3.81656306e-03 1.52109008e-03 2.99557585e-04 2.29937949e+02 1.18381292e+02
1.31394964e-03 2.25387332e+00 1.48633299e-01 3.77656116e-03 1.51641935e-03 3.02516717e-04 2.34038199e+02 1.18371977e+02
1.33698690e-03 2.25369586e+00 1.48639223e-01 3.74108703e-03 1.51199125e-03 3.05476112e-04 2.38141551e+02 1.18362656e+02
1.36004141e-03 2.25351826e+00 1.48645226e-01 3.70979945e-03 1.50778832e-03 3.08435772e-04 2.42247976e+02 1.18353329e+02
1.38311299e-03 2.25334049e+00 1.48651292e-01 3.68237605e-03 1.50379417e-03 3.11395699e-04 2.46357441e+02 1.18343993e+02
1.40620145e-03 2.25316249e+00 1.48657412e-01 3.65851356e-03 1.49999346e-03 3.14355915e-04 2.50469914e+02 1.18334645e+02
1.42930662e-03 2.25298425e+00 1.48663583e-01 3.63792671e-03 1.49637179e-03 3.17316449e-04 2.54585363e+02 1.18325284e+02
1.45242831e-03 2.25280574e+00 1.48669807e-01 3.62034919e-03 1.49291567e-03 3.20277341e-04 2.58703754e+02 1.18315908e+02
1.47556634e-03 2.25262695e+00 1.48676089e-01 3.60553248e-03 1.48961249e-03 3.23238639e-04 2.62825056e+02 1.18306518e+02
1.49872053e-03 2.25244788e+00 1.48682435e-01 3.59324564e-03 1.48645045e-03 3.26200389e-04 2.66949235e+02 1.18297114e+02
1.52189069e-03 2.25226855e+00 1.48688845e-01 3.58327400e-03 1.48341849e-03 3.29162648e-04 2.71076260e+02 1.18287695e+02
1.54507663e-03 2.25208898e+00 1.48695318e-01 3.57541948e-03 1.48050633e-03 3.32125444e-04 2.75206096e+02 1.18278265e+02
1.56827818e-03 2.25190919e+00 1.48701849e-01 3.56949880e-03 1.47770432e-03 3.35088808e-04 2.79338711e+02 1.18268822e+02
1.59149514e-03 2.25172918e+00 1.48708431e-01 3.56534337e-03 1.47500350e-03 3.38052759e-04 2.83474072e+02 1.18259368e+02
1.61472733e-03 2.25154898e+00 1.48715057e-01 3.56279799e-03 1.47239553e-03 3.41017314e-04 2.87612145e+02 1.18249904e+02
1.63797457e-03 2.25136859e+00 1.48721719e-01 3.56171995e-03 1.46987261e-03 3.43982482e-04 2.91752899e+02 1.18240430e+02
1.66123667e-03 2.25118801e+00 1.48728412e-01 3.56197931e-03 1.46742754e-03 3.46948274e-04 2.95896299e+02 1.18230946e+02
1.68451345e-03 2.25100726e+00 1.48735130e-01 3.56345663e-03 1.46505359e-03 3.49914697e-04 3.00042315e+02 1.18221453e+02
1.70780473e-03 2.25082632e+00 1.48741870e-01 3.56604277e-03 1.46274455e-03 3.52881766e-04 3.04190913e+02 1.18211950e+02
1.73111032e-03 2.25064521e+00 1.48748629e-01 3.56963831e-03 1.46049465e-03 3.55849491e-04 3.08342061e+02 1.18202439e+02
1.75443005e-03 2.25046393e+00 1.48755405e-01 3.57415279e-03 1.45829856e-03 3.58817878e-04 3.12495726e+02 1.18192918e+02
1.77776371e-03 2.25028247e+00 1.48762194e-01 3.57950369e-03 1.45615135e-03 3.61786944e-04 3.16651874e+02 1.18183388e+02
1.80111114e-03 2.25010085e+00 1.48768997e-01 3.58561591e-03 1.45404846e-03 3.64756692e-04 3.20810474e+02 1.18173849e+02
1.82447215e-03 2.24991905e+00 1.48775809e-01 3.59242142e-03 1.45198571e-03 3.67727137e-04 3.24971491e+02 1.18164301e+02
1.84784654e-03 2.24973709e+00 1.48782631e-01 3.59985845e-03 1.44995924e-03 3.70698280e-04 3.29134894e+02 1.18154745e+02
1.87123414e-03 2.24955496e+00 1.48789460e-01 3.60787063e-03 1.44796551e-03 3.73670125e-04 3.33300648e+02 1.18145179e+02
1.89463475e-03 2.24937267e+00 1.48796295e-01 3.61640726e-03 1.44600127e-03 3.76642683e-04 3.37468721e+02 1.18135605e+02
1.91804820e-03 2.24919021e+00 1.48803134e-01 3.62542236e-03 1.44406356e-03 3.79615952e-04 3.41639078e+02 1.18126023e+02
1.94147428e-03 2.24900759e+00 1.48809978e-01 3.63487366e-03 1.44214965e-03 3.82589935e-04 3.45811687e+02 1.18116432e+02
1.96491282e-03 2.24882481e+00 1.48816824e-01 3.64472393e-03 1.44025707e-03 3.85564629e-04 3.49986515e+02 1.18106833e+02
1.98836362e-03 2.24864188e+00 1.48823672e-01 3.65493873e-03 1.43838359e-03 3.88540039e-04 3.54163527e+02 1.18097225e+02
2.01182650e-03 2.24845879e+00 1.48830520e-01 3.66548682e-03 1.43652716e-03 3.91516159e-04 3.58342690e+02 1.18087609e+02
2.03530126e-03 2.24827554e+00 1.48837369e-01 3.67634039e-03 1.43468594e-03 3.94492989e-04 3.62523970e+02 1.18077985e+02
2.05878773e-03 2.24809214e+00 1.48844217e-01 3.68747411e-03 1.43285827e-03 3.97470525e-04 3.66707334e+02 1.18068353e+02
2.08228569e-03 2.24790858e+00 1.48851064e-01 3.69886490e-03 1.43104267e-03 4.00448766e-04 3.70892747e+02 1.18058713e+02
2.10579498e-03 2.24772488e+00 1.48857908e-01 3.71049214e-03 1.42923779e-03 4.03427705e-04 3.75080176e+02 1.18049065e+02
2.12931539e-03 2.24754103e+00 1.48864750e-01 3.72233709e-03 1.42744245e-03 4.06407336e-04 3.79269587e+02 1.18039409e+02
2.15284674e-03 2.24735703e+00 1.48871588e-01 3.73438283e-03 1.42565559e-03 4.09387649e-04 3.83460946e+02 1.18029745e+02
2.17638883e-03 2.24717288e+00 1.48878423e-01 3.74661379e-03 1.42387627e-03 4.12368644e-04 3.87654218e+02 1.18020074e+02
2.19994147e-03 2.24698859e+00 1.48885253e-01 3.75901629e-03 1.42210368e-03 4.15350308e-04 3.91849369e+02 1.18010395e+02
2.22350447e-03 2.24680416e+00 1.48892078e-01 3.77157773e-03 1.42033710e-03 4.18332628e-04 3.96046366e+02 1.18000709e+02
2.24707764e-03 2.24661959e+00 1.48898898e-01 3.78428662e-03 1.41857590e-03 4.21315602e-04 4.00245173e+02 1.17991016e+02
2.27066078e-03 2.24643488e+00 1.48905713e-01 3.79713287e-03 1.41681956e-03 4.24299217e-04 4.04445757e+02 1.17981315e+02
2.29425370e-03 2.24625003e+00 1.48912521e-01 3.81010703e-03 1.41506761e-03 4.27283460e-04 4.08648083e+02 1.17971607e+02
2.31785621e-03 2.24606505e+00 1.48919322e-01 3.82320103e-03 1.41331967e-03 4.30268320e-04 4.12852117e+02 1.17961891e+02
2.34146812e-03 2.24587993e+00 1.48926117e-01 3.83640651e-03 1.41157543e-03 4.33253786e-04 4.17057825e+02 1.17952169e+02
2.36508922e-03 2.24569467e+00 1.48932904e-01 3.84971721e-03 1.40983464e-03 4.36239846e-04 4.21265171e+02 1.17942440e+02
2.38871933e-03 2.24550929e+00 1.48939684e-01 3.86312663e-03 1.40809708e-03 4.39226481e-04 4.25474121e+02 1.17932703e+02
2.41235825e-03 2.24532378e+00 1.48946456e-01 3.87662895e-03 1.40636261e-03 4.42213678e-04 4.29684640e+02 1.17922960e+02
2.43600579e-03 2.24513814e+00 1.48953219e-01 3.89021910e-03 1.40463111e-03 4.45201425e-04 4.33896695e+02 1.17913211e+02
2.45966175e-03 2.24495237e+00 1.48959974e-01 3.90389234e-03 1.40290252e-03 4.48189702e-04 4.38110249e+02 1.17903454e+02
2.48332594e-03 2.24476648e+00 1.48966720e-01 3.91764457e-03 1.40117681e-03 4.51178493e-04 4.42325269e+02 1.17893691e+02
2.50699815e-03 2.24458047e+00 1.48973456e-01 3.93147152e-03 1.39945397e-03 4.54167791e-04 4.46541719e+02 1.17883922e+02
2.53067821e-03 2.24439433e+00 1.48980183e-01 3.94537015e-03 1.39773402e-03 4.57157571e-04 4.50759564e+02 1.17874146e+02
2.55436589e-03 2.24420808e+00 1.48986900e-01 3.95933661e-03 1.39601703e-03 4.60147820e-04 4.54978770e+02 1.17864364e+02
2.57806102e-03 2.24402170e+00 1.48993607e-01 3.97336860e-03 1.39430305e-03 4.63138517e-04 4.59199301e+02 1.17854576e+02
2.60176340e-03 2.24383521e+00 1.49000304e-01 3.98746302e-03 1.39259218e-03 4.66129648e-04 4.63421123e+02 1.17844782e+02
2.62547282e-03 2.24364861e+00 1.49006990e-01 4.00161746e-03 1.39088452e-03 4.69121193e-04 4.67644200e+02 1.17834982e+02
2.64918909e-03 2.24346189e+00 1.49013665e-01 4.01582975e-03 1.38918018e-03 4.72113134e-04 4.71868497e+02 1.17825175e+02
2.67291202e-03 2.24327507e+00 1.49020329e-01 4.03009758e-03 1.38747930e-03 4.75105451e-04 4.76093979e+02 1.17815363e+02
2.69664140e-03 2.24308813e+00 1.49026981e-01 4.04441938e-03 1.38578200e-03 4.78098126e-04 4.80320611e+02 1.17805546e+02
2.72037704e-03 2.24290108e+00 1.49033622e-01 4.05879312e-03 1.38408842e-03 4.81091136e-04 4.84548358e+02 1.17795722e+02
2.74411874e-03 2.24271393e+00 1.49040250e-01 4.07321728e-03 1.38239871e-03 4.84084471e-04 4.88777184e+02 1.17785893e+02
2.76786630e-03 2.24252668e+00 1.49046867e-01 4.08769043e-03 1.38071300e-03 4.87078104e-04 4.93007053e+02 1.17776058e+02
2.79161952e-03 2.24233932e+00 1.49053471e-01 4.10221099e-03 1.37903144e-03 4.90072016e-04 4.97237932e+02 1.17766218e+02
2.81537820e-03 2.24215186e+00 1.49060062e-01 4.11677793e-03 1.37735419e-03 4.93066186e-04 5.01469783e+02 1.17756373e+02
2.83914215e-03 2.24196430e+00 1.49066640e-01 4.13138965e-03 1.37568137e-03 4.96060599e-04 5.05702572e+02 1.17746523e+02
2.86291117e-03 2.24177664e+00 1.49073206e-01 4.14604551e-03 1.37401314e-03 4.99055226e-04 5.09936264e+02 1.17736667e+02
2.88668505e-03 2.24158889e+00 1.49079757e-01 4.16074405e-03 1.37234962e-03 5.02050051e-04 5.14170822e+02 1.17726806e+02
2.91046360e-03 2.24140104e+00 1.49086295e-01 4.17548454e-03 1.37069097e-03 5.05045050e-04 5.18406212e+02 1.17716941e+02
2.93424661e-03 2.24121310e+00 1.49092819e-01 4.19026587e-03 1.36903730e-03 5.08040204e-04 5.22642397e+02 1.17707070e+02
2.95803389e-03 2.24102506e+00 1.49099329e-01 4.20508754e-03 1.36738875e-03 5.11035490e-04 5.26879342e+02 1.17697195e+02
2.98182525e-03 2.24083694e+00 1.49105824e-01 4.21994828e-03 1.36574544e-03 5.14030889e-04 5.31117012e+02 1.17687315e+02
3.00562046e-03 2.24064873e+00 1.49112305e-01 4.23484749e-03 1.36410749e-03 5.17026378e-04 5.35355371e+02 1.17677430e+02
3.02941935e-03 2.24046044e+00 1.49118771e-01 4.24978469e-03 1.36247502e-03 5.20021935e-04 5.39594383e+02 1.17667541e+02
3.05322170e-03 2.24027206e+00 1.49125221e-01 4.26475885e-03 1.36084814e-03 5.23017540e-04 5.43834013e+02 1.17657647e+02
3.07702732e-03 2.24008359e+00 1.49131656e-01 4.27976951e-03 1.35922695e-03 5.26013165e-04 5.48074224e+02 1.17647749e+02
3.10083601e-03 2.23989505e+00 1.49138076e-01 4.29481564e-03 1.35761155e-03 5.29008798e-04 5.52314982e+02 1.17637847e+02
3.12464756e-03 2.23970643e+00 1.49144480e-01 4.30989725e-03 1.35600202e-03 5.32004405e-04 5.56556250e+02 1.17627941e+02
3.14846178e-03 2.23951773e+00 1.49150867e-01 4.32501324e-03 1.35439847e-03 5.34999973e-04 5.60797993e+02 1.17618030e+02
3.17227846e-03 2.23932895e+00 1.49157239e-01 4.34016319e-03 1.35280096e-03 5.37995477e-04 5.65040174e+02 1.17608116e+02
3.19609740e-03 2.23914010e+00 1.49163593e-01 4.35534674e-03 1.35120959e-03 5.40990893e-04 5.69282759e+02 1.17598198e+02
3.21991841e-03 2.23895118e+00 1.49169931e-01 4.37056320e-03 1.34962437e-03 5.43986201e-04 5.73525711e+02 1.17588276e+02
3.24374127e-03 2.23876218e+00 1.49176252e-01 4.38581209e-03 1.34804542e-03 5.46981379e-04 5.77768995e+02 1.17578350e+02
3.26756580e-03 2.23857312e+00 1.49182555e-01 4.40109286e-03 1.34647276e-03 5.49976403e-04 5.82012574e+02 1.17568420e+02
3.29139179e-03 2.23838399e+00 1.49188841e-01 4.41640512e-03 1.34490649e-03 5.52971253e-04 5.86256413e+02 1.17558487e+02
3.31521903e-03 2.23819479e+00 1.49195109e-01 4.43174836e-03 1.34334646e-03 5.55965900e-04 5.90500476e+02 1.17548551e+02
3.33904733e-03 2.23800553e+00 1.49201359e-01 4.44712210e-03 1.34179298e-03 5.58960327e-04 5.94744727e+02 1.17538611e+02
3.36287649e-03 2.23781621e+00 1.49207591e-01 4.46252595e-03 1.34024595e-03 5.61954508e-04 5.98989131e+02 1.17528668e+02
3.38670629e-03 2.23762683e+00 1.49213805e-01 4.47795955e-03 1.33870534e-03 5.64948417e-04 6.03233651e+02 1.17518722e+02
3.41053656e-03 2.23743738e+00 1.49220000e-01 4.49342215e-03 1.33717120e-03 5.67942038e-04 6.07478252e+02 1.17508772e+02
3.43436707e-03 2.23724788e+00 1.49226176e-01 4.50891371e-03 1.33564357e-03 5.70935344e-04 6.11722897e+02 1.17498820e+02
3.45819763e-03 2.23705833e+00 1.49232333e-01 4.52443364e-03 1.33412245e-03 5.73928312e-04 6.15967551e+02 1.17488864e+02
3.48202804e-03 2.23686872e+00 1.49238470e-01 4.53998151e-03 1.33260782e-03 5.76920920e-04 6.20212178e+02 1.17478906e+02
3.50585810e-03 2.23667906e+00 1.49244588e-01 4.55555696e-03 1.33109970e-03 5.79913145e-04 6.24456742e+02 1.17468945e+02
3.52968760e-03 2.23648935e+00 1.49250686e-01 4.57115962e-03 1.32959808e-03 5.82904960e-04 6.28701208e+02 1.17458982e+02
3.55351635e-03 2.23629959e+00 1.49256764e-01 4.58678899e-03 1.32810295e-03 5.85896347e-04 6.32945538e+02 1.17449016e+02
3.57734414e-03 2.23610978e+00 1.49262822e-01 4.60244492e-03 1.32661431e-03 5.88887280e-04 6.37189699e+02 1.17439047e+02
3.60117077e-03 2.23591993e+00 1.49268860e-01 4.61812657e-03 1.32513214e-03 5.91877740e-04 6.41433653e+02 1.17429076e+02
3.62499604e-03 2.23573003e+00 1.49274876e-01 4.63383412e-03 1.32365642e-03 5.94867698e-04 6.45677364e+02 1.17419103e+02
3.64881975e-03 2.23554009e+00 1.49280872e-01 4.64956682e-03 1.32218715e-03 5.97857135e-04 6.49920798e+02 1.17409128e+02
3.67264169e-03 2.23535011e+00 1.49286846e-01 4.66532430e-03 1.32072428e-03 6.00846025e-04 6.54163918e+02 1.17399150e+02
3.69646168e-03 2.23516009e+00 1.49292800e-01 4.68110643e-03 1.31926781e-03 6.03834344e-04 6.58406688e+02 1.17389170e+02
3.72027950e-03 2.23497004e+00 1.49298731e-01 4.69691283e-03 1.31781771e-03 6.06822071e-04 6.62649072e+02 1.17379189e+02
3.74409495e-03 2.23477995e+00 1.49304641e-01 4.71274290e-03 1.31637395e-03 6.09809185e-04 6.66891035e+02 1.17369205e+02
3.76790784e-03 2.23458982e+00 1.49310528e-01 4.72859633e-03 1.31493649e-03 6.12795658e-04 6.71132541e+02 1.17359220e+02
3.79171796e-03 2.23439967e+00 1.49316394e-01 4.74447314e-03 1.31350531e-03 6.15781465e-04 6.75373555e+02 1.17349233e+02
3.81552511e-03 2.23420948e+00 1.49322237e-01 4.76037250e-03 1.31208037e-03 6.18766585e-04 6.79614039e+02 1.17339245e+02
3.83932910e-03 2.23401927e+00 1.49328057e-01 4.77629419e-03 1.31066163e-03 6.21750995e-04 6.83853959e+02 1.17329255e+02
3.86312971e-03 2.23382903e+00 1.49333854e-01 4.79223808e-03 1.30924905e-03 6.24734671e-04 6.88093279e+02 1.17319264e+02
3.88692676e-03 2.23363876e+00 1.49339629e-01 4.80820346e-03 1.30784259e-03 6.27717589e-04 6.92331964e+02 1.17309271e+02
3.91072003e-03 2.23344847e+00 1.49345379e-01 4.82419023e-03 1.30644222e-03 6.30699728e-04 6.96569976e+02 1.17299277e+02
3.93450934e-03 2.23325816e+00 1.49351107e-01 4.84019819e-03 1.30504789e-03 6.33681061e-04 7.00807282e+02 1.17289282e+02
3.95829448e-03 2.23306782e+00 1.49356811e-01 4.85622674e-03 1.30365956e-03 6.36661566e-04 7.05043845e+02 1.17279286e+02
3.98207524e-03 2.23287747e+00 1.49362490e-01 4.87227557e-03 1.30227720e-03 6.39641220e-04 7.09279629e+02 1.17269289e+02
4.00585144e-03 2.23268710e+00 1.49368146e-01 4.88834449e-03 1.30090074e-03 6.42619998e-04 7.13514600e+02 1.17259290e+02
4.02962286e-03 2.23249672e+00 1.49373777e-01 4.90443314e-03 1.29953017e-03 6.45597876e-04 7.17748721e+02 1.17249292e+02
4.05338932e-03 2.23230632e+00 1.49379384e-01 4.92054085e-03 1.29816542e-03 6.48574834e-04 7.21981957e+02 1.17239292e+02
4.07715061e-03 2.23211591e+00 1.49384966e-01 4.93666775e-03 1.29680646e-03 6.51550842e-04 7.26214273e+02 1.17229292e+02
4.10090654e-03 2.23192549e+00 1.49390524e-01 4.95281322e-03 1.29545325e-03 6.54525885e-04 7.30445633e+02 1.17219291e+02
4.12465690e-03 2.23173507e+00 1.49396056e-01 4.96897710e-03 1.29410573e-03 6.57499932e-04 7.34676001e+02 1.17209290e+02
4.14840149e-03 2.23154463e+00 1.49401562e-01 4.98515901e-03 1.29276387e-03 6.60472963e-04 7.38905343e+02 1.17199289e+02
4.17214012e-03 2.23135419e+00 1.49407044e-01 5.00135847e-03 1.29142762e-03 6.63444953e-04 7.43133622e+02 1.17189287e+02
4.19587259e-03 2.23116374e+00 1.49412499e-01 5.01757534e-03 1.29009692e-03 6.66415879e-04 7.47360804e+02 1.17179285e+02
4.21959870e-03 2.23097330e+00 1.49417929e-01 5.03380933e-03 1.28877173e-03 6.69385716e-04 7.51586854e+02 1.17169283e+02
4.24331825e-03 2.23078285e+00 1.49423332e-01 5.05005999e-03 1.28745201e-03 6.72354439e-04 7.55811735e+02 1.17159280e+02
4.26703105e-03 2.23059241e+00 1.49428710e-01 5.06632712e-03 1.28613771e-03 6.75322026e-04 7.60035413e+02 1.17149278e+02
4.29073689e-03 2.23040196e+00 1.49434061e-01 5.08261031e-03 1.28482877e-03 6.78288452e-04 7.64257853e+02 1.17139276e+02
4.31443559e-03 2.23021152e+00 1.49439385e-01 5.09890919e-03 1.28352516e-03 6.81253695e-04 7.68479019e+02 1.17129275e+02
4.33812694e-03 2.23002109e+00 1.49444682e-01 5.11522354e-03 1.28222682e-03 6.84217729e-04 7.72698877e+02 1.17119273e+02
4.36181074e-03 2.22983067e+00 1.49449953e-01 5.13155309e-03 1.28093371e-03 6.87180534e-04 7.76917391e+02 1.17109272e+02
4.38548681e-03 2.22964025e+00 1.49455196e-01 5.14789740e-03 1.27964578e-03 6.90142085e-04 7.81134526e+02 1.17099272e+02
4.40915493e-03 2.22944985e+00 1.49460412e-01 5.16425622e-03 1.27836299e-03 6.93102360e-04 7.85350248e+02 1.17089272e+02
4.43281493e-03 2.22925945e+00 1.49465601e-01 5.18062930e-03 1.27708530e-03 6.96061329e-04 7.89564521e+02 1.17079273e+02
4.45646660e-03 2.22906908e+00 1.49470762e-01 5.19701618e-03 1.27581266e-03 6.99018974e-04 7.93777311e+02 1.17069274e+02
4.48010974e-03 2.22887871e+00 1.49475895e-01 5.21341672e-03 1.27454503e-03 7.01975268e-04 7.97988583e+02 1.17059276e+02
4.50374417e-03 2.22868837e+00 1.49481001e-01 5.22983062e-03 1.27328237e-03 7.04930187e-04 8.02198302e+02 1.17049280e+02
4.52736968e-03 2.22849804e+00 1.49486078e-01 5.24625742e-03 1.27202463e-03 7.07883705e-04 8.06406433e+02 1.17039284e+02
4.55098609e-03 2.22830774e+00 1.49491127e-01 5.26269693e-03 1.27077178e-03 7.10835806e-04 8.10612942e+02 1.17029289e+02
4.57459319e-03 2.22811746e+00 1.49496147e-01 5.27914866e-03 1.26952378e-03 7.13786458e-04 8.14817794e+02 1.17019296e+02
4.59819080e-03 2.22792720e+00 1.49501139e-01 5.29561253e-03 1.26828058e-03 7.16735647e-04 8.19020955e+02 1.17009303e+02
4.62177872e-03 2.22773696e+00 1.49506101e-01 5.31208825e-03 1.26704215e-03 7.19683343e-04 8.23222390e+02 1.16999312e+02
4.64535675e-03 2.22754676e+00 1.49511035e-01 5.32857544e-03 1.26580845e-03 7.22629523e-04 8.27422064e+02 1.16989323e+02
4.66892471e-03 2.22735658e+00 1.49515940e-01 5.34507376e-03 1.26457944e-03 7.25574164e-04 8.31619943e+02 1.16979335e+02
4.69248240e-03 2.22716643e+00 1.49520816e-01 5.36158303e-03 1.26335509e-03 7.28517243e-04 8.35815994e+02 1.16969348e+02
4.71602962e-03 2.22697631e+00 1.49525662e-01 5.37810284e-03 1.26213536e-03 7.31458736e-04 8.40010181e+02 1.16959363e+02
4.73956620e-03 2.22678623e+00 1.49530478e-01 5.39463296e-03 1.26092020e-03 7.34398620e-04 8.44202471e+02 1.16949380e+02
4.76309193e-03 2.22659618e+00 1.49535265e-01 5.41117309e-03 1.25970960e-03 7.37336868e-04 8.48392829e+02 1.16939399e+02
4.78660662e-03 2.22640617e+00 1.49540022e-01 5.42772282e-03 1.25850351e-03 7.40273461e-04 8.52581221e+02 1.16929420e+02
4.81011009e-03 2.22621620e+00 1.49544749e-01 5.44428209e-03 1.25730190e-03 7.43208370e-04 8.56767614e+02 1.16919443e+02
4.83360214e-03 2.22602626e+00 1.49549447e-01 5.46085047e-03 1.25610473e-03 7.46141577e-04 8.60951972e+02 1.16909467e+02
4.85708258e-03 2.22583637e+00 1.49554114e-01 5.47742768e-03 1.25491197e-03 7.49073054e-04 8.65134264e+02 1.16899494e+02
4.88055122e-03 2.22564652e+00 1.49558750e-01 5.49401342e-03 1.25372358e-03 7.52002782e-04 8.69314454e+02 1.16889523e+02
4.90400788e-03 2.22545671e+00 1.49563357e-01 5.51060739e-03 1.25253953e-03 7.54930734e-04 8.73492509e+02 1.16879555e+02
4.92745236e-03 2.22526695e+00 1.49567932e-01 5.52720945e-03 1.25135977e-03 7.57856888e-04 8.77668395e+02 1.16869589e+02
4.95088448e-03 2.22507724e+00 1.49572477e-01 5.54381916e-03 1.25018428e-03 7.60781225e-04 8.81842079e+02 1.16859625e+02
4.97430404e-03 2.22488757e+00 1.49576991e-01 5.56043627e-03 1.24901302e-03 7.63703714e-04 8.86013527e+02 1.16849664e+02
4.99771087e-03 2.22469796e+00 1.49581474e-01 5.57706057e-03 1.24784595e-03 7.66624337e-04 8.90182706e+02 1.16839706e+02
5.02110476e-03 2.22450840e+00 1.49585926e-01 5.59369174e-03 1.24668304e-03 7.69543068e-04 8.94349582e+02 1.16829750e+02
5.04448555e-03 2.22431889e+00 1.49590347e-01 5.61032948e-03 1.24552425e-03 7.72459888e-04 8.98514122e+02 1.16819797e+02
5.06785303e-03 2.22412943e+00 1.49594737e-01 5.62697352e-03 1.24436955e-03 7.75374768e-04 9.02676293e+02 1.16809847e+02
5.09120702e-03 2.22394004e+00 1.49599095e-01 5.64362353e-03 1.24321892e-03 7.78287691e-04 9.06836062e+02 1.16799900e+02
5.11454734e-03 2.22375070e+00 1.49603422e-01 5.66027953e-03 1.24207231e-03 7.81198624e-04 9.10993395e+02 1.16789956e+02
5.13787381e-03 2.22356142e+00 1.49607717e-01 5.67694079e-03 1.24092969e-03 7.84107556e-04 9.15148260e+02 1.16780015e+02
5.16118623e-03 2.22337220e+00 1.49611981e-01 5.69360737e-03 1.23979105e-03 7.87014456e-04 9.19300624e+02 1.16770078e+02
5.18448442e-03 2.22318304e+00 1.49616212e-01 5.71027890e-03 1.23865634e-03 7.89919299e-04 9.23450454e+02 1.16760143e+02
5.20776821e-03 2.22299395e+00 1.49620412e-01 5.72695502e-03 1.23752555e-03 7.92822070e-04 9.27597717e+02 1.16750213e+02
5.23103740e-03 2.22280493e+00 1.49624580e-01 5.74363557e-03 1.23639864e-03 7.95722744e-04 9.31742381e+02 1.16740285e+02
5.25429182e-03 2.22261597e+00 1.49628716e-01 5.76032044e-03 1.23527559e-03 7.98621294e-04 9.35884414e+02 1.16730361e+02
5.27753128e-03 2.22242708e+00 1.49632820e-01 5.77700901e-03 1.23415638e-03 8.01517700e-04 9.40023782e+02 1.16720441e+02
5.30075559e-03 2.22223826e+00 1.49636891e-01 5.79370129e-03 1.23304097e-03 8.04411946e-04 9.44160453e+02 1.16710524e+02
5.32396459e-03 2.22204951e+00 1.49640931e-01 5.81039680e-03 1.23192935e-03 8.07304001e-04 9.48294395e+02 1.16700611e+02
5.34715809e-03 2.22186083e+00 1.49644937e-01 5.82709547e-03 1.23082150e-03 8.10193844e-04 9.52425577e+02 1.16690702e+02
5.37033591e-03 2.22167223e+00 1.49648912e-01 5.84379704e-03 1.22971738e-03 8.13081451e-04 9.56553965e+02 1.16680796e+02
5.39349786e-03 2.22148370e+00 1.49652854e-01 5.86050106e-03 1.22861697e-03 8.15966802e-04 9.60679528e+02 1.16670895e+02
5.41664377e-03 2.22129526e+00 1.49656763e-01 5.87720739e-03 1.22752026e-03 8.18849876e-04 9.64802234e+02 1.16660998e+02
5.43977347e-03 2.22110689e+00 1.49660640e-01 5.89391572e-03 1.22642722e-03 8.21730647e-04 9.68922051e+02 1.16651105e+02
5.46288677e-03 2.22091860e+00 1.49664484e-01 5.91062594e-03 1.22533782e-03 8.24609093e-04 9.73038947e+02 1.16641216e+02
5.48598349e-03 2.22073039e+00 1.49668295e-01 5.92733767e-03 1.22425204e-03 8.27485190e-04 9.77152891e+02 1.16631332e+02
5.50906346e-03 2.22054227e+00 1.49672074e-01 5.94405057e-03 1.22316986e-03 8.30358923e-04 9.81263852e+02 1.16621452e+02
5.53212650e-03 2.22035423e+00 1.49675819e-01 5.96076456e-03 1.22209126e-03 8.33230261e-04 9.85371797e+02 1.16611576e+02
5.55517244e-03 2.22016627e+00 1.49679532e-01 5.97747943e-03 1.22101621e-03 8.36099185e-04 9.89476695e+02 1.16601705e+02
5.57820110e-03 2.21997841e+00 1.49683212e-01 5.99419467e-03 1.21994470e-03 8.38965674e-04 9.93578516e+02 1.16591838e+02
5.60121230e-03 2.21979063e+00 1.49686858e-01 6.01091022e-03 1.21887669e-03 8.41829703e-04 9.97677228e+02 1.16581976e+02
5.62420588e-03 2.21960295e+00 1.49690472e-01 6.02762578e-03 1.21781217e-03 8.44691255e-04 1.00177280e+03 1.16572119e+02
5.64718165e-03 2.21941535e+00 1.49694053e-01 6.04434108e-03 1.21675111e-03 8.47550305e-04 1.00586520e+03 1.16562267e+02
5.67013945e-03 2.21922785e+00 1.49697600e-01 6.06105594e-03 1.21569351e-03 8.50406826e-04 1.00995440e+03 1.16552419e+02
5.69307910e-03 2.21904044e+00 1.49701114e-01 6.07777008e-03 1.21463932e-03 8.53260804e-04 1.01404037e+03 1.16542577e+02
5.71600043e-03 2.21885313e+00 1.49704596e-01 6.09448322e-03 1.21358853e-03 8.56112216e-04 1.01812307e+03 1.16532739e+02
5.73890326e-03 2.21866592e+00 1.49708043e-01 6.11119510e-03 1.21254113e-03 8.58961040e-04 1.02220248e+03 1.16522907e+02
5.76178744e-03 2.21847881e+00 1.49711458e-01 6.12790561e-03 1.21149715e-03 8.61807253e-04 1.02627856e+03 1.16513080e+02
5.78465278e-03 2.21829180e+00 1.49714839e-01 6.14461442e-03 1.21045632e-03 8.64650833e-04 1.03035129e+03 1.16503258e+02
5.80749912e-03 2.21810489e+00 1.49718187e-01 6.16132124e-03 1.20941899e-03 8.67491760e-04 1.03442064e+03 1.16493442e+02
5.83032628e-03 2.21791808e+00 1.49721502e-01 6.17802598e-03 1.20838496e-03 8.70330013e-04 1.03848657e+03 1.16483631e+02
5.85313411e-03 2.21773137e+00 1.49724783e-01 6.19472830e-03 1.20735417e-03 8.73165572e-04 1.04254906e+03 1.16473825e+02
5.87592243e-03 2.21754478e+00 1.49728031e-01 6.21142788e-03 1.20632661e-03 8.75998412e-04 1.04660807e+03 1.16464025e+02
5.89869107e-03 2.21735829e+00 1.49731246e-01 6.22812466e-03 1.20530232e-03 8.78828512e-04 1.05066358e+03 1.16454231e+02
5.92143987e-03 2.21717190e+00 1.49734427e-01 6.24481831e-03 1.20428128e-03 8.81655858e-04 1.05471555e+03 1.16444442e+02
5.94416865e-03 2.21698563e+00 1.49737575e-01 6.26150842e-03 1.20326341e-03 8.84480419e-04 1.05876396e+03 1.16434660e+02
5.96687727e-03 2.21679947e+00 1.49740689e-01 6.27819516e-03 1.20224875e-03 8.87302179e-04 1.06280877e+03 1.16424883e+02
5.98956554e-03 2.21661343e+00 1.49743770e-01 6.29487805e-03 1.20123726e-03 8.90121116e-04 1.06684996e+03 1.16415111e+02
6.01223331e-03 2.21642749e+00 1.49746818e-01 6.31155678e-03 1.20022893e-03 8.92937212e-04 1.07088750e+03 1.16405346e+02
6.03488040e-03 2.21624168e+00 1.49749832e-01 6.32823143e-03 1.19922374e-03 8.95750440e-04 1.07492136e+03 1.16395587e+02
6.05750667e-03 2.21605598e+00 1.49752813e-01 6.34490148e-03 1.19822167e-03 8.98560785e-04 1.07895151e+03 1.16385835e+02
6.08011194e-03 2.21587039e+00 1.49755760e-01 6.36156684e-03 1.19722270e-03 9.01368223e-04 1.08297792e+03 1.16376088e+02
6.10269606e-03 2.21568493e+00 1.49758674e-01 6.37822700e-03 1.19622683e-03 9.04172736e-04 1.08700056e+03 1.16366348e+02
6.12525885e-03 2.21549959e+00 1.49761555e-01 6.39488222e-03 1.19523403e-03 9.06974306e-04 1.09101940e+03 1.16356613e+02
6.14780017e-03 2.21531437e+00 1.49764402e-01 6.41153199e-03 1.19424430e-03 9.09772908e-04 1.09503441e+03 1.16346886e+02
6.17031986e-03 2.21512927e+00 1.49767216e-01 6.42817619e-03 1.19325760e-03 9.12568526e-04 1.09904558e+03 1.16337165e+02
6.19281774e-03 2.21494430e+00 1.49769997e-01 6.44481444e-03 1.19227394e-03 9.15361135e-04 1.10305286e+03 1.16327450e+02
6.21529367e-03 2.21475946e+00 1.49772744e-01 6.46144657e-03 1.19129329e-03 9.18150722e-04 1.10705623e+03 1.16317742e+02
6.23774748e-03 2.21457474e+00 1.49775458e-01 6.47807260e-03 1.19031565e-03 9.20937255e-04 1.11105566e+03 1.16308041e+02
6.26017903e-03 2.21439016e+00 1.49778139e-01 6.49469211e-03 1.18934098e-03 9.23720725e-04 1.11505112e+03 1.16298347e+02
6.28258814e-03 2.21420570e+00 1.49780787e-01 6.51130485e-03 1.18836929e-03 9.26501109e-04 1.11904259e+03 1.16288659e+02
6.30497468e-03 2.21402137e+00 1.49783401e-01 6.52791064e-03 1.18740054e-03 9.29278382e-04 1.12303004e+03 1.16278978e+02
6.32733847e-03 2.21383718e+00 1.49785983e-01 6.54450922e-03 1.18643474e-03 9.32052537e-04 1.12701343e+03 1.16269305e+02
6.34967938e-03 2.21365312e+00 1.49788531e-01 6.56110056e-03 1.18547186e-03 9.34823540e-04 1.13099275e+03 1.16259638e+02
6.37199723e-03 2.21346920e+00 1.49791046e-01 6.57768430e-03 1.18451188e-03 9.37591381e-04 1.13496797e+03 1.16249979e+02
6.39429189e-03 2.21328541e+00 1.49793528e-01 6.59426026e-03 1.18355479e-03 9.40356038e-04 1.13893905e+03 1.16240326e+02
6.41656320e-03 2.21310176e+00 1.49795977e-01 6.61082823e-03 1.18260058e-03 9.43117495e-04 1.14290597e+03 1.16230681e+02
6.43881100e-03 2.21291825e+00 1.49798393e-01 6.62738796e-03 1.18164923e-03 9.45875730e-04 1.14686871e+03 1.16221043e+02
6.46103515e-03 2.21273488e+00 1.49800776e-01 6.64393930e-03 1.18070072e-03 9.48630724e-04 1.15082723e+03 1.16211413e+02
6.48323550e-03 2.21255165e+00 1.49803126e-01 6.66048205e-03 1.17975505e-03 9.51382457e-04 1.15478151e+03 1.16201790e+02
6.50541190e-03 2.21236857e+00 1.49805444e-01 6.67701612e-03 1.17881219e-03 9.54130913e-04 1.15873153e+03 1.16192174e+02
6.52756419e-03 2.21218563e+00 1.49807728e-01 6.69354094e-03 1.17787213e-03 9.56876070e-04 1.16267726e+03 1.16182566e+02
6.54969224e-03 2.21200284e+00 1.49809980e-01 6.71005662e-03 1.17693487e-03 9.59617913e-04 1.16661866e+03 1.16172966e+02
6.57179588e-03 2.21182019e+00 1.49812200e-01 6.72656290e-03 1.17600038e-03 9.62356420e-04 1.17055572e+03 1.16163374e+02
6.59387499e-03 2.21163769e+00 1.49814386e-01 6.74305945e-03 1.17506865e-03 9.65091577e-04 1.17448841e+03 1.16153789e+02
6.61592941e-03 2.21145534e+00 1.49816540e-01 6.75954636e-03 1.17413967e-03 9.67823357e-04 1.17841670e+03 1.16144212e+02
6.63795899e-03 2.21127314e+00 1.49818662e-01 6.77602309e-03 1.17321342e-03 9.70551749e-04 1.18234057e+03 1.16134643e+02
6.65996360e-03 2.21109109e+00 1.49820751e-01 6.79248974e-03 1.17228990e-03 9.73276734e-04 1.18625998e+03 1.16125082e+02
6.68194309e-03 2.21090920e+00 1.49822808e-01 6.80894580e-03 1.17136909e-03 9.75998296e-04 1.19017493e+03 1.16115529e+02
6.70389732e-03 2.21072746e+00 1.49824832e-01 6.82539146e-03 1.17045097e-03 9.78716412e-04 1.19408538e+03 1.16105984e+02
6.72582616e-03 2.21054587e+00 1.49826824e-01 6.84182625e-03 1.16953553e-03 9.81431070e-04 1.19799130e+03 1.16096448e+02
6.74772945e-03 2.21036444e+00 1.49828784e-01 6.85824995e-03 1.16862276e-03 9.84142248e-04 1.20189267e+03 1.16086919e+02
6.76960707e-03 2.21018317e+00 1.49830712e-01 6.87466256e-03 1.16771265e-03 9.86849931e-04 1.20578947e+03 1.16077399e+02
6.79145887e-03 2.21000206e+00 1.49832608e-01 6.89106382e-03 1.16680518e-03 9.89554100e-04 1.20968167e+03 1.16067887e+02
6.81328471e-03 2.20982111e+00 1.49834472e-01 6.90745353e-03 1.16590035e-03 9.92254738e-04 1.21356925e+03 1.16058384e+02
6.83508447e-03 2.20964032e+00 1.49836304e-01 6.92383150e-03 1.16499813e-03 9.94951829e-04 1.21745218e+03 1.16048889e+02
6.85685800e-03 2.20945970e+00 1.49838104e-01 6.94019757e-03 1.16409851e-03 9.97645357e-04 1.22133044e+03 1.16039402e+02
6.87860517e-03 2.20927923e+00 1.49839873e-01 6.95655153e-03 1.16320149e-03 1.00033530e-03 1.22520400e+03 1.16029924e+02
6.90032584e-03 2.20909893e+00 1.49841610e-01 6.97289318e-03 1.16230705e-03 1.00302165e-03 1.22907285e+03 1.16020455e+02
6.92201988e-03 2.20891880e+00 1.49843315e-01 6.98922230e-03 1.16141519e-03 1.00570438e-03 1.23293695e+03 1.16010995e+02
6.94368716e-03 2.20873884e+00 1.49844989e-01 7.00553881e-03 1.16052587e-03 1.00838349e-03 1.23679628e+03 1.16001543e+02
6.96532754e-03 2.20855904e+00 1.49846632e-01 7.02184253e-03 1.15963911e-03 1.01105894e-03 1.24065083e+03 1.15992100e+02
6.98694089e-03 2.20837941e+00 1.49848243e-01 7.03813323e-03 1.15875488e-03 1.01373073e-03 1.24450056e+03 1.15982666e+02
7.00852709e-03 2.20819996e+00 1.49849823e-01 7.05441066e-03 1.15787317e-03 1.01639884e-03 1.24834545e+03 1.15973242e+02
7.03008601e-03 2.20802067e+00 1.49851371e-01 7.07067479e-03 1.15699398e-03 1.01906325e-03 1.25218548e+03 1.15963826e+02
7.05161750e-03 2.20784156e+00 1.49852889e-01 7.08692540e-03 1.15611729e-03 1.02172395e-03 1.25602063e+03 1.15954419e+02
7.07312146e-03 2.20766262e+00 1.49854376e-01 7.10316226e-03 1.15524309e-03 1.02438092e-03 1.25985087e+03 1.15945021e+02
7.09459774e-03 2.20748386e+00 1.49855832e-01 7.11938524e-03 1.15437138e-03 1.02703415e-03 1.26367619e+03 1.15935633e+02
7.11604622e-03 2.20730528e+00 1.49857258e-01 7.13559418e-03 1.15350214e-03 1.02968362e-03 1.26749655e+03 1.15926253e+02
7.13746679e-03 2.20712687e+00 1.49858652e-01 7.15178898e-03 1.15263536e-03 1.03232931e-03 1.27131194e+03 1.15916884e+02
7.15885930e-03 2.20694864e+00 1.49860016e-01 7.16796925e-03 1.15177104e-03 1.03497122e-03 1.27512233e+03 1.15907523e+02
7.18022363e-03 2.20677059e+00 1.49861350e-01 7.18413501e-03 1.15090915e-03 1.03760932e-03 1.27892771e+03 1.15898172e+02
7.20155967e-03 2.20659272e+00 1.49862653e-01 7.20028605e-03 1.15004969e-03 1.04024359e-03 1.28272804e+03 1.15888830e+02
7.22286733e-03 2.20641503e+00 1.49863926e-01 7.21642224e-03 1.14919266e-03 1.04287404e-03 1.28652332e+03 1.15879498e+02
7.24414638e-03 2.20623753e+00 1.49865169e-01 7.23254332e-03 1.14833805e-03 1.04550062e-03 1.29031350e+03 1.15870176e+02
7.26539674e-03 2.20606021e+00 1.49866382e-01 7.24864914e-03 1.14748581e-03 1.04812334e-03 1.29409858e+03 1.15860863e+02
7.28661850e-03 2.20588307e+00 1.49867565e-01 7.26473968e-03 1.14663596e-03 1.05074219e-03 1.29787856e+03 1.15851560e+02
7.30781130e-03 2.20570612e+00 1.49868717e-01 7.28081466e-03 1.14578855e-03 1.05335715e-03 1.30165338e+03 1.15842267e+02
7.32897472e-03 2.20552936e+00 1.49869841e-01 7.29687364e-03 1.14494347e-03 1.05596815e-03 1.30542297e+03 1.15832984e+02
7.35010930e-03 2.20535279e+00 1.49870935e-01 7.31291700e-03 1.14410066e-03 1.05857527e-03 1.30918742e+03 1.15823710e+02
7.37121531e-03 2.20517640e+00 1.49871999e-01 7.32894489e-03 1.14326028e-03 1.06117852e-03 1.31294678e+03 1.15814446e+02
7.39229104e-03 2.20500021e+00 1.49873033e-01 7.34495576e-03 1.14242237e-03 1.06377771e-03 1.31670075e+03 1.15805193e+02
7.41333600e-03 2.20482423e+00 1.49874039e-01 7.36094948e-03 1.14158666e-03 1.06637278e-03 1.32044924e+03 1.15795950e+02
7.43435367e-03 2.20464840e+00 1.49875017e-01 7.37692848e-03 1.14075301e-03 1.06896418e-03 1.32419286e+03 1.15786716e+02
7.45534414e-03 2.20447275e+00 1.49875964e-01 7.39289268e-03 1.13992184e-03 1.07155186e-03 1.32793165e+03 1.15777491e+02
7.47629908e-03 2.20429736e+00 1.49876881e-01 7.40883568e-03 1.13909345e-03 1.07413481e-03 1.33166410e+03 1.15768280e+02
7.49721837e-03 2.20412222e+00 1.49877770e-01 7.42475740e-03 1.13826726e-03 1.07671306e-03 1.33539020e+03 1.15759081e+02
7.51813111e-03 2.20394705e+00 1.49878633e-01 7.44068001e-03 1.13744205e-03 1.07929019e-03 1.33911514e+03 1.15749881e+02
7.53908430e-03 2.20377148e+00 1.49879470e-01 7.45663918e-03 1.13661661e-03 1.08187196e-03 1.34284728e+03 1.15740661e+02
7.56010781e-03 2.20359529e+00 1.49880280e-01 7.47265756e-03 1.13578990e-03 1.08446205e-03 1.34659195e+03 1.15731408e+02
7.58120264e-03 2.20341845e+00 1.49881065e-01 7.48873607e-03 1.13496129e-03 1.08706058e-03 1.35034932e+03 1.15722120e+02
7.60236155e-03 2.20324101e+00 1.49881826e-01 7.50486923e-03 1.13413089e-03 1.08966667e-03 1.35411811e+03 1.15712801e+02
7.62358573e-03 2.20306295e+00 1.49882561e-01 7.52105794e-03 1.13329908e-03 1.09228047e-03 1.35789852e+03 1.15703449e+02
7.64487971e-03 2.20288426e+00 1.49883270e-01 7.53730554e-03 1.13246584e-03 1.09490250e-03 1.36169136e+03 1.15694065e+02
7.66624416e-03 2.20270492e+00 1.49883952e-01 7.55361268e-03 1.13163087e-03 1.09753285e-03 1.36549675e+03 1.15684646e+02
7.68767849e-03 2.20252493e+00 1.49884608e-01 7.56997881e-03 1.13079411e-03 1.10017146e-03 1.36931460e+03 1.15675193e+02
7.70918409e-03 2.20234429e+00 1.49885238e-01 7.58640513e-03 1.12995566e-03 1.10281847e-03 1.37314513e+03 1.15665706e+02
7.73076266e-03 2.20216297e+00 1.49885841e-01 7.60289300e-03 1.12911550e-03 1.10547411e-03 1.37698867e+03 1.15656183e+02
7.75241494e-03 2.20198098e+00 1.49886416e-01 7.61944290e-03 1.12827350e-03 1.10813844e-03 1.38084533e+03 1.15646625e+02
7.77414176e-03 2.20179829e+00 1.49886964e-01 7.63605540e-03 1.12742962e-03 1.11081158e-03 1.38471527e+03 1.15637030e+02
7.79594437e-03 2.20161491e+00 1.49887484e-01 7.65273174e-03 1.12658388e-03 1.11349367e-03 1.38859871e+03 1.15627399e+02
7.81782391e-03 2.20143081e+00 1.49887977e-01 7.66947253e-03 1.12573621e-03 1.11618485e-03 1.39249585e+03 1.15617731e+02
7.83978137e-03 2.20124600e+00 1.49888441e-01 7.68627872e-03 1.12488658e-03 1.11888523e-03 1.39640687e+03 1.15608024e+02
7.86181786e-03 2.20106046e+00 1.49888876e-01 7.70315117e-03 1.12403493e-03 1.12159494e-03 1.40033197e+03 1.15598280e+02
7.88393454e-03 2.20087418e+00 1.49889283e-01 7.72009069e-03 1.12318124e-03 1.12431412e-03 1.40427135e+03 1.15588497e+02
7.90613252e-03 2.20068715e+00 1.49889661e-01 7.73709822e-03 1.12232545e-03 1.12704290e-03 1.40822521e+03 1.15578674e+02
7.92841293e-03 2.20049937e+00 1.49890009e-01 7.75417461e-03 1.12146753e-03 1.12978142e-03 1.41219375e+03 1.15568812e+02
7.95077695e-03 2.20031081e+00 1.49890328e-01 7.77132092e-03 1.12060742e-03 1.13252980e-03 1.41617719e+03 1.15558909e+02
7.97322575e-03 2.20012147e+00 1.49890617e-01 7.78853781e-03 1.11974512e-03 1.13528820e-03 1.42017573e+03 1.15548965e+02
7.99576050e-03 2.19993133e+00 1.49890875e-01 7.80582635e-03 1.11888052e-03 1.13805675e-03 1.42418957e+03 1.15538979e+02
8.01838241e-03 2.19974040e+00 1.49891103e-01 7.82318752e-03 1.11801363e-03 1.14083558e-03 1.42821895e+03 1.15528951e+02
8.04109270e-03 2.19954865e+00 1.49891300e-01 7.84062218e-03 1.11714439e-03 1.14362485e-03 1.43226406e+03 1.15518880e+02
8.06389259e-03 2.19935607e+00 1.49891465e-01 7.85813145e-03 1.11627281e-03 1.14642469e-03 1.43632513e+03 1.15508766e+02
8.08678333e-03 2.19916265e+00 1.49891599e-01 7.87571609e-03 1.11539860e-03 1.14923526e-03 1.44040239e+03 1.15498608e+02
8.10976618e-03 2.19896839e+00 1.49891701e-01 7.89337741e-03 1.11452210e-03 1.15205670e-03 1.44449605e+03 1.15488406e+02
8.13284242e-03 2.19877326e+00 1.49891771e-01 7.91111603e-03 1.11364304e-03 1.15488917e-03 1.44860634e+03 1.15478158e+02
8.15601334e-03 2.19857727e+00 1.49891807e-01 7.92893329e-03 1.11276139e-03 1.15773281e-03 1.45273350e+03 1.15467864e+02
8.17928025e-03 2.19838038e+00 1.49891811e-01 7.94683013e-03 1.11187709e-03 1.16058777e-03 1.45687776e+03 1.15457524e+02
8.20264447e-03 2.19818260e+00 1.49891781e-01 7.96480748e-03 1.11099016e-03 1.16345422e-03 1.46103935e+03 1.15447137e+02
8.22610736e-03 2.19798391e+00 1.49891718e-01 7.98286659e-03 1.11010054e-03 1.16633231e-03 1.46521852e+03 1.15436701e+02
8.24967026e-03 2.19778429e+00 1.49891620e-01 8.00100840e-03 1.10920816e-03 1.16922219e-03 1.46941550e+03 1.15426218e+02
8.27333457e-03 2.19758374e+00 1.49891488e-01 8.01923399e-03 1.10831300e-03 1.17212404e-03 1.47363054e+03 1.15415685e+02
8.29710167e-03 2.19738225e+00 1.49891321e-01 8.03754448e-03 1.10741502e-03 1.17503801e-03 1.47786389e+03 1.15405102e+02
8.32097299e-03 2.19717978e+00 1.49891118e-01 8.05594110e-03 1.10651417e-03 1.17796427e-03 1.48211580e+03 1.15394469e+02
8.34494995e-03 2.19697635e+00 1.49890879e-01 8.07442483e-03 1.10561042e-03 1.18090299e-03 1.48638653e+03 1.15383785e+02
8.36903401e-03 2.19677192e+00 1.49890604e-01 8.09299694e-03 1.10470371e-03 1.18385433e-03 1.49067634e+03 1.15373049e+02
8.39322665e-03 2.19656650e+00 1.49890293e-01 8.11165844e-03 1.10379403e-03 1.18681847e-03 1.49498549e+03 1.15362260e+02
8.41752936e-03 2.19636005e+00 1.49889944e-01 8.13041070e-03 1.10288131e-03 1.18979558e-03 1.49931424e+03 1.15351417e+02
8.44194365e-03 2.19615257e+00 1.49889557e-01 8.14925484e-03 1.10196553e-03 1.19278585e-03 1.50366286e+03 1.15340521e+02
8.46647106e-03 2.19594405e+00 1.49889132e-01 8.16819216e-03 1.10104664e-03 1.19578944e-03 1.50803164e+03 1.15329569e+02
8.49111314e-03 2.19573447e+00 1.49888669e-01 8.18722373e-03 1.10012462e-03 1.19880654e-03 1.51242084e+03 1.15318562e+02
8.51587148e-03 2.19552381e+00 1.49888167e-01 8.20635091e-03 1.09919941e-03 1.20183734e-03 1.51683075e+03 1.15307499e+02
8.54074767e-03 2.19531207e+00 1.49887625e-01 8.22557499e-03 1.09827100e-03 1.20488202e-03 1.52126165e+03 1.15296378e+02
8.56574333e-03 2.19509921e+00 1.49887043e-01 8.24489712e-03 1.09733934e-03 1.20794077e-03 1.52571383e+03 1.15285199e+02
8.59086011e-03 2.19488524e+00 1.49886420e-01 8.26431872e-03 1.09640440e-03 1.21101378e-03 1.53018758e+03 1.15273961e+02
8.61609967e-03 2.19467013e+00 1.49885756e-01 8.28384115e-03 1.09546615e-03 1.21410124e-03 1.53468320e+03 1.15262664e+02
8.64146371e-03 2.19445387e+00 1.49885050e-01 8.30346566e-03 1.09452456e-03 1.21720335e-03 1.53920100e+03 1.15251306e+02
8.66695394e-03 2.19423644e+00 1.49884303e-01 8.32319366e-03 1.09357960e-03 1.22032032e-03 1.54374127e+03 1.15239887e+02
8.69257210e-03 2.19401782e+00 1.49883512e-01 8.34302649e-03 1.09263124e-03 1.22345233e-03 1.54830432e+03 1.15228405e+02
8.71831995e-03 2.19379800e+00 1.49882678e-01 8.36296567e-03 1.09167947e-03 1.22659961e-03 1.55289048e+03 1.15216860e+02
8.74419930e-03 2.19357697e+00 1.49881799e-01 8.38301246e-03 1.09072424e-03 1.22976235e-03 1.55750006e+03 1.15205252e+02
8.77021195e-03 2.19335469e+00 1.49880877e-01 8.40316837e-03 1.08976555e-03 1.23294076e-03 1.56213339e+03 1.15193578e+02
8.79635975e-03 2.19313116e+00 1.49879909e-01 8.42343493e-03 1.08880336e-03 1.23613507e-03 1.56679078e+03 1.15181838e+02
8.82264458e-03 2.19290636e+00 1.49878895e-01 8.44381356e-03 1.08783765e-03 1.23934548e-03 1.57147259e+03 1.15170032e+02
8.84906834e-03 2.19268027e+00 1.49877834e-01 8.46430586e-03 1.08686839e-03 1.24257222e-03 1.57617914e+03 1.15158158e+02
8.87563296e-03 2.19245287e+00 1.49876727e-01 8.48491321e-03 1.08589557e-03 1.24581552e-03 1.58091077e+03 1.15146215e+02
8.90234039e-03 2.19222415e+00 1.49875572e-01 8.50563722e-03 1.08491916e-03 1.24907559e-03 1.58566785e+03 1.15134203e+02
8.92919262e-03 2.19199408e+00 1.49874368e-01 8.52647954e-03 1.08393913e-03 1.25235268e-03 1.59045072e+03 1.15122119e+02
8.95619168e-03 2.19176264e+00 1.49873115e-01 8.54744181e-03 1.08295546e-03 1.25564700e-03 1.59525974e+03 1.15109964e+02
8.98333962e-03 2.19152982e+00 1.49871812e-01 8.56852540e-03 1.08196813e-03 1.25895880e-03 1.60009528e+03 1.15097737e+02
9.01063852e-03 2.19129559e+00 1.49870459e-01 8.58973221e-03 1.08097710e-03 1.26228833e-03 1.60495771e+03 1.15085435e+02
9.03809049e-03 2.19105994e+00 1.49869055e-01 8.61106389e-03 1.07998234e-03 1.26563581e-03 1.60984740e+03 1.15073059e+02
9.06569769e-03 2.19082284e+00 1.49867598e-01 8.63252207e-03 1.07898383e-03 1.26900151e-03 1.61476474e+03 1.15060607e+02
9.09346229e-03 2.19058427e+00 1.49866089e-01 8.65410856e-03 1.07798151e-03 1.27238568e-03 1.61971012e+03 1.15048077e+02
9.12138651e-03 2.19034422e+00 1.49864526e-01 8.67582502e-03 1.07697536e-03 1.27578856e-03 1.62468393e+03 1.15035470e+02
9.14947262e-03 2.19010265e+00 1.49862909e-01 8.69767330e-03 1.07596533e-03 1.27921043e-03 1.62968657e+03 1.15022783e+02
9.17772289e-03 2.18985955e+00 1.49861236e-01 8.71965521e-03 1.07495136e-03 1.28265154e-03 1.63471846e+03 1.15010016e+02
9.20613965e-03 2.18961490e+00 1.49859508e-01 8.74177260e-03 1.07393339e-03 1.28611216e-03 1.63977999e+03 1.14997167e+02
9.23472526e-03 2.18936867e+00 1.49857723e-01 8.76402736e-03 1.07291136e-03 1.28959257e-03 1.64487161e+03 1.14984235e+02
9.26348214e-03 2.18912084e+00 1.49855880e-01 8.78642137e-03 1.07188519e-03 1.29309304e-03 1.64999373e+03 1.14971219e+02
9.29241271e-03 2.18887139e+00 1.49853979e-01 8.80895657e-03 1.07085479e-03 1.29661385e-03 1.65514679e+03 1.14958118e+02
9.32151947e-03 2.18862028e+00 1.49852018e-01 8.83163492e-03 1.06982007e-03 1.30015529e-03 1.66033123e+03 1.14944930e+02
9.35080493e-03 2.18836751e+00 1.49849997e-01 8.85445837e-03 1.06878091e-03 1.30371764e-03 1.66554750e+03 1.14931654e+02
9.38027166e-03 2.18811303e+00 1.49847914e-01 8.87742905e-03 1.06773719e-03 1.30730122e-03 1.67079606e+03 1.14918289e+02
9.40992227e-03 2.18785683e+00 1.49845769e-01 8.90054892e-03 1.06668876e-03 1.31090630e-03 1.67607737e+03 1.14904834e+02
9.43975942e-03 2.18759889e+00 1.49843561e-01 8.92382024e-03 1.06563545e-03 1.31453320e-03 1.68139190e+03 1.14891287e+02
9.46978579e-03 2.18733916e+00 1.49841288e-01 8.94724508e-03 1.06457709e-03 1.31818223e-03 1.68674014e+03 1.14877646e+02
9.50000414e-03 2.18707764e+00 1.49838950e-01 8.97082555e-03 1.06351348e-03 1.32185371e-03 1.69212258e+03 1.14863911e+02
9.53041725e-03 2.18681428e+00 1.49836546e-01 8.99456397e-03 1.06244438e-03 1.32554795e-03 1.69753970e+03 1.14850080e+02
9.56102796e-03 2.18654907e+00 1.49834074e-01 9.01846263e-03 1.06136958e-03 1.32926528e-03 1.70299202e+03 1.14836151e+02
9.59183916e-03 2.18628197e+00 1.49831534e-01 9.04252361e-03 1.06028882e-03 1.33300602e-03 1.70848005e+03 1.14822123e+02
9.62285379e-03 2.18601295e+00 1.49828924e-01 9.06674942e-03 1.05920183e-03 1.33677051e-03 1.71400432e+03 1.14807995e+02
9.65407484e-03 2.18574200e+00 1.49826243e-01 9.09114232e-03 1.05810836e-03 1.34055909e-03 1.71956536e+03 1.14793764e+02
9.68550536e-03 2.18546906e+00 1.49823489e-01 9.11570486e-03 1.05700812e-03 1.34437211e-03 1.72516370e+03 1.14779430e+02
9.71714844e-03 2.18519413e+00 1.49820663e-01 9.14043951e-03 1.05590082e-03 1.34820992e-03 1.73079990e+03 1.14764990e+02
9.74900724e-03 2.18491715e+00 1.49817763e-01 9.16534872e-03 1.05478620e-03 1.35207290e-03 1.73647453e+03 1.14750444e+02
9.78108498e-03 2.18463811e+00 1.49814788e-01 9.19043520e-03 1.05366396e-03 1.35596141e-03 1.74218816e+03 1.14735789e+02
9.81338493e-03 2.18435697e+00 1.49811736e-01 9.21570138e-03 1.05253382e-03 1.35987581e-03 1.74794136e+03 1.14721024e+02
9.84591041e-03 2.18407370e+00 1.49808606e-01 9.24115000e-03 1.05139551e-03 1.36381647e-03 1.75373474e+03 1.14706146e+02
9.87866481e-03 2.18378826e+00 1.49805395e-01 9.26678370e-03 1.05024872e-03 1.36778378e-03 1.75956889e+03 1.14691155e+02
9.91165160e-03 2.18350062e+00 1.49802104e-01 9.29260532e-03 1.04909316e-03 1.37177813e-03 1.76544444e+03 1.14676049e+02
9.94487428e-03 2.18321075e+00 1.49798730e-01 9.31861755e-03 1.04792847e-03 1.37579992e-03 1.77136199e+03 1.14660825e+02
9.97833643e-03 2.18291860e+00 1.49795274e-01 9.34482337e-03 1.04675428e-03 1.37984957e-03 1.77732221e+03 1.14645481e+02
1.00120417e-02 2.18262415e+00 1.49791733e-01 9.37122566e-03 1.04557018e-03 1.38392750e-03 1.78332573e+03 1.14630017e+02
1.00459938e-02 2.18232735e+00 1.49788105e-01 9.39782723e-03 1.04437567e-03 1.38803410e-03 1.78937322e+03 1.14614429e+02
1.00801966e-02 2.18202817e+00 1.49784389e-01 9.42463127e-03 1.04317015e-03 1.39216981e-03 1.79546534e+03 1.14598716e+02
1.01146539e-02 2.18172657e+00 1.49780584e-01 9.45164100e-03 1.04195307e-03 1.39633510e-03 1.80160281e+03 1.14582877e+02
1.01493695e-02 2.18142250e+00 1.49776688e-01 9.47885924e-03 1.04072371e-03 1.40053037e-03 1.80778630e+03 1.14566907e+02
1.01843474e-02 2.18111594e+00 1.49772697e-01 9.50628933e-03 1.03948124e-03 1.40475602e-03 1.81401649e+03 1.14550807e+02
1.02195922e-02 2.18080684e+00 1.49768612e-01 9.53393495e-03 1.03822507e-03 1.40901263e-03 1.82029423e+03 1.14534573e+02
1.02551077e-02 2.18049516e+00 1.49764435e-01 9.56179940e-03 1.03695469e-03 1.41330070e-03 1.82662018e+03 1.14518204e+02
1.02908972e-02 2.18018083e+00 1.49760159e-01 9.58988512e-03 1.03566922e-03 1.41762048e-03 1.83299494e+03 1.14501695e+02
1.03269667e-02 2.17986383e+00 1.49755774e-01 9.61819683e-03 1.03436832e-03 1.42197256e-03 1.83941956e+03 1.14485047e+02
1.03633214e-02 2.17954418e+00 1.49751290e-01 9.64673915e-03 1.03305277e-03 1.42635771e-03 1.84589499e+03 1.14468259e+02
1.03999612e-02 2.17922175e+00 1.49746719e-01 9.67551255e-03 1.03172250e-03 1.43077608e-03 1.85242121e+03 1.14451325e+02
1.04368925e-02 2.17889639e+00 1.49742036e-01 9.70452139e-03 1.03037689e-03 1.43522804e-03 1.85899933e+03 1.14434237e+02
1.04741288e-02 2.17856823e+00 1.49737218e-01 9.73377549e-03 1.02901846e-03 1.43971490e-03 1.86563180e+03 1.14417002e+02
1.05116656e-02 2.17823741e+00 1.49732301e-01 9.76327273e-03 1.02765066e-03 1.44423663e-03 1.87231779e+03 1.14399628e+02
1.05494931e-02 2.17790355e+00 1.49727316e-01 9.79300684e-03 1.02627173e-03 1.44879251e-03 1.87905555e+03 1.14382094e+02
1.05876448e-02 2.17756618e+00 1.49722203e-01 9.82300203e-03 1.02488081e-03 1.45338571e-03 1.88585105e+03 1.14364376e+02
1.06261453e-02 2.17722589e+00 1.49716909e-01 9.85327531e-03 1.02348653e-03 1.45801831e-03 1.89270869e+03 1.14346504e+02
1.06649296e-02 2.17688351e+00 1.49711509e-01 9.88377811e-03 1.02209405e-03 1.46268350e-03 1.89961688e+03 1.14328522e+02
1.07039811e-02 2.17653793e+00 1.49706081e-01 9.91450144e-03 1.02069227e-03 1.46738064e-03 1.90657265e+03 1.14310373e+02
1.07434638e-02 2.17618718e+00 1.49700534e-01 9.94557139e-03 1.01927518e-03 1.47212832e-03 1.91360523e+03 1.14291951e+02
1.07834061e-02 2.17583263e+00 1.49694753e-01 9.97700419e-03 1.01786123e-03 1.47692789e-03 1.92071968e+03 1.14273331e+02
1.08234470e-02 2.17547843e+00 1.49688834e-01 1.00085180e-02 1.01646404e-03 1.48173666e-03 1.92785170e+03 1.14254729e+02
1.08635575e-02 2.17512307e+00 1.49682900e-01 1.00400996e-02 1.01505823e-03 1.48655376e-03 1.93499610e+03 1.14236065e+02
1.09050528e-02 2.17475350e+00 1.49676752e-01 1.00727880e-02 1.01359358e-03 1.49153759e-03 1.94238716e+03 1.14216655e+02
1.09502222e-02 2.17435076e+00 1.49669934e-01 1.01083809e-02 1.01201673e-03 1.49696063e-03 1.95043264e+03 1.14195504e+02
1.10008250e-02 2.17390062e+00 1.49662112e-01 1.01482604e-02 1.01027245e-03 1.50303208e-03 1.95944593e+03 1.14171863e+02
1.10574823e-02 2.17339652e+00 1.49653199e-01 1.01929207e-02 1.00831508e-03 1.50982625e-03 1.96953761e+03 1.14145388e+02
1.11205031e-02 2.17283426e+00 1.49643156e-01 1.02426134e-02 1.00612595e-03 1.51738048e-03 1.98076275e+03 1.14115858e+02
1.11906184e-02 2.17220737e+00 1.49631822e-01 1.02979188e-02 1.00369786e-03 1.52578112e-03 1.99325155e+03 1.14082935e+02
1.12687978e-02 2.17150748e+00 1.49618909e-01 1.03596029e-02 1.00100451e-03 1.53514129e-03 2.00717671e+03 1.14046177e+02
1.13559378e-02 2.17072637e+00 1.49604116e-01 1.04283778e-02 9.98011046e-04 1.54556516e-03 2.02269793e+03 1.14005153e+02
1.14529769e-02 2.16985561e+00 1.49587224e-01 1.05049915e-02 9.94708575e-04 1.55716295e-03 2.03998234e+03 1.13959422e+02
1.15610482e-02 2.16888408e+00 1.49568024e-01 1.05903540e-02 9.91102919e-04 1.57006907e-03 2.05923181e+03 1.13908398e+02
1.16814228e-02 2.16779751e+00 1.49546134e-01 1.06854744e-02 9.87140767e-04 1.58443042e-03 2.08067269e+03 1.13851332e+02
1.18154659e-02 2.16658180e+00 1.49521012e-01 1.07914427e-02 9.82785065e-04 1.60040370e-03 2.10454820e+03 1.13787483e+02
1.19646949e-02 2.16522512e+00 1.49492157e-01 1.09094685e-02 9.77954801e-04 1.61816321e-03 2.13112859e+03 1.13716231e+02
1.21308107e-02 2.16371283e+00 1.49459007e-01 1.10409095e-02 9.72655572e-04 1.63790349e-03 2.16071681e+03 1.13636807e+02
1.23156889e-02 2.16202517e+00 1.49420839e-01 1.11872646e-02 9.66874685e-04 1.65983743e-03 2.19364697e+03 1.13548172e+02
1.25213969e-02 2.16013997e+00 1.49376811e-01 1.13501851e-02 9.60492517e-04 1.68419702e-03 2.23028727e+03 1.13449163e+02
1.27502234e-02 2.15803291e+00 1.49325893e-01 1.15314921e-02 9.53393708e-04 1.71123663e-03 2.27104542e+03 1.13338501e+02
1.30046956e-02 2.15567647e+00 1.49266907e-01 1.17331966e-02 9.45451222e-04 1.74123394e-03 2.31637151e+03 1.13214743e+02
1.32875939e-02 2.15303994e+00 1.49198679e-01 1.19575242e-02 9.36466219e-04 1.77449514e-03 2.36676082e+03 1.13076274e+02
1.36019764e-02 2.15009004e+00 1.49120096e-01 1.22069332e-02 9.26204118e-04 1.81135824e-03 2.42275803e+03 1.12921347e+02
1.39512040e-02 2.14679079e+00 1.49029856e-01 1.24841232e-02 9.14415429e-04 1.85219022e-03 2.48496178e+03 1.12748072e+02
1.43389676e-02 2.14310169e+00 1.48926105e-01 1.27920243e-02 9.00850372e-04 1.89737974e-03 2.55402949e+03 1.12554323e+02
1.47693167e-02 2.13897497e+00 1.48806336e-01 1.31337898e-02 8.85268547e-04 1.94733290e-03 2.63068245e+03 1.12337591e+02
1.52466855e-02 2.13435394e+00 1.48667730e-01 1.35128198e-02 8.67489994e-04 2.00247864e-03 2.71571047e+03 1.12094897e+02
1.57759147e-02 2.12917327e+00 1.48507631e-01 1.39328053e-02 8.47433519e-04 2.06327948e-03 2.80997577e+03 1.11822812e+02
1.63622771e-02 2.12336017e+00 1.48323695e-01 1.43977480e-02 8.25141532e-04 2.13023491e-03 2.91441752e+03 1.11517512e+02
1.70115083e-02 2.11683459e+00 1.48113574e-01 1.49119267e-02 8.00803085e-04 2.20386987e-03 3.03005734e+03 1.11174792e+02
