VARIABLES="Y/c","U","Urms/utau","Vrms/utau","Wrms/utau","<uv>/utau^2","y+",u"+"
0.00000000e+00 0.00000000e+00 0.00000000e+00 0.00000000e+00 0.00000000e+00 0.00000000e+00 0.00000000e+00 0.00000000e+00
1.20443098e-06 4.81204392e-02 3.24223260e-01 6.21996816e-03 1.99902060e-01 -4.26590934e-04 7.45706221e-01 7.45910574e-01
2.45397893e-06 9.80688092e-02 6.56651708e-01 2.02533209e-02 3.71659316e-01 -3.60202108e-03 1.51934597e+00 1.52016338e+00
3.75020532e-06 1.49632951e-01 9.95319334e-01 4.17568886e-02 5.21739749e-01 -1.29594682e-02 2.32188601e+00 2.31948935e+00
5.09471495e-06 2.02481417e-01 1.33285864e+00 6.89227719e-02 6.52418598e-01 -3.17757731e-02 3.15431992e+00 3.13876831e+00
6.48915621e-06 2.56013288e-01 1.65748467e+00 1.00782584e-01 7.66550869e-01 -6.25031732e-02 4.01766829e+00 3.96869965e+00
7.93522119e-06 3.09494006e-01 1.95756551e+00 1.36129012e-01 8.66543854e-01 -1.05644317e-01 4.91297875e+00 4.79789841e+00
9.43464579e-06 3.62125407e-01 2.22330074e+00 1.74333952e-01 9.54521723e-01 -1.60039829e-01 5.84132605e+00 5.61398422e+00
1.09892096e-05 4.13141982e-01 2.44929418e+00 2.14569080e-01 1.03256848e+00 -2.22908790e-01 6.80381198e+00 6.40507280e+00
1.26007355e-05 4.61908326e-01 2.63377132e+00 2.56410660e-01 1.10222472e+00 -2.90998715e-01 7.80156525e+00 7.16129508e+00
1.42710899e-05 5.07947373e-01 2.77841099e+00 2.99294451e-01 1.16485734e+00 -3.60884408e-01 8.83574125e+00 7.87523613e+00
1.60021812e-05 5.50965137e-01 2.88679787e+00 3.42896108e-01 1.22138849e+00 -4.29786325e-01 9.90752168e+00 8.54232419e+00
1.77959599e-05 5.90826737e-01 2.96362312e+00 3.86818676e-01 1.27253210e+00 -4.95495594e-01 1.10181142e+01 9.16045757e+00
1.96544174e-05 6.27532992e-01 3.01383184e+00 4.30783204e-01 1.31879061e+00 -5.56643017e-01 1.21687516e+01 9.72964367e+00
2.15795847e-05 6.61183366e-01 3.04213310e+00 4.74497119e-01 1.36054401e+00 -6.12433759e-01 1.33606914e+01 1.02514221e+01
2.35735311e-05 6.91944742e-01 3.05277589e+00 5.17709067e-01 1.39811692e+00 -6.62618418e-01 1.45952147e+01 1.07283806e+01
2.56383623e-05 7.20023235e-01 3.04940742e+00 5.60199528e-01 1.43179246e+00 -7.07292705e-01 1.58736255e+01 1.11637167e+01
2.77762188e-05 7.45642974e-01 3.03511033e+00 6.01750334e-01 1.46184921e+00 -7.46764824e-01 1.71972488e+01 1.15609082e+01
2.99892734e-05 7.69030932e-01 3.01242898e+00 6.42202817e-01 1.48855726e+00 -7.81499782e-01 1.85674299e+01 1.19234776e+01
3.22797283e-05 7.90406886e-01 2.98345697e+00 6.81383290e-01 1.51218768e+00 -8.11967930e-01 1.99855323e+01 1.22548356e+01
3.46498125e-05 8.09977638e-01 2.94990085e+00 7.19188855e-01 1.53300629e+00 -8.38697047e-01 2.14529360e+01 1.25581921e+01
3.71017779e-05 8.27933922e-01 2.91314761e+00 7.55497190e-01 1.55127119e+00 -8.62129495e-01 2.29710353e+01 1.28365069e+01
3.96378957e-05 8.44449472e-01 2.87431820e+00 7.90255038e-01 1.56722401e+00 -8.82725194e-01 2.45412364e+01 1.30924767e+01
4.22604518e-05 8.59680893e-01 2.83431761e+00 8.23389683e-01 1.58108847e+00 -9.00842747e-01 2.61649545e+01 1.33285317e+01
4.49717421e-05 8.73768412e-01 2.79387981e+00 8.54887683e-01 1.59306923e+00 -9.16848073e-01 2.78436112e+01 1.35468481e+01
4.77740668e-05 8.86836914e-01 2.75359698e+00 8.84718314e-01 1.60336066e+00 -9.31017293e-01 2.95786304e+01 1.37493637e+01
5.06697243e-05 8.98997580e-01 2.71393663e+00 9.12897341e-01 1.61214450e+00 -9.43624757e-01 3.13714354e+01 1.39378038e+01
5.36610047e-05 9.10349478e-01 2.67525858e+00 9.39426780e-01 1.61958908e+00 -9.54872617e-01 3.32234439e+01 1.41137054e+01
5.67501820e-05 9.20981126e-01 2.63783639e+00 9.64343764e-01 1.62584423e+00 -9.64961025e-01 3.51360638e+01 1.42784417e+01
5.99395059e-05 9.30971809e-01 2.60187613e+00 9.87676850e-01 1.63104489e+00 -9.74040444e-01 3.71106881e+01 1.44332426e+01
6.32311933e-05 9.40392765e-01 2.56753475e+00 1.00947951e+00 1.63530670e+00 -9.82256188e-01 3.91486893e+01 1.45792131e+01
6.66274177e-05 9.49308060e-01 2.53493067e+00 1.02980001e+00 1.63872512e+00 -9.89717492e-01 4.12514131e+01 1.47173467e+01
7.01302986e-05 9.57775282e-01 2.50413430e+00 1.04870353e+00 1.64137655e+00 -9.96531276e-01 4.34201717e+01 1.48485367e+01
7.37418900e-05 9.65846399e-01 2.47516810e+00 1.06625286e+00 1.64332659e+00 -1.00277938e+00 4.56562369e+01 1.49735888e+01
7.74641672e-05 9.73568260e-01 2.44803183e+00 1.08251924e+00 1.64463642e+00 -1.00853454e+00 4.79608316e+01 1.50932294e+01
8.12990129e-05 9.80982251e-01 2.42271707e+00 1.09757048e+00 1.64536897e+00 -1.01385831e+00 5.03351214e+01 1.52081002e+01
8.52482019e-05 9.88124245e-01 2.39919195e+00 1.11147748e+00 1.64558964e+00 -1.01881226e+00 5.27802054e+01 1.53187574e+01
8.93133850e-05 9.95025848e-01 2.37739519e+00 1.12430969e+00 1.64535529e+00 -1.02344962e+00 5.52971054e+01 1.54256909e+01
9.34960710e-05 1.00171531e+00 2.35726193e+00 1.13613829e+00 1.64470759e+00 -1.02781978e+00 5.78867556e+01 1.55293385e+01
9.77976101e-05 1.00821768e+00 2.33872813e+00 1.14703489e+00 1.64367253e+00 -1.03195946e+00 6.05499920e+01 1.56300886e+01
1.02219644e-04 1.01455618e+00 2.32170932e+00 1.15707173e+00 1.64226955e+00 -1.03588382e+00 6.32878313e+01 1.57283011e+01
1.06764776e-04 1.02075311e+00 2.30609850e+00 1.16631950e+00 1.64053067e+00 -1.03960469e+00 6.61018845e+01 1.58243214e+01
1.11435898e-04 1.02682827e+00 2.29180206e+00 1.17484339e+00 1.63850349e+00 -1.04314159e+00 6.89939432e+01 1.59184562e+01
1.16236083e-04 1.03279847e+00 2.27874658e+00 1.18270665e+00 1.63623010e+00 -1.04650480e+00 7.19659088e+01 1.60109664e+01
1.21168667e-04 1.03867882e+00 2.26686243e+00 1.18997229e+00 1.63374400e+00 -1.04969938e+00 7.50198479e+01 1.61020860e+01
1.26237261e-04 1.04448253e+00 2.25608361e+00 1.19670182e+00 1.63107739e+00 -1.05275351e+00 7.81579952e+01 1.61920194e+01
1.31445810e-04 1.05022099e+00 2.24632648e+00 1.20295294e+00 1.62826223e+00 -1.05570855e+00 8.13827942e+01 1.62809433e+01
1.36798689e-04 1.05590515e+00 2.23750289e+00 1.20877771e+00 1.62533303e+00 -1.05859386e+00 8.46969524e+01 1.63690275e+01
1.42300737e-04 1.06154541e+00 2.22954694e+00 1.21421710e+00 1.62231999e+00 -1.06144163e+00 8.81034668e+01 1.64564329e+01
1.47957310e-04 1.06715134e+00 2.22238698e+00 1.21930538e+00 1.61923373e+00 -1.06428439e+00 9.16056529e+01 1.65433078e+01
1.53774442e-04 1.07273265e+00 2.21594293e+00 1.22407533e+00 1.61609143e+00 -1.06712935e+00 9.52072472e+01 1.66298025e+01
1.59759004e-04 1.07829922e+00 2.21016930e+00 1.22855859e+00 1.61291946e+00 -1.06997278e+00 9.89125029e+01 1.67160700e+01
1.65918645e-04 1.08385992e+00 2.20502939e+00 1.23278606e+00 1.60973243e+00 -1.07280545e+00 1.02726157e+02 1.68022480e+01
1.72261856e-04 1.08942223e+00 2.20042736e+00 1.23678770e+00 1.60655604e+00 -1.07562705e+00 1.06653465e+02 1.68884523e+01
1.78798522e-04 1.09499375e+00 2.19627135e+00 1.24058903e+00 1.60343808e+00 -1.07842370e+00 1.10700549e+02 1.69748005e+01
1.85540219e-04 1.10058409e+00 2.19251245e+00 1.24420971e+00 1.60040931e+00 -1.08115397e+00 1.14874574e+02 1.70614412e+01
1.92499046e-04 1.10620321e+00 2.18910031e+00 1.24766476e+00 1.59745969e+00 -1.08379104e+00 1.19183032e+02 1.71485290e+01
1.99685651e-04 1.11185787e+00 2.18600088e+00 1.25096566e+00 1.59458306e+00 -1.08633386e+00 1.23632516e+02 1.72361685e+01
2.07108594e-04 1.11755141e+00 2.18316362e+00 1.25412767e+00 1.59179376e+00 -1.08877830e+00 1.28228325e+02 1.73244116e+01
2.14775636e-04 1.12328627e+00 2.18051758e+00 1.25717317e+00 1.58908503e+00 -1.09111166e+00 1.32975264e+02 1.74132960e+01
2.22695133e-04 1.12906404e+00 2.17804206e+00 1.26012250e+00 1.58645205e+00 -1.09338362e+00 1.37878507e+02 1.75028460e+01
2.30876261e-04 1.13488508e+00 2.17573797e+00 1.26299256e+00 1.58393597e+00 -1.09568280e+00 1.42943736e+02 1.75930675e+01
2.39328753e-04 1.14075174e+00 2.17357036e+00 1.26579844e+00 1.58157866e+00 -1.09801729e+00 1.48176975e+02 1.76839966e+01
2.48062896e-04 1.14666894e+00 2.17152469e+00 1.26854651e+00 1.57938814e+00 -1.10033537e+00 1.53584596e+02 1.77757101e+01
2.57089610e-04 1.15264212e+00 2.16960136e+00 1.27123049e+00 1.57737371e+00 -1.10260411e+00 1.59173356e+02 1.78682918e+01
2.66420570e-04 1.15867764e+00 2.16776301e+00 1.27384443e+00 1.57551128e+00 -1.10480778e+00 1.64950487e+02 1.79618406e+01
2.76068628e-04 1.16478219e+00 2.16597955e+00 1.27638664e+00 1.57376218e+00 -1.10696087e+00 1.70923944e+02 1.80564599e+01
2.86047717e-04 1.17096146e+00 2.16422576e+00 1.27884807e+00 1.57212799e+00 -1.10907640e+00 1.77102354e+02 1.81522380e+01
2.96371446e-04 1.17722061e+00 2.16242355e+00 1.28121598e+00 1.57067545e+00 -1.11113619e+00 1.83494143e+02 1.82492545e+01
3.07051441e-04 1.18356268e+00 2.16051917e+00 1.28348345e+00 1.56943340e+00 -1.11313940e+00 1.90106510e+02 1.83475566e+01
3.18097271e-04 1.18998818e+00 2.15854467e+00 1.28565586e+00 1.56826165e+00 -1.11509441e+00 1.96945377e+02 1.84471521e+01
3.29517760e-04 1.19649647e+00 2.15650915e+00 1.28773943e+00 1.56707991e+00 -1.11699744e+00 2.04016210e+02 1.85480312e+01
3.41321927e-04 1.20308651e+00 2.15437531e+00 1.28972400e+00 1.56597798e+00 -1.11879265e+00 2.11324591e+02 1.86501777e+01
3.53518856e-04 1.20976040e+00 2.15209962e+00 1.29160011e+00 1.56499063e+00 -1.12036246e+00 2.18876145e+02 1.87536241e+01
3.66117355e-04 1.21652334e+00 2.14963454e+00 1.29337184e+00 1.56408129e+00 -1.12163361e+00 2.26676326e+02 1.88584508e+01
3.79125945e-04 1.22337740e+00 2.14699096e+00 1.29504848e+00 1.56318408e+00 -1.12262613e+00 2.34730408e+02 1.89646898e+01
3.92552919e-04 1.23032164e+00 2.14419661e+00 1.29662669e+00 1.56226872e+00 -1.12334502e+00 2.43043528e+02 1.90723267e+01
4.06406361e-04 1.23735723e+00 2.14122440e+00 1.29807055e+00 1.56133339e+00 -1.12380787e+00 2.51620688e+02 1.91813799e+01
4.20694236e-04 1.24448624e+00 2.13806944e+00 1.29934330e+00 1.56042576e+00 -1.12403273e+00 2.60466821e+02 1.92918815e+01
4.35424456e-04 1.25170826e+00 2.13474746e+00 1.30043203e+00 1.55968404e+00 -1.12397199e+00 2.69586826e+02 1.94038251e+01
4.50604776e-04 1.25902243e+00 2.13120342e+00 1.30133224e+00 1.55907683e+00 -1.12355892e+00 2.78985505e+02 1.95171973e+01
4.66242610e-04 1.26643011e+00 2.12729579e+00 1.30204512e+00 1.55842385e+00 -1.12274566e+00 2.88667446e+02 1.96320188e+01
4.82344856e-04 1.27393303e+00 2.12296606e+00 1.30258000e+00 1.55765008e+00 -1.12155305e+00 2.98636921e+02 1.97483164e+01
4.98917882e-04 1.28153048e+00 2.11833320e+00 1.30295279e+00 1.55677202e+00 -1.12004815e+00 3.08897873e+02 1.98660791e+01
5.15967706e-04 1.28921973e+00 2.11351353e+00 1.30316315e+00 1.55580900e+00 -1.11829256e+00 3.19454028e+02 1.99852647e+01
5.33499773e-04 1.29700088e+00 2.10850664e+00 1.30317339e+00 1.55470932e+00 -1.11628663e+00 3.30308757e+02 2.01058746e+01
5.51518242e-04 1.30488055e+00 2.10330350e+00 1.30288881e+00 1.55342822e+00 -1.11395540e+00 3.41464634e+02 2.02280115e+01
5.70025999e-04 1.31286730e+00 2.09795942e+00 1.30222342e+00 1.55200549e+00 -1.11117744e+00 3.52923447e+02 2.03518082e+01
5.89025028e-04 1.32096368e+00 2.09234434e+00 1.30118090e+00 1.55048687e+00 -1.10788686e+00 3.64686425e+02 2.04773040e+01
6.08515585e-04 1.32916532e+00 2.08628761e+00 1.29982564e+00 1.54875563e+00 -1.10412979e+00 3.76753724e+02 2.06044314e+01
6.28496315e-04 1.33746741e+00 2.07983452e+00 1.29819036e+00 1.54671257e+00 -1.09994507e+00 3.89124507e+02 2.07331159e+01
6.48966408e-04 1.34586904e+00 2.07299583e+00 1.29626928e+00 1.54437288e+00 -1.09526604e+00 4.01798273e+02 2.08633433e+01
6.69923786e-04 1.35436877e+00 2.06571543e+00 1.29406890e+00 1.54169070e+00 -1.09006808e+00 4.14773734e+02 2.09950910e+01
6.91361272e-04 1.36295884e+00 2.05806957e+00 1.29154638e+00 1.53854887e+00 -1.08458458e+00 4.28046447e+02 2.11282388e+01
7.13273732e-04 1.37163454e+00 2.05011592e+00 1.28861555e+00 1.53500259e+00 -1.07896275e+00 4.41613233e+02 2.12627137e+01
7.35666183e-04 1.38040669e+00 2.04174029e+00 1.28525201e+00 1.53110196e+00 -1.07280904e+00 4.55477199e+02 2.13986834e+01
7.58538287e-04 1.38928490e+00 2.03276646e+00 1.28148315e+00 1.52688697e+00 -1.06578675e+00 4.69638135e+02 2.15362964e+01
7.81871235e-04 1.39825227e+00 2.02309814e+00 1.27733859e+00 1.52238318e+00 -1.05802489e+00 4.84084397e+02 2.16752906e+01
8.05660411e-04 1.40728151e+00 2.01288555e+00 1.27284390e+00 1.51748325e+00 -1.04974717e+00 4.98813125e+02 2.18152431e+01
8.29937938e-04 1.41636890e+00 2.00213455e+00 1.26803750e+00 1.51205277e+00 -1.04096260e+00 5.13844209e+02 2.19560962e+01
8.54697798e-04 1.42551869e+00 1.99069058e+00 1.26289994e+00 1.50615370e+00 -1.03161158e+00 5.29173922e+02 2.20979159e+01
8.79803256e-04 1.43469045e+00 1.97897181e+00 1.25737512e+00 1.50039423e+00 -1.02175503e+00 5.44717607e+02 2.22400756e+01
9.05041254e-04 1.44380256e+00 1.96668407e+00 1.25146755e+00 1.49362753e+00 -1.01155536e+00 5.60343352e+02 2.23813099e+01
9.30280179e-04 1.45279948e+00 1.95475334e+00 1.24517906e+00 1.48696471e+00 -1.00076372e+00 5.75969672e+02 2.25207584e+01
9.55520418e-04 1.46167953e+00 1.94141803e+00 1.23873826e+00 1.47772117e+00 -9.89490588e-01 5.91596806e+02 2.26583950e+01
9.80798896e-04 1.47046081e+00 1.92863433e+00 1.23242927e+00 1.47008526e+00 -9.77522391e-01 6.07247614e+02 2.27944996e+01
1.00611429e-03 1.47914810e+00 1.91633213e+00 1.22633548e+00 1.46388620e+00 -9.65192684e-01 6.22921276e+02 2.29291462e+01
1.03145030e-03 1.48773799e+00 1.90316408e+00 1.22022564e+00 1.45549114e+00 -9.52723013e-01 6.38607707e+02 2.30622830e+01
1.05680847e-03 1.49623887e+00 1.89010797e+00 1.21375021e+00 1.44725726e+00 -9.39732230e-01 6.54307855e+02 2.31940395e+01
1.08219570e-03 1.50466525e+00 1.87651091e+00 1.20670309e+00 1.43813254e+00 -9.26451377e-01 6.70025993e+02 2.33246406e+01
1.10760982e-03 1.51301214e+00 1.86260957e+00 1.19911934e+00 1.42865921e+00 -9.13046715e-01 6.85760781e+02 2.34540094e+01
1.13304743e-03 1.52126924e+00 1.84810324e+00 1.19114572e+00 1.41872066e+00 -8.99448547e-01 7.01510114e+02 2.35819862e+01
1.15850949e-03 1.52943827e+00 1.83322677e+00 1.18285532e+00 1.40844409e+00 -8.85478905e-01 7.17274586e+02 2.37085972e+01
1.18399658e-03 1.53752392e+00 1.81799144e+00 1.17427745e+00 1.39776552e+00 -8.71140323e-01 7.33054556e+02 2.38339152e+01
1.20950739e-03 1.54552980e+00 1.80220479e+00 1.16542611e+00 1.38679405e+00 -8.56418637e-01 7.48849205e+02 2.39579959e+01
1.23504125e-03 1.55346390e+00 1.78585381e+00 1.15629737e+00 1.37552039e+00 -8.41225092e-01 7.64658134e+02 2.40809627e+01
1.26059819e-03 1.56133235e+00 1.76905590e+00 1.14691909e+00 1.36360886e+00 -8.25567316e-01 7.80481346e+02 2.42029115e+01
1.28617774e-03 1.56912964e+00 1.75206696e+00 1.13726437e+00 1.35106525e+00 -8.09587014e-01 7.96318561e+02 2.43237568e+01
1.31177946e-03 1.57684328e+00 1.73502305e+00 1.12728377e+00 1.33812618e+00 -7.93395822e-01 8.12169498e+02 2.44433053e+01
1.33740324e-03 1.58446485e+00 1.71782118e+00 1.11701603e+00 1.32479447e+00 -7.77067769e-01 8.28034095e+02 2.45614266e+01
1.36304895e-03 1.59199301e+00 1.70029287e+00 1.10651053e+00 1.31106883e+00 -7.60601233e-01 8.43912269e+02 2.46780993e+01
1.38871634e-03 1.59942935e+00 1.68237283e+00 1.09581504e+00 1.29688009e+00 -7.43898660e-01 8.59803866e+02 2.47933483e+01
1.41440522e-03 1.60677437e+00 1.66405409e+00 1.08491287e+00 1.28233402e+00 -7.26871608e-01 8.75708769e+02 2.49071808e+01
1.44011542e-03 1.61402643e+00 1.64541539e+00 1.07373391e+00 1.26757200e+00 -7.09591792e-01 8.91626874e+02 2.50195722e+01
1.46584675e-03 1.62118365e+00 1.62663726e+00 1.06228715e+00 1.25247589e+00 -6.92198372e-01 9.07558055e+02 2.51304938e+01
1.49159900e-03 1.62824640e+00 1.60774612e+00 1.05061897e+00 1.23696200e+00 -6.74670758e-01 9.23502192e+02 2.52399507e+01
1.51737198e-03 1.63521611e+00 1.58866264e+00 1.03874411e+00 1.22105892e+00 -6.56942315e-01 9.39459167e+02 2.53479652e+01
1.54316550e-03 1.64209138e+00 1.56938081e+00 1.02666375e+00 1.20474392e+00 -6.39099803e-01 9.55428858e+02 2.54545158e+01
1.56897936e-03 1.64886936e+00 1.54991621e+00 1.01438124e+00 1.18810726e+00 -6.21284700e-01 9.71411135e+02 2.55595583e+01
1.59481333e-03 1.65555103e+00 1.53024420e+00 1.00188654e+00 1.17113880e+00 -6.03503445e-01 9.87405873e+02 2.56631080e+01
1.62066723e-03 1.66214040e+00 1.51023465e+00 9.89226183e-01 1.15364007e+00 -5.85651079e-01 1.00341294e+03 2.57652267e+01
1.64654083e-03 1.66863805e+00 1.48987515e+00 9.76443540e-01 1.13560693e+00 -5.67668929e-01 1.01943221e+03 2.58659230e+01
1.67243392e-03 1.67503966e+00 1.46925329e+00 9.63542975e-01 1.11714581e+00 -5.49632863e-01 1.03546355e+03 2.59651303e+01
1.69834631e-03 1.68134138e+00 1.44831018e+00 9.50508381e-01 1.09830203e+00 -5.31605629e-01 1.05150684e+03 2.60627889e+01
1.72427777e-03 1.68754289e+00 1.42699850e+00 9.37294741e-01 1.07919000e+00 -5.13568190e-01 1.06756193e+03 2.61588936e+01
1.75022810e-03 1.69364490e+00 1.40537561e+00 9.23854611e-01 1.05995927e+00 -4.95522040e-01 1.08362871e+03 2.62534560e+01
1.77619708e-03 1.69964820e+00 1.38340398e+00 9.10189705e-01 1.04060708e+00 -4.77460229e-01 1.09970703e+03 2.63464882e+01
1.80218451e-03 1.70555352e+00 1.36100908e+00 8.96385164e-01 1.02099669e+00 -4.59368145e-01 1.11579677e+03 2.64380012e+01
1.82819017e-03 1.71135872e+00 1.33822781e+00 8.82503629e-01 1.00102162e+00 -4.41295726e-01 1.13189781e+03 2.65279620e+01
1.85421386e-03 1.71705878e+00 1.31504405e+00 8.68507594e-01 9.80694720e-01 -4.23326372e-01 1.14801000e+03 2.66162927e+01
1.88025539e-03 1.72264813e+00 1.29142966e+00 8.54357072e-01 9.60071789e-01 -4.05509599e-01 1.16413324e+03 2.67029064e+01
1.90631455e-03 1.72811978e+00 1.26743976e+00 8.40077839e-01 9.39127656e-01 -3.87841458e-01 1.18026740e+03 2.67876951e+01
1.93239114e-03 1.73346688e+00 1.24306798e+00 8.25714321e-01 9.17921674e-01 -3.70304312e-01 1.19641234e+03 2.68705527e+01
1.95848495e-03 1.73868718e+00 1.21822710e+00 8.11293451e-01 8.96554365e-01 -3.52906662e-01 1.21256795e+03 2.69514445e+01
1.98459578e-03 1.74378130e+00 1.19287186e+00 7.96825613e-01 8.75053784e-01 -3.35731103e-01 1.22873410e+03 2.70303800e+01
2.01072343e-03 1.74874806e+00 1.16697016e+00 7.82294503e-01 8.53410030e-01 -3.18817679e-01 1.24491066e+03 2.71073404e+01
2.03686769e-03 1.75358474e+00 1.14050923e+00 7.67683653e-01 8.31565159e-01 -3.02155163e-01 1.26109751e+03 2.71822835e+01
2.06302836e-03 1.75828730e+00 1.11362584e+00 7.52983128e-01 8.09579695e-01 -2.85780436e-01 1.27729451e+03 2.72551468e+01
2.08920523e-03 1.76284898e+00 1.08642759e+00 7.38197416e-01 7.87616607e-01 -2.69771592e-01 1.29350155e+03 2.73258257e+01
2.11539810e-03 1.76726312e+00 1.05888952e+00 7.23339383e-01 7.65722016e-01 -2.54157572e-01 1.30971849e+03 2.73942174e+01
2.14160675e-03 1.77152741e+00 1.03093967e+00 7.08431375e-01 7.43793777e-01 -2.38929013e-01 1.32594520e+03 2.74602857e+01
2.16783097e-03 1.77564165e+00 1.00257536e+00 6.93487552e-01 7.21865250e-01 -2.24103007e-01 1.34218155e+03 2.75240273e+01
2.19407057e-03 1.77960276e+00 9.73879893e-01 6.78494840e-01 7.00147256e-01 -2.09738693e-01 1.35842743e+03 2.75853947e+01
2.22032533e-03 1.78340546e+00 9.44948184e-01 6.63459605e-01 6.78759506e-01 -1.95904898e-01 1.37468268e+03 2.76443062e+01
2.24659504e-03 1.78704662e+00 9.15777236e-01 6.48427899e-01 6.57714798e-01 -1.82638352e-01 1.39094720e+03 2.77007135e+01
2.27287949e-03 1.79052619e+00 8.86411569e-01 6.33442625e-01 6.36936940e-01 -1.69926539e-01 1.40722084e+03 2.77546158e+01
2.29917847e-03 1.79384461e+00 8.56908879e-01 6.18511169e-01 6.16310672e-01 -1.57724539e-01 1.42350348e+03 2.78060201e+01
2.32549178e-03 1.79700087e+00 8.27286882e-01 6.03628291e-01 5.95822967e-01 -1.46027506e-01 1.43979498e+03 2.78549111e+01
2.35181919e-03 1.79999297e+00 7.97712947e-01 5.88786843e-01 5.75548353e-01 -1.34898668e-01 1.45609522e+03 2.79012578e+01
2.37816049e-03 1.80282067e+00 7.68412546e-01 5.73974650e-01 5.55563546e-01 -1.24392149e-01 1.47240407e+03 2.79450568e+01
2.40451548e-03 1.80548696e+00 7.39432694e-01 5.59206696e-01 5.35838353e-01 -1.14516148e-01 1.48872138e+03 2.79863543e+01
2.43088394e-03 1.80799570e+00 7.10810301e-01 5.44518403e-01 5.16317195e-01 -1.05257572e-01 1.50504703e+03 2.80252108e+01
2.45726565e-03 1.81035019e+00 6.82598837e-01 5.29932848e-01 4.97163248e-01 -9.65878346e-02 1.52138090e+03 2.80616771e+01
2.48366041e-03 1.81255495e+00 6.54796822e-01 5.15468127e-01 4.78537876e-01 -8.84577354e-02 1.53772283e+03 2.80958235e+01
2.51006800e-03 1.81461613e+00 6.27467755e-01 5.01143501e-01 4.60372317e-01 -8.08225656e-02 1.55407271e+03 2.81277454e+01
2.53648820e-03 1.81653888e+00 6.00729879e-01 4.86974528e-01 4.42603961e-01 -7.36814056e-02 1.57043040e+03 2.81575225e+01
2.56292081e-03 1.81832638e+00 5.74619631e-01 4.72979607e-01 4.25291157e-01 -6.70577898e-02 1.58679577e+03 2.81852047e+01
2.58936560e-03 1.81998273e+00 5.49095610e-01 4.59186922e-01 4.08459908e-01 -6.09336437e-02 1.60316869e+03 2.82108551e+01
2.61582236e-03 1.82151449e+00 5.24145857e-01 4.45618370e-01 3.92063159e-01 -5.52617769e-02 1.61954901e+03 2.82345758e+01
2.64229088e-03 1.82292859e+00 4.99852676e-01 4.32264728e-01 3.76097298e-01 -5.00121845e-02 1.63593662e+03 2.82564739e+01
2.66877093e-03 1.82423036e+00 4.76319601e-01 4.19108331e-01 3.60606220e-01 -4.51776142e-02 1.65233137e+03 2.82766324e+01
2.69526232e-03 1.82542474e+00 4.53602194e-01 4.06151964e-01 3.45635485e-01 -4.07450347e-02 1.66873313e+03 2.82951275e+01
2.72176480e-03 1.82651768e+00 4.31732679e-01 3.93420697e-01 3.31161644e-01 -3.66842831e-02 1.68514176e+03 2.83120517e+01
2.74827818e-03 1.82751584e+00 4.10708936e-01 3.80948234e-01 3.17130103e-01 -3.29673742e-02 1.70155714e+03 2.83275079e+01
2.77480222e-03 1.82842528e+00 3.90551177e-01 3.68762559e-01 3.03561901e-01 -2.95721014e-02 1.71797912e+03 2.83415904e+01
2.80133672e-03 1.82925132e+00 3.71334472e-01 3.56883501e-01 2.90459240e-01 -2.64785273e-02 1.73440758e+03 2.83543813e+01
2.82788146e-03 1.82999941e+00 3.53149626e-01 3.45305017e-01 2.77852807e-01 -2.36696055e-02 1.75084237e+03 2.83659653e+01
2.85443621e-03 1.83067586e+00 3.35975052e-01 3.34000882e-01 2.65771745e-01 -2.11295616e-02 1.76728337e+03 2.83764398e+01
2.88100076e-03 1.83128711e+00 3.19715225e-01 3.22957066e-01 2.54151892e-01 -1.88366141e-02 1.78373043e+03 2.83859049e+01
2.90757489e-03 1.83183858e+00 3.04340191e-01 3.12175905e-01 2.42933832e-01 -1.67668527e-02 1.80018342e+03 2.83944443e+01
2.93415837e-03 1.83233449e+00 2.89835213e-01 3.01663508e-01 2.32113951e-01 -1.49041721e-02 1.81664221e+03 2.84021235e+01
2.96075100e-03 1.83277874e+00 2.76125773e-01 2.91428805e-01 2.21724979e-01 -1.32360381e-02 1.83310665e+03 2.84090029e+01
2.98735254e-03 1.83317537e+00 2.63133139e-01 2.81488846e-01 2.11785832e-01 -1.17495253e-02 1.84957661e+03 2.84151448e+01
3.01396278e-03 1.83352852e+00 2.50845580e-01 2.71851939e-01 2.02258310e-01 -1.04234445e-02 1.86605197e+03 2.84206137e+01
3.04058150e-03 1.83384258e+00 2.39280422e-01 2.62506931e-01 1.93124036e-01 -9.22863920e-03 1.88253257e+03 2.84254770e+01
3.06720848e-03 1.83412181e+00 2.28383045e-01 2.53448499e-01 1.84433285e-01 -8.14883800e-03 1.89901828e+03 2.84298012e+01
3.09384349e-03 1.83437008e+00 2.18093670e-01 2.44689275e-01 1.76167039e-01 -7.17793085e-03 1.91550896e+03 2.84336460e+01
3.12048631e-03 1.83459079e+00 2.08421362e-01 2.36232379e-01 1.68301729e-01 -6.30498849e-03 1.93200448e+03 2.84370641e+01
3.14713672e-03 1.83478668e+00 1.99381461e-01 2.28068288e-01 1.60840264e-01 -5.52090968e-03 1.94850471e+03 2.84400977e+01
3.17379451e-03 1.83495971e+00 1.90945451e-01 2.20199737e-01 1.53723723e-01 -4.82488342e-03 1.96500949e+03 2.84427775e+01
3.20045944e-03 1.83511182e+00 1.83050654e-01 2.12629228e-01 1.46891026e-01 -4.21037096e-03 1.98151870e+03 2.84451333e+01
3.22713129e-03 1.83524537e+00 1.75636654e-01 2.05346547e-01 1.40359390e-01 -3.66186010e-03 1.99803220e+03 2.84472018e+01
3.25380984e-03 1.83536251e+00 1.68682384e-01 1.98334523e-01 1.34157879e-01 -3.16743206e-03 2.01454984e+03 2.84490161e+01
3.28049487e-03 1.83546449e+00 1.62235322e-01 1.91578947e-01 1.28259817e-01 -2.72702193e-03 2.03107150e+03 2.84505958e+01
3.30718616e-03 1.83555219e+00 1.56310528e-01 1.85076136e-01 1.22640182e-01 -2.34564921e-03 2.04759703e+03 2.84519542e+01
3.33388348e-03 1.83562707e+00 1.50822171e-01 1.78827601e-01 1.17302492e-01 -2.01949780e-03 2.06412629e+03 2.84531143e+01
3.36058660e-03 1.83569124e+00 1.45666461e-01 1.72835595e-01 1.12243936e-01 -1.73463422e-03 2.08065915e+03 2.84541084e+01
3.38729531e-03 1.83574650e+00 1.40808299e-01 1.67100023e-01 1.07463866e-01 -1.48090455e-03 2.09719546e+03 2.84549645e+01
3.41400937e-03 1.83579379e+00 1.36236274e-01 1.61615739e-01 1.02982096e-01 -1.25918408e-03 2.11373509e+03 2.84556972e+01
3.44072857e-03 1.83583365e+00 1.31903610e-01 1.56372347e-01 9.87720444e-02 -1.07009176e-03 2.13027790e+03 2.84563149e+01
3.46745268e-03 1.83586685e+00 1.27784857e-01 1.51356798e-01 9.47935850e-02 -9.09097756e-04 2.14682375e+03 2.84568293e+01
3.49418148e-03 1.83589423e+00 1.23899352e-01 1.46556532e-01 9.10409475e-02 -7.74171819e-04 2.16337251e+03 2.84572537e+01
3.52091474e-03 1.83591658e+00 1.20261016e-01 1.41959653e-01 8.75150691e-02 -6.64660264e-04 2.17992402e+03 2.84576001e+01
3.54765223e-03 1.83593473e+00 1.16856292e-01 1.37560656e-01 8.42093724e-02 -5.76426248e-04 2.19647816e+03 2.84578814e+01
3.57439373e-03 1.83594949e+00 1.13661885e-01 1.33362014e-01 8.11050959e-02 -5.03557546e-04 2.21303478e+03 2.84581103e+01
3.60113902e-03 1.83596148e+00 1.10639764e-01 1.29369179e-01 7.81674379e-02 -4.40955494e-04 2.22959374e+03 2.84582962e+01
3.62788787e-03 1.83597111e+00 1.07756734e-01 1.25583007e-01 7.53655294e-02 -3.86034535e-04 2.24615491e+03 2.84584456e+01
3.65464005e-03 1.83597862e+00 1.05005873e-01 1.21990380e-01 7.26702643e-02 -3.38208721e-04 2.26271814e+03 2.84585620e+01
3.68139535e-03 1.83598408e+00 1.02419674e-01 1.18565762e-01 7.01295158e-02 -2.96653766e-04 2.27928329e+03 2.84586467e+01
3.70815352e-03 1.83598759e+00 9.99729970e-02 1.15289279e-01 6.77402452e-02 -2.60652098e-04 2.29585024e+03 2.84587012e+01
3.73491435e-03 1.83598936e+00 9.76243713e-02 1.12154252e-01 6.55080926e-02 -2.31154575e-04 2.31241882e+03 2.84587287e+01
3.76167762e-03 1.83598960e+00 9.53846192e-02 1.09151626e-01 6.34897557e-02 -2.08317510e-04 2.32898891e+03 2.84587325e+01
3.78844309e-03 1.83598851e+00 9.32330992e-02 1.06277121e-01 6.16085750e-02 -1.90640245e-04 2.34556037e+03 2.84587158e+01
3.81521054e-03 1.83598645e+00 9.11729162e-02 1.03524520e-01 5.98140362e-02 -1.75027747e-04 2.36213306e+03 2.84586840e+01
3.84197974e-03 1.83598377e+00 8.92101696e-02 1.00882590e-01 5.80884449e-02 -1.59854699e-04 2.37870682e+03 2.84586425e+01
3.86875047e-03 1.83598060e+00 8.73463301e-02 9.83437164e-02 5.64207021e-02 -1.45822468e-04 2.39528154e+03 2.84585935e+01
3.89552250e-03 1.83597687e+00 8.55818629e-02 9.59038800e-02 5.48168168e-02 -1.34461122e-04 2.41185706e+03 2.84585357e+01
3.92229560e-03 1.83597250e+00 8.39076903e-02 9.35611494e-02 5.32942361e-02 -1.26032010e-04 2.42843324e+03 2.84584681e+01
3.94906955e-03 1.83596758e+00 8.23032818e-02 9.13162148e-02 5.18445465e-02 -1.19376870e-04 2.44500995e+03 2.84583919e+01
3.97584413e-03 1.83596233e+00 8.07528381e-02 8.91691711e-02 5.04470239e-02 -1.12816149e-04 2.46158705e+03 2.84583106e+01
4.00261910e-03 1.83595694e+00 7.92627420e-02 8.71162478e-02 4.91017401e-02 -1.05426436e-04 2.47816439e+03 2.84582272e+01
4.02939424e-03 1.83595145e+00 7.78373682e-02 8.51518633e-02 4.78167518e-02 -9.75372998e-05 2.49474183e+03 2.84581420e+01
4.05616932e-03 1.83594576e+00 7.64675621e-02 8.32691890e-02 4.65969333e-02 -9.01392151e-05 2.51131924e+03 2.84580540e+01
4.08294411e-03 1.83593983e+00 7.51514026e-02 8.14603268e-02 4.54340207e-02 -8.40699780e-05 2.52789647e+03 2.84579621e+01
4.10971840e-03 1.83593366e+00 7.38908092e-02 7.97186864e-02 4.43180884e-02 -7.94178991e-05 2.54447339e+03 2.84578664e+01
4.13649195e-03 1.83592731e+00 7.26841839e-02 7.80397113e-02 4.32471710e-02 -7.54344278e-05 2.56104985e+03 2.84577682e+01
4.16326454e-03 1.83592089e+00 7.15244474e-02 7.64217528e-02 4.22223356e-02 -7.16103173e-05 2.57762572e+03 2.84576686e+01
4.19003594e-03 1.83591441e+00 7.04069540e-02 7.48641214e-02 4.12417914e-02 -6.78223911e-05 2.59420084e+03 2.84575683e+01
4.21680592e-03 1.83590792e+00 6.93337134e-02 7.33638081e-02 4.03035434e-02 -6.37423561e-05 2.61077510e+03 2.84574678e+01
4.24357426e-03 1.83590142e+00 6.83042878e-02 7.19179234e-02 3.93994032e-02 -5.94429507e-05 2.62734833e+03 2.84573670e+01
4.27034073e-03 1.83589487e+00 6.73119659e-02 7.05247777e-02 3.85234641e-02 -5.54383601e-05 2.64392041e+03 2.84572655e+01
4.29710511e-03 1.83588823e+00 6.63503440e-02 6.91819149e-02 3.76837036e-02 -5.22021847e-05 2.66049119e+03 2.84571626e+01
4.32386717e-03 1.83588147e+00 6.54227194e-02 6.78856331e-02 3.68883440e-02 -4.99259112e-05 2.67706054e+03 2.84570579e+01
4.35062668e-03 1.83587460e+00 6.45337265e-02 6.66327544e-02 3.61263803e-02 -4.82758826e-05 2.69362831e+03 2.84569515e+01
4.37738342e-03 1.83586767e+00 6.36785611e-02 6.54213342e-02 3.53868056e-02 -4.65935522e-05 2.71019436e+03 2.84568440e+01
4.40413716e-03 1.83586071e+00 6.28503070e-02 6.42494559e-02 3.46734239e-02 -4.44554351e-05 2.72675856e+03 2.84567362e+01
4.43088768e-03 1.83585377e+00 6.20464323e-02 6.31149309e-02 3.39867803e-02 -4.18453643e-05 2.74332076e+03 2.84566286e+01
4.45763475e-03 1.83584681e+00 6.12666325e-02 6.20162418e-02 3.33234393e-02 -3.91155517e-05 2.75988082e+03 2.84565209e+01
4.48437815e-03 1.83583984e+00 6.05088254e-02 6.09524498e-02 3.26835983e-02 -3.66073042e-05 2.77643861e+03 2.84564127e+01
4.51111764e-03 1.83583283e+00 5.97690448e-02 5.99216993e-02 3.20718604e-02 -3.43461406e-05 2.79299399e+03 2.84563041e+01
4.53785301e-03 1.83582582e+00 5.90484381e-02 5.89209716e-02 3.14890239e-02 -3.21986926e-05 2.80954681e+03 2.84561955e+01
4.56458403e-03 1.83581885e+00 5.83491810e-02 5.79483083e-02 3.09301328e-02 -2.99647410e-05 2.82609694e+03 2.84560874e+01
4.59131047e-03 1.83581193e+00 5.76666370e-02 5.70033662e-02 3.03919294e-02 -2.75554151e-05 2.84264424e+03 2.84559803e+01
4.61803212e-03 1.83580506e+00 5.69984314e-02 5.60849780e-02 2.98702668e-02 -2.50753046e-05 2.85918856e+03 2.84558738e+01
4.64474874e-03 1.83579821e+00 5.63509109e-02 5.51900404e-02 2.93649208e-02 -2.26075382e-05 2.87572977e+03 2.84557676e+01
4.67146011e-03 1.83579134e+00 5.57298467e-02 5.43155516e-02 2.88778376e-02 -2.01338461e-05 2.89226774e+03 2.84556611e+01
4.69816601e-03 1.83578445e+00 5.51346067e-02 5.34607858e-02 2.83987311e-02 -1.75825346e-05 2.90880231e+03 2.84555544e+01
4.72486621e-03 1.83577756e+00 5.45608787e-02 5.26263915e-02 2.79189420e-02 -1.48367650e-05 2.92533336e+03 2.84554476e+01
4.75156048e-03 1.83577067e+00 5.40058320e-02 5.18125967e-02 2.74463366e-02 -1.19297785e-05 2.94186074e+03 2.84553409e+01
4.77824862e-03 1.83576377e+00 5.34693080e-02 5.10194814e-02 2.69850521e-02 -9.10070738e-06 2.95838432e+03 2.84552339e+01
4.80493038e-03 1.83575684e+00 5.29501877e-02 5.02471127e-02 2.65326195e-02 -6.55894075e-06 2.97490395e+03 2.84551264e+01
4.83160556e-03 1.83574986e+00 5.24461349e-02 4.94952516e-02 2.60906521e-02 -4.33303572e-06 2.99141950e+03 2.84550183e+01
4.85827392e-03 1.83574286e+00 5.19568281e-02 4.87634151e-02 2.56614551e-02 -2.33284218e-06 3.00793084e+03 2.84549098e+01
4.88493524e-03 1.83573584e+00 5.14842025e-02 4.80508032e-02 2.52450662e-02 -5.05781299e-07 3.02443781e+03 2.84548010e+01
4.91158930e-03 1.83572881e+00 5.10292856e-02 4.73564276e-02 2.48420033e-02 1.10720923e-06 3.04094029e+03 2.84546920e+01
4.93823588e-03 1.83572174e+00 5.05908267e-02 4.66795661e-02 2.44527538e-02 2.41884081e-06 3.05743814e+03 2.84545824e+01
4.96487475e-03 1.83571463e+00 5.01675503e-02 4.60198172e-02 2.40757633e-02 3.41178250e-06 3.07393122e+03 2.84544722e+01
4.99150570e-03 1.83570749e+00 4.97579245e-02 4.53767381e-02 2.37099552e-02 4.21322877e-06 3.09041939e+03 2.84543616e+01
5.01812850e-03 1.83570034e+00 4.93600686e-02 4.47497643e-02 2.33510054e-02 4.96897645e-06 3.10690252e+03 2.84542508e+01
5.04474294e-03 1.83569319e+00 4.89736673e-02 4.41381425e-02 2.29958102e-02 5.71451433e-06 3.12338046e+03 2.84541400e+01
5.07134878e-03 1.83568604e+00 4.85987696e-02 4.35410618e-02 2.26499673e-02 6.41118521e-06 3.13985309e+03 2.84540291e+01
5.09794581e-03 1.83567888e+00 4.82346524e-02 4.29579922e-02 2.23177865e-02 7.04517125e-06 3.15632026e+03 2.84539182e+01
5.12453381e-03 1.83567172e+00 4.78809121e-02 4.23886857e-02 2.19977501e-02 7.64593204e-06 3.17278184e+03 2.84538073e+01
5.15111255e-03 1.83566457e+00 4.75375347e-02 4.18327546e-02 2.16882029e-02 8.25133106e-06 3.18923769e+03 2.84536964e+01
5.17768183e-03 1.83565742e+00 4.72045868e-02 4.12895163e-02 2.13882322e-02 8.87406993e-06 3.20568768e+03 2.84535856e+01
5.20424141e-03 1.83565029e+00 4.68815181e-02 4.07581902e-02 2.10964095e-02 9.47817798e-06 3.22213166e+03 2.84534750e+01
5.23079109e-03 1.83564315e+00 4.65670433e-02 4.02381822e-02 2.08102500e-02 1.00057462e-05 3.23856952e+03 2.84533645e+01
5.25733063e-03 1.83563602e+00 4.62603481e-02 3.97293936e-02 2.05280814e-02 1.04300620e-05 3.25500110e+03 2.84532539e+01
5.28385983e-03 1.83562888e+00 4.59615010e-02 3.92322022e-02 2.02506204e-02 1.07705672e-05 3.27142627e+03 2.84531432e+01
5.31037846e-03 1.83562174e+00 4.56706259e-02 3.87469958e-02 1.99787368e-02 1.10686228e-05 3.28784490e+03 2.84530326e+01
5.33688631e-03 1.83561461e+00 4.53877699e-02 3.82735950e-02 1.97133751e-02 1.13680804e-05 3.30425686e+03 2.84529220e+01
5.36338316e-03 1.83560748e+00 4.51127977e-02 3.78112611e-02 1.94551055e-02 1.16926317e-05 3.32066200e+03 2.84528116e+01
5.38986879e-03 1.83560036e+00 4.48452285e-02 3.73591788e-02 1.92034551e-02 1.20314225e-05 3.33706020e+03 2.84527012e+01
5.41634298e-03 1.83559325e+00 4.45846714e-02 3.69167138e-02 1.89579137e-02 1.23614635e-05 3.35345132e+03 2.84525910e+01
5.44280552e-03 1.83558614e+00 4.43309285e-02 3.64834095e-02 1.87180611e-02 1.26740123e-05 3.36983522e+03 2.84524807e+01
5.46925620e-03 1.83557903e+00 4.40838226e-02 3.60589309e-02 1.84835775e-02 1.29734059e-05 3.38621178e+03 2.84523706e+01
5.49569479e-03 1.83557193e+00 4.38431119e-02 3.56430014e-02 1.82541297e-02 1.32637409e-05 3.40258086e+03 2.84522605e+01
5.52212108e-03 1.83556484e+00 4.36085507e-02 3.52353545e-02 1.80293758e-02 1.35457220e-05 3.41894232e+03 2.84521506e+01
5.54853487e-03 1.83555775e+00 4.33799290e-02 3.48357262e-02 1.78090483e-02 1.38200314e-05 3.43529603e+03 2.84520408e+01
5.57493592e-03 1.83555067e+00 4.31570580e-02 3.44438666e-02 1.75929510e-02 1.40880489e-05 3.45164187e+03 2.84519310e+01
5.60132403e-03 1.83554360e+00 4.29397723e-02 3.40595295e-02 1.73810707e-02 1.43513129e-05 3.46797969e+03 2.84518214e+01
5.62769899e-03 1.83553653e+00 4.27279009e-02 3.36824777e-02 1.71734682e-02 1.46111044e-05 3.48430937e+03 2.84517119e+01
5.65406058e-03 1.83552948e+00 4.25212507e-02 3.33125023e-02 1.69700230e-02 1.48675950e-05 3.50063077e+03 2.84516026e+01
5.68040859e-03 1.83552243e+00 4.23196467e-02 3.29494103e-02 1.67705366e-02 1.51200404e-05 3.51694377e+03 2.84514933e+01
5.70674281e-03 1.83551539e+00 4.21229422e-02 3.25930077e-02 1.65748687e-02 1.53679171e-05 3.53324822e+03 2.84513842e+01
5.73306302e-03 1.83550835e+00 4.19309957e-02 3.22431045e-02 1.63829026e-02 1.56112201e-05 3.54954400e+03 2.84512752e+01
5.75936902e-03 1.83550133e+00 4.17436652e-02 3.18995207e-02 1.61945273e-02 1.58501154e-05 3.56583099e+03 2.84511663e+01
5.78566060e-03 1.83549431e+00 4.15608135e-02 3.15620863e-02 1.60096420e-02 1.60847690e-05 3.58210904e+03 2.84510575e+01
5.81193753e-03 1.83548730e+00 4.13823099e-02 3.12306389e-02 1.58281506e-02 1.63153425e-05 3.59837803e+03 2.84509488e+01
5.83819962e-03 1.83548030e+00 4.12080292e-02 3.09050224e-02 1.56499608e-02 1.65419962e-05 3.61463782e+03 2.84508403e+01
5.86444666e-03 1.83547330e+00 4.10378505e-02 3.05850868e-02 1.54749839e-02 1.67648783e-05 3.63088830e+03 2.84507319e+01
5.89067843e-03 1.83546631e+00 4.08716568e-02 3.02706875e-02 1.53031357e-02 1.69841232e-05 3.64712933e+03 2.84506236e+01
5.91689473e-03 1.83545934e+00 4.07093357e-02 2.99616852e-02 1.51343349e-02 1.71998594e-05 3.66336077e+03 2.84505154e+01
5.94309535e-03 1.83545236e+00 4.05507785e-02 2.96579455e-02 1.49685031e-02 1.74122117e-05 3.67958251e+03 2.84504073e+01
5.96928008e-03 1.83544540e+00 4.03958802e-02 2.93593386e-02 1.48055649e-02 1.76212985e-05 3.69579442e+03 2.84502994e+01
5.99544872e-03 1.83543845e+00 4.02445396e-02 2.90657391e-02 1.46454472e-02 1.78272316e-05 3.71199636e+03 2.84501916e+01
6.02160106e-03 1.83543150e+00 4.00966587e-02 2.87770257e-02 1.44880799e-02 1.80301184e-05 3.72818820e+03 2.84500839e+01
6.04773690e-03 1.83542456e+00 3.99521428e-02 2.84930813e-02 1.43333950e-02 1.82300642e-05 3.74436983e+03 2.84499763e+01
6.07385602e-03 1.83541763e+00 3.98109004e-02 2.82137924e-02 1.41813269e-02 1.84271700e-05 3.76054112e+03 2.84498689e+01
6.09995823e-03 1.83541070e+00 3.96728431e-02 2.79390492e-02 1.40318121e-02 1.86215330e-05 3.77670193e+03 2.84497616e+01
6.12604332e-03 1.83540379e+00 3.95378853e-02 2.76687455e-02 1.38847892e-02 1.88132455e-05 3.79285214e+03 2.84496544e+01
6.15211109e-03 1.83539688e+00 3.94059443e-02 2.74027784e-02 1.37401989e-02 1.90023965e-05 3.80899162e+03 2.84495474e+01
6.17816133e-03 1.83538999e+00 3.92769399e-02 2.71410482e-02 1.35979836e-02 1.91890687e-05 3.82512026e+03 2.84494405e+01
6.20419385e-03 1.83538310e+00 3.91507944e-02 2.68834582e-02 1.34580877e-02 1.93733417e-05 3.84123792e+03 2.84493337e+01
6.23020844e-03 1.83537622e+00 3.90274328e-02 2.66299147e-02 1.33204572e-02 1.95552911e-05 3.85734448e+03 2.84492270e+01
6.25620490e-03 1.83536934e+00 3.89067822e-02 2.63803270e-02 1.31850400e-02 1.97349903e-05 3.87343981e+03 2.84491205e+01
6.28218302e-03 1.83536248e+00 3.87887720e-02 2.61346068e-02 1.30517852e-02 1.99125107e-05 3.88952380e+03 2.84490141e+01
6.30814262e-03 1.83535562e+00 3.86733338e-02 2.58926688e-02 1.29206439e-02 2.00879200e-05 3.90559631e+03 2.84489078e+01
6.33408349e-03 1.83534878e+00 3.85604014e-02 2.56544299e-02 1.27915684e-02 2.02612896e-05 3.92165723e+03 2.84488017e+01
6.36000542e-03 1.83534194e+00 3.84499107e-02 2.54198096e-02 1.26645125e-02 2.04326844e-05 3.93770643e+03 2.84486957e+01
6.38590823e-03 1.83533511e+00 3.83417994e-02 2.51887296e-02 1.25394315e-02 2.06021629e-05 3.95374378e+03 2.84485898e+01
6.41179172e-03 1.83532828e+00 3.82360073e-02 2.49611142e-02 1.24162817e-02 2.07697727e-05 3.96976917e+03 2.84484841e+01
6.43765569e-03 1.83532147e+00 3.81324758e-02 2.47368894e-02 1.22950210e-02 2.09355768e-05 3.98578248e+03 2.84483785e+01
6.46349994e-03 1.83531467e+00 3.80311477e-02 2.45159836e-02 1.21756084e-02 2.10996573e-05 4.00178357e+03 2.84482730e+01
6.48932427e-03 1.83530787e+00 3.79319682e-02 2.42983272e-02 1.20580038e-02 2.12620733e-05 4.01777234e+03 2.84481677e+01
6.51512850e-03 1.83530108e+00 3.78348843e-02 2.40838525e-02 1.19421689e-02 2.14228244e-05 4.03374866e+03 2.84480624e+01
6.54091242e-03 1.83529430e+00 3.77398442e-02 2.38724935e-02 1.18280660e-02 2.15819528e-05 4.04971241e+03 2.84479574e+01
6.56667585e-03 1.83528753e+00 3.76467973e-02 2.36641865e-02 1.17156584e-02 2.17395161e-05 4.06566347e+03 2.84478524e+01
6.59241859e-03 1.83528077e+00 3.75556945e-02 2.34588690e-02 1.16049105e-02 2.18955709e-05 4.08160171e+03 2.84477476e+01
6.61814044e-03 1.83527402e+00 3.74664883e-02 2.32564806e-02 1.14957877e-02 2.20501650e-05 4.09752703e+03 2.84476429e+01
6.64384123e-03 1.83526727e+00 3.73791327e-02 2.30569624e-02 1.13882564e-02 2.22033361e-05 4.11343931e+03 2.84475384e+01
6.66952074e-03 1.83526053e+00 3.72935829e-02 2.28602570e-02 1.12822840e-02 2.23551267e-05 4.12933841e+03 2.84474340e+01
6.69517880e-03 1.83525381e+00 3.72097955e-02 2.26663086e-02 1.11778386e-02 2.25055725e-05 4.14522423e+03 2.84473297e+01
6.72081521e-03 1.83524709e+00 3.71277281e-02 2.24750629e-02 1.10748894e-02 2.26547121e-05 4.16109665e+03 2.84472255e+01
6.74642978e-03 1.83524038e+00 3.70473398e-02 2.22864670e-02 1.09734061e-02 2.28025820e-05 4.17695554e+03 2.84471215e+01
6.77202233e-03 1.83523367e+00 3.69685905e-02 2.21004694e-02 1.08733595e-02 2.29492172e-05 4.19280081e+03 2.84470176e+01
6.79759267e-03 1.83522698e+00 3.68914415e-02 2.19170199e-02 1.07747210e-02 2.30946524e-05 4.20863232e+03 2.84469139e+01
6.82314061e-03 1.83522029e+00 3.68158552e-02 2.17360697e-02 1.06774628e-02 2.32389191e-05 4.22444995e+03 2.84468102e+01
6.84866596e-03 1.83521362e+00 3.67417949e-02 2.15575710e-02 1.05815579e-02 2.33820499e-05 4.24025361e+03 2.84467067e+01
6.87416854e-03 1.83520695e+00 3.66692250e-02 2.13814776e-02 1.04869799e-02 2.35240739e-05 4.25604317e+03 2.84466034e+01
6.89964816e-03 1.83520029e+00 3.65981108e-02 2.12077441e-02 1.03937031e-02 2.36650206e-05 4.27181851e+03 2.84465002e+01
6.92510464e-03 1.83519364e+00 3.65284186e-02 2.10363265e-02 1.03017026e-02 2.38049159e-05 4.28757952e+03 2.84463971e+01
6.95053779e-03 1.83518699e+00 3.64601157e-02 2.08671817e-02 1.02109539e-02 2.39437862e-05 4.30332610e+03 2.84462941e+01
6.97594743e-03 1.83518036e+00 3.63931700e-02 2.07002679e-02 1.01214333e-02 2.40816565e-05 4.31905811e+03 2.84461912e+01
7.00133338e-03 1.83517373e+00 3.63275506e-02 2.05355442e-02 1.00331176e-02 2.42185526e-05 4.33477546e+03 2.84460885e+01
7.02669546e-03 1.83516712e+00 3.62632271e-02 2.03729705e-02 9.94598415e-03 2.43544992e-05 4.35047803e+03 2.84459860e+01
7.05203349e-03 1.83516051e+00 3.62001703e-02 2.02125081e-02 9.86001094e-03 2.44895203e-05 4.36616571e+03 2.84458835e+01
7.07734729e-03 1.83515390e+00 3.61383514e-02 2.00541189e-02 9.77517643e-03 2.46236391e-05 4.38183839e+03 2.84457812e+01
7.10263667e-03 1.83514731e+00 3.60777426e-02 1.98977659e-02 9.69145965e-03 2.47568782e-05 4.39749594e+03 2.84456790e+01
7.12790146e-03 1.83514073e+00 3.60183167e-02 1.97434128e-02 9.60884010e-03 2.48892596e-05 4.41313828e+03 2.84455769e+01
7.15314148e-03 1.83513415e+00 3.59600475e-02 1.95910244e-02 9.52729782e-03 2.50208038e-05 4.42876528e+03 2.84454750e+01
7.17835656e-03 1.83512758e+00 3.59029090e-02 1.94405661e-02 9.44681332e-03 2.51515300e-05 4.44437683e+03 2.84453731e+01
7.20354652e-03 1.83512102e+00 3.58468764e-02 1.92920044e-02 9.36736757e-03 2.52814564e-05 4.45997284e+03 2.84452715e+01
7.22871118e-03 1.83511447e+00 3.57919252e-02 1.91453064e-02 9.28894200e-03 2.54106012e-05 4.47555318e+03 2.84451699e+01
7.25385037e-03 1.83510792e+00 3.57380315e-02 1.90004398e-02 9.21151851e-03 2.55389820e-05 4.49111775e+03 2.84450684e+01
7.27896391e-03 1.83510139e+00 3.56851722e-02 1.88573734e-02 9.13507940e-03 2.56666163e-05 4.50666644e+03 2.84449671e+01
7.30405164e-03 1.83509486e+00 3.56333248e-02 1.87160764e-02 9.05960739e-03 2.57935210e-05 4.52219914e+03 2.84448659e+01
7.32911338e-03 1.83508834e+00 3.55824672e-02 1.85765190e-02 8.98508560e-03 2.59197123e-05 4.53771576e+03 2.84447649e+01
7.35414895e-03 1.83508182e+00 3.55325780e-02 1.84386718e-02 8.91149752e-03 2.60452062e-05 4.55321618e+03 2.84446639e+01
7.37915819e-03 1.83507532e+00 3.54836363e-02 1.83025062e-02 8.83882704e-03 2.61700185e-05 4.56870029e+03 2.84445631e+01
7.40414093e-03 1.83506882e+00 3.54356217e-02 1.81679942e-02 8.76705840e-03 2.62941641e-05 4.58416800e+03 2.84444624e+01
7.42909700e-03 1.83506233e+00 3.53885144e-02 1.80351084e-02 8.69617619e-03 2.64176571e-05 4.59961919e+03 2.84443618e+01
7.45402623e-03 1.83505585e+00 3.53422950e-02 1.79038220e-02 8.62616534e-03 2.65405109e-05 4.61505377e+03 2.84442614e+01
7.47892846e-03 1.83504938e+00 3.52969446e-02 1.77741090e-02 8.55701115e-03 2.66627388e-05 4.63047163e+03 2.84441610e+01
7.50380351e-03 1.83504291e+00 3.52524447e-02 1.76459438e-02 8.48869921e-03 2.67843540e-05 4.64587266e+03 2.84440608e+01
7.52865124e-03 1.83503646e+00 3.52087773e-02 1.75193012e-02 8.42121546e-03 2.69053695e-05 4.66125677e+03 2.84439607e+01
7.55347146e-03 1.83503000e+00 3.51659250e-02 1.73941569e-02 8.35454615e-03 2.70257975e-05 4.67662386e+03 2.84438607e+01
7.57826402e-03 1.83502356e+00 3.51238706e-02 1.72704868e-02 8.28867784e-03 2.71456497e-05 4.69197382e+03 2.84437608e+01
7.60302876e-03 1.83501713e+00 3.50825974e-02 1.71482676e-02 8.22359735e-03 2.72649377e-05 4.70730655e+03 2.84436611e+01
7.62776551e-03 1.83501070e+00 3.50420892e-02 1.70274762e-02 8.15929181e-03 2.73836726e-05 4.72262196e+03 2.84435614e+01
7.65247412e-03 1.83500428e+00 3.50023302e-02 1.69080902e-02 8.09574863e-03 2.75018651e-05 4.73791994e+03 2.84434619e+01
7.67715442e-03 1.83499786e+00 3.49633048e-02 1.67900876e-02 8.03295545e-03 2.76195249e-05 4.75320040e+03 2.84433625e+01
7.70180626e-03 1.83499146e+00 3.49249979e-02 1.66734468e-02 7.97090022e-03 2.77366614e-05 4.76846323e+03 2.84432632e+01
7.72642948e-03 1.83498506e+00 3.48873947e-02 1.65581468e-02 7.90957109e-03 2.78532841e-05 4.78370835e+03 2.84431640e+01
7.75102392e-03 1.83497867e+00 3.48504808e-02 1.64441668e-02 7.84895650e-03 2.79694028e-05 4.79893564e+03 2.84430649e+01
7.77558943e-03 1.83497228e+00 3.48142421e-02 1.63314867e-02 7.78904514e-03 2.80850268e-05 4.81414502e+03 2.84429660e+01
7.80012584e-03 1.83496590e+00 3.47786648e-02 1.62200866e-02 7.72982593e-03 2.82001651e-05 4.82933639e+03 2.84428671e+01
7.82463301e-03 1.83495953e+00 3.47437355e-02 1.61099472e-02 7.67128801e-03 2.83148267e-05 4.84450966e+03 2.84427684e+01
7.84911079e-03 1.83495317e+00 3.47094411e-02 1.60010494e-02 7.61342079e-03 2.84290203e-05 4.85966472e+03 2.84426697e+01
7.87355901e-03 1.83494681e+00 3.46757689e-02 1.58933747e-02 7.55621387e-03 2.85427546e-05 4.87480149e+03 2.84425712e+01
7.89797753e-03 1.83494046e+00 3.46427062e-02 1.57869046e-02 7.49965708e-03 2.86560376e-05 4.88991987e+03 2.84424728e+01
7.92236619e-03 1.83493412e+00 3.46102409e-02 1.56816215e-02 7.44374043e-03 2.87688765e-05 4.90501976e+03 2.84423744e+01
7.94672486e-03 1.83492778e+00 3.45783610e-02 1.55775076e-02 7.38845417e-03 2.88812787e-05 4.92010108e+03 2.84422762e+01
7.97105336e-03 1.83492145e+00 3.45470549e-02 1.54745459e-02 7.33378872e-03 2.89932511e-05 4.93516372e+03 2.84421781e+01
7.99535157e-03 1.83491513e+00 3.45163112e-02 1.53727195e-02 7.27973469e-03 2.91048008e-05 4.95020761e+03 2.84420801e+01
8.01961933e-03 1.83490882e+00 3.44861187e-02 1.52720117e-02 7.22628283e-03 2.92159351e-05 4.96523265e+03 2.84419822e+01
8.04385650e-03 1.83490251e+00 3.44564665e-02 1.51724064e-02 7.17342415e-03 2.93266598e-05 4.98023874e+03 2.84418844e+01
8.06806290e-03 1.83489620e+00 3.44273441e-02 1.50738878e-02 7.12114984e-03 2.94369809e-05 4.99522579e+03 2.84417867e+01
8.09223843e-03 1.83488991e+00 3.43987410e-02 1.49764402e-02 7.06945125e-03 2.95469087e-05 5.01019373e+03 2.84416891e+01
8.11638298e-03 1.83488362e+00 3.43706471e-02 1.48800480e-02 7.01831977e-03 2.96564499e-05 5.02514248e+03 2.84415916e+01
8.14049627e-03 1.83487733e+00 3.43430522e-02 1.47846969e-02 6.96774689e-03 2.97656011e-05 5.04007188e+03 2.84414942e+01
8.16457822e-03 1.83487105e+00 3.43159469e-02 1.46903717e-02 6.91772469e-03 2.98743701e-05 5.05498187e+03 2.84413969e+01
8.18862890e-03 1.83486478e+00 3.42893220e-02 1.45970574e-02 6.86824574e-03 2.99827826e-05 5.06987251e+03 2.84412997e+01
8.21264794e-03 1.83485852e+00 3.42631680e-02 1.45047406e-02 6.81930182e-03 3.00908358e-05 5.08474355e+03 2.84412026e+01
8.23663482e-03 1.83485226e+00 3.42374748e-02 1.44134087e-02 6.77088358e-03 3.01984938e-05 5.09959469e+03 2.84411056e+01
8.26059017e-03 1.83484601e+00 3.42122338e-02 1.43230454e-02 6.72298364e-03 3.03057798e-05 5.11442630e+03 2.84410087e+01
8.28451428e-03 1.83483976e+00 3.41874383e-02 1.42336355e-02 6.67559849e-03 3.04127716e-05 5.12923857e+03 2.84409118e+01
8.30840520e-03 1.83483352e+00 3.41630806e-02 1.41451728e-02 6.62872209e-03 3.05194423e-05 5.14403029e+03 2.84408151e+01
8.33226238e-03 1.83482729e+00 3.41391482e-02 1.40576455e-02 6.58233958e-03 3.06256750e-05 5.15880113e+03 2.84407185e+01
8.35608977e-03 1.83482106e+00 3.41156298e-02 1.39710262e-02 6.53643759e-03 3.07315097e-05 5.17355351e+03 2.84406219e+01
8.37988748e-03 1.83481483e+00 3.40925236e-02 1.38853020e-02 6.49102136e-03 3.08371256e-05 5.18828752e+03 2.84405254e+01
8.40364599e-03 1.83480861e+00 3.40698319e-02 1.38004942e-02 6.44610360e-03 3.09425036e-05 5.20299727e+03 2.84404291e+01
8.42736515e-03 1.83480241e+00 3.40475394e-02 1.37165899e-02 6.40166317e-03 3.10474441e-05 5.21768265e+03 2.84403328e+01
8.45107819e-03 1.83479620e+00 3.40256049e-02 1.36334603e-02 6.35762552e-03 3.11520252e-05 5.23236423e+03 2.84402366e+01
8.47483871e-03 1.83478997e+00 3.40039796e-02 1.35509107e-02 6.31389918e-03 3.12566694e-05 5.24707522e+03 2.84401400e+01
8.49868083e-03 1.83478372e+00 3.39826337e-02 1.34688201e-02 6.27042818e-03 3.13616409e-05 5.26183673e+03 2.84400432e+01
8.52260567e-03 1.83477744e+00 3.39615603e-02 1.33871829e-02 6.22720226e-03 3.14668248e-05 5.27664945e+03 2.84399459e+01
8.54660499e-03 1.83477114e+00 3.39407606e-02 1.33060257e-02 6.18422780e-03 3.15720814e-05 5.29150829e+03 2.84398483e+01
8.57068013e-03 1.83476482e+00 3.39202327e-02 1.32253424e-02 6.14150471e-03 3.16774821e-05 5.30641406e+03 2.84397503e+01
8.59483629e-03 1.83475848e+00 3.38999720e-02 1.31451141e-02 6.09902752e-03 3.17831222e-05 5.32137000e+03 2.84396519e+01
8.61907420e-03 1.83475210e+00 3.38799749e-02 1.30653370e-02 6.05679248e-03 3.18889777e-05 5.33637656e+03 2.84395531e+01
8.64339321e-03 1.83474571e+00 3.38602386e-02 1.29860119e-02 6.01479756e-03 3.19950117e-05 5.35143333e+03 2.84394540e+01
8.66779492e-03 1.83473928e+00 3.38407601e-02 1.29071324e-02 5.97304000e-03 3.21012478e-05 5.36654130e+03 2.84393544e+01
8.69228126e-03 1.83473283e+00 3.38215361e-02 1.28286911e-02 5.93151668e-03 3.22077103e-05 5.38170167e+03 2.84392544e+01
8.71685308e-03 1.83472636e+00 3.38025638e-02 1.27506844e-02 5.89022485e-03 3.23143955e-05 5.39691495e+03 2.84391540e+01
8.74151132e-03 1.83471985e+00 3.37838400e-02 1.26731082e-02 5.84916194e-03 3.24213044e-05 5.41218175e+03 2.84390532e+01
8.76625744e-03 1.83471332e+00 3.37653621e-02 1.25959573e-02 5.80832523e-03 3.25284503e-05 5.42750296e+03 2.84389520e+01
8.79109271e-03 1.83470676e+00 3.37471270e-02 1.25192269e-02 5.76771206e-03 3.26358406e-05 5.44287936e+03 2.84388503e+01
8.81601828e-03 1.83470017e+00 3.37291320e-02 1.24429128e-02 5.72731987e-03 3.27434793e-05 5.45831167e+03 2.84387482e+01
8.84103542e-03 1.83469355e+00 3.37113743e-02 1.23670105e-02 5.68714615e-03 3.28513740e-05 5.47380068e+03 2.84386456e+01
8.86614547e-03 1.83468691e+00 3.36938513e-02 1.22915157e-02 5.64718837e-03 3.29595325e-05 5.48934720e+03 2.84385425e+01
8.89134968e-03 1.83468023e+00 3.36765602e-02 1.22164240e-02 5.60744411e-03 3.30679621e-05 5.50495203e+03 2.84384390e+01
8.91664937e-03 1.83467352e+00 3.36594984e-02 1.21417313e-02 5.56791093e-03 3.31766692e-05 5.52061597e+03 2.84383350e+01
8.94204587e-03 1.83466678e+00 3.36426635e-02 1.20674334e-02 5.52858648e-03 3.32856629e-05 5.53633986e+03 2.84382305e+01
8.96754053e-03 1.83466000e+00 3.36260528e-02 1.19935263e-02 5.48946839e-03 3.33949498e-05 5.55212451e+03 2.84381256e+01
8.99313470e-03 1.83465320e+00 3.36096641e-02 1.19200059e-02 5.45055443e-03 3.35045378e-05 5.56797077e+03 2.84380201e+01
9.01882976e-03 1.83464636e+00 3.35934947e-02 1.18468683e-02 5.41184226e-03 3.36144328e-05 5.58387950e+03 2.84379141e+01
9.04462709e-03 1.83463949e+00 3.35775424e-02 1.17741096e-02 5.37332973e-03 3.37246432e-05 5.59985155e+03 2.84378075e+01
9.07052812e-03 1.83463258e+00 3.35618048e-02 1.17017261e-02 5.33501464e-03 3.38351753e-05 5.61588780e+03 2.84377005e+01
9.09653427e-03 1.83462564e+00 3.35462795e-02 1.16297138e-02 5.29689475e-03 3.39460423e-05 5.63198914e+03 2.84375929e+01
9.12264699e-03 1.83461866e+00 3.35309645e-02 1.15580695e-02 5.25896813e-03 3.40572414e-05 5.64815645e+03 2.84374847e+01
9.14886774e-03 1.83461165e+00 3.35158574e-02 1.14867891e-02 5.22123250e-03 3.41687860e-05 5.66439066e+03 2.84373760e+01
9.17519800e-03 1.83460460e+00 3.35009560e-02 1.14158694e-02 5.18368591e-03 3.42806815e-05 5.68069266e+03 2.84372667e+01
9.20163929e-03 1.83459751e+00 3.34862582e-02 1.13453068e-02 5.14632624e-03 3.43929374e-05 5.69706341e+03 2.84371569e+01
9.22819311e-03 1.83459039e+00 3.34717619e-02 1.12750979e-02 5.10915155e-03 3.45055611e-05 5.71350383e+03 2.84370464e+01
9.25486102e-03 1.83458322e+00 3.34574651e-02 1.12052394e-02 5.07215984e-03 3.46185599e-05 5.73001488e+03 2.84369354e+01
9.28164457e-03 1.83457602e+00 3.34433657e-02 1.11357280e-02 5.03534914e-03 3.47319416e-05 5.74659753e+03 2.84368237e+01
9.30854536e-03 1.83456877e+00 3.34294618e-02 1.10665603e-02 4.99871757e-03 3.48457138e-05 5.76325277e+03 2.84367114e+01
9.33556498e-03 1.83456149e+00 3.34157514e-02 1.09977333e-02 4.96226322e-03 3.49598839e-05 5.77998158e+03 2.84365985e+01
9.36270506e-03 1.83455416e+00 3.34022326e-02 1.09292437e-02 4.92598422e-03 3.50744604e-05 5.79678497e+03 2.84364849e+01
9.38996725e-03 1.83454679e+00 3.33889036e-02 1.08610884e-02 4.88987877e-03 3.51894505e-05 5.81366397e+03 2.84363707e+01
9.41735321e-03 1.83453938e+00 3.33757625e-02 1.07932645e-02 4.85394507e-03 3.53048627e-05 5.83061960e+03 2.84362558e+01
9.44486465e-03 1.83453192e+00 3.33628074e-02 1.07257689e-02 4.81818138e-03 3.54207048e-05 5.84765291e+03 2.84361402e+01
9.47250328e-03 1.83452442e+00 3.33500367e-02 1.06585989e-02 4.78258599e-03 3.55369850e-05 5.86476498e+03 2.84360240e+01
9.50027085e-03 1.83451688e+00 3.33374486e-02 1.05917515e-02 4.74715723e-03 3.56537116e-05 5.88195686e+03 2.84359070e+01
9.52816910e-03 1.83450928e+00 3.33250413e-02 1.05252239e-02 4.71189345e-03 3.57708930e-05 5.89922967e+03 2.84357893e+01
9.55619984e-03 1.83450164e+00 3.33128131e-02 1.04590136e-02 4.67679302e-03 3.58885378e-05 5.91658450e+03 2.84356709e+01
9.58436488e-03 1.83449396e+00 3.33007624e-02 1.03931177e-02 4.64185437e-03 3.60066547e-05 5.93402248e+03 2.84355517e+01
9.61266605e-03 1.83448622e+00 3.32888875e-02 1.03275337e-02 4.60707591e-03 3.61252526e-05 5.95154475e+03 2.84354318e+01
9.64110523e-03 1.83447843e+00 3.32771868e-02 1.02622589e-02 4.57245611e-03 3.62443409e-05 5.96915246e+03 2.84353111e+01
9.66968430e-03 1.83447060e+00 3.32656587e-02 1.01972909e-02 4.53799344e-03 3.63639289e-05 5.98684679e+03 2.84351897e+01
9.69840519e-03 1.83446271e+00 3.32543016e-02 1.01326272e-02 4.50368640e-03 3.64840259e-05 6.00462891e+03 2.84350674e+01
9.72726983e-03 1.83445477e+00 3.32431141e-02 1.00682653e-02 4.46953350e-03 3.66046408e-05 6.02250004e+03 2.84349443e+01
9.75628021e-03 1.83444678e+00 3.32320948e-02 1.00042029e-02 4.43553327e-03 3.67257823e-05 6.04046140e+03 2.84348204e+01
9.78543832e-03 1.83443873e+00 3.32212421e-02 9.94043766e-03 4.40168425e-03 3.68474592e-05 6.05851423e+03 2.84346957e+01
9.81474621e-03 1.83443062e+00 3.32105546e-02 9.87696720e-03 4.36798501e-03 3.69696802e-05 6.07665979e+03 2.84345701e+01
9.84420593e-03 1.83442247e+00 3.32000311e-02 9.81378935e-03 4.33443412e-03 3.70924541e-05 6.09489935e+03 2.84344436e+01
9.87381958e-03 1.83441425e+00 3.31896701e-02 9.75090192e-03 4.30103019e-03 3.72157901e-05 6.11323422e+03 2.84343162e+01
9.90358928e-03 1.83440597e+00 3.31794703e-02 9.68830277e-03 4.26777188e-03 3.73396981e-05 6.13166571e+03 2.84341880e+01
9.93351719e-03 1.83439764e+00 3.31694303e-02 9.62598981e-03 4.23465785e-03 3.74641882e-05 6.15019515e+03 2.84340588e+01
9.96360551e-03 1.83438924e+00 3.31595487e-02 9.56396098e-03 4.20168681e-03 3.75892709e-05 6.16882390e+03 2.84339286e+01
9.99385645e-03 1.83438079e+00 3.31498244e-02 9.50221429e-03 4.16885748e-03 3.77149569e-05 6.18755334e+03 2.84337976e+01
1.00242723e-02 1.83437227e+00 3.31402559e-02 9.44074773e-03 4.13616861e-03 3.78412569e-05 6.20638486e+03 2.84336655e+01
1.00548553e-02 1.83436369e+00 3.31308422e-02 9.37955941e-03 4.10361895e-03 3.79681817e-05 6.22531989e+03 2.84335325e+01
1.00856078e-02 1.83435504e+00 3.31215820e-02 9.31864744e-03 4.07120725e-03 3.80957424e-05 6.24435986e+03 2.84333984e+01
1.01165322e-02 1.83434632e+00 3.31124740e-02 9.25801004e-03 4.03893233e-03 3.82239497e-05 6.26350625e+03 2.84332633e+01
1.01476308e-02 1.83433754e+00 3.31035172e-02 9.19764548e-03 4.00679300e-03 3.83528145e-05 6.28276053e+03 2.84331272e+01
1.01789062e-02 1.83432869e+00 3.30947104e-02 9.13755209e-03 3.97478814e-03 3.84823475e-05 6.30212422e+03 2.84329900e+01
1.02103607e-02 1.83431977e+00 3.30860525e-02 9.07772825e-03 3.94291666e-03 3.86125596e-05 6.32159885e+03 2.84328518e+01
1.02419970e-02 1.83431078e+00 3.30775423e-02 9.01817237e-03 3.91117750e-03 3.87434616e-05 6.34118598e+03 2.84327124e+01
1.02738175e-02 1.83430171e+00 3.30691788e-02 8.95888287e-03 3.87956961e-03 3.88750645e-05 6.36088720e+03 2.84325719e+01
1.03058249e-02 1.83429257e+00 3.30609609e-02 8.89985820e-03 3.84809198e-03 3.90073797e-05 6.38070411e+03 2.84324302e+01
1.03380217e-02 1.83428336e+00 3.30528877e-02 8.84109684e-03 3.81674358e-03 3.91404187e-05 6.40063835e+03 2.84322874e+01
1.03704108e-02 1.83427407e+00 3.30449582e-02 8.78259730e-03 3.78552340e-03 3.92741938e-05 6.42069158e+03 2.84321434e+01
1.04029948e-02 1.83426470e+00 3.30371712e-02 8.72435812e-03 3.75443041e-03 3.94087171e-05 6.44086548e+03 2.84319981e+01
1.04357765e-02 1.83425525e+00 3.30295260e-02 8.66637793e-03 3.72346362e-03 3.95440012e-05 6.46116179e+03 2.84318517e+01
1.04687586e-02 1.83424572e+00 3.30220215e-02 8.60865539e-03 3.69262204e-03 3.96800586e-05 6.48158223e+03 2.84317039e+01
1.05019442e-02 1.83423610e+00 3.30146568e-02 8.55118925e-03 3.66190472e-03 3.98169018e-05 6.50212859e+03 2.84315549e+01
1.05353360e-02 1.83422641e+00 3.30074310e-02 8.49397829e-03 3.63131073e-03 3.99545433e-05 6.52280267e+03 2.84314046e+01
1.05689371e-02 1.83421662e+00 3.30003432e-02 8.43702138e-03 3.60083917e-03 4.00929962e-05 6.54360631e+03 2.84312529e+01
1.06027505e-02 1.83420675e+00 3.29933924e-02 8.38031741e-03 3.57048914e-03 4.02322737e-05 6.56454136e+03 2.84310999e+01
1.06367792e-02 1.83419679e+00 3.29865778e-02 8.32386531e-03 3.54025977e-03 4.03723891e-05 6.58560973e+03 2.84309454e+01
1.06710263e-02 1.83418673e+00 3.29798986e-02 8.26766401e-03 3.51015018e-03 4.05133564e-05 6.60681335e+03 2.84307896e+01
1.07054950e-02 1.83417658e+00 3.29733539e-02 8.21171249e-03 3.48015950e-03 4.06551899e-05 6.62815417e+03 2.84306323e+01
1.07401886e-02 1.83416634e+00 3.29669430e-02 8.15600975e-03 3.45028688e-03 4.07979045e-05 6.64963420e+03 2.84304736e+01
1.07751103e-02 1.83415600e+00 3.29606650e-02 8.10055487e-03 3.42053149e-03 4.09415149e-05 6.67125547e+03 2.84303133e+01
1.08102634e-02 1.83414557e+00 3.29545194e-02 8.04534698e-03 3.39089252e-03 4.10860360e-05 6.69302003e+03 2.84301515e+01
1.08456514e-02 1.83413503e+00 3.29485052e-02 7.99038529e-03 3.36136921e-03 4.12314830e-05 6.71493001e+03 2.84299882e+01
1.08812777e-02 1.83412439e+00 3.29426217e-02 7.93566907e-03 3.33196084e-03 4.13778711e-05 6.73698752e+03 2.84298232e+01
1.09171459e-02 1.83411364e+00 3.29368683e-02 7.88119761e-03 3.30266668e-03 4.15252159e-05 6.75919477e+03 2.84296566e+01
1.09532594e-02 1.83410278e+00 3.29312441e-02 7.82697023e-03 3.27348605e-03 4.16735329e-05 6.78155396e+03 2.84294884e+01
1.09896220e-02 1.83409182e+00 3.29257486e-02 7.77298627e-03 3.24441826e-03 4.18228376e-05 6.80406735e+03 2.84293185e+01
1.10262374e-02 1.83408075e+00 3.29203811e-02 7.71924508e-03 3.21546267e-03 4.19731458e-05 6.82673725e+03 2.84291468e+01
1.10631094e-02 1.83406956e+00 3.29151411e-02 7.66574609e-03 3.18661865e-03 4.21244741e-05 6.84956599e+03 2.84289734e+01
1.11002417e-02 1.83405825e+00 3.29100278e-02 7.61248882e-03 3.15788565e-03 4.22768387e-05 6.87255596e+03 2.84287982e+01
1.11376384e-02 1.83404683e+00 3.29050407e-02 7.55947285e-03 3.12926316e-03 4.24302559e-05 6.89570960e+03 2.84286211e+01
1.11753035e-02 1.83403529e+00 3.29001791e-02 7.50669781e-03 3.10075076e-03 4.25847423e-05 6.91902936e+03 2.84284421e+01
1.12132409e-02 1.83402362e+00 3.28954424e-02 7.45416346e-03 3.07234802e-03 4.27403167e-05 6.94251777e+03 2.84282613e+01
1.12514548e-02 1.83401183e+00 3.28908300e-02 7.40186948e-03 3.04405433e-03 4.28969997e-05 6.96617740e+03 2.84280785e+01
1.12899496e-02 1.83399990e+00 3.28863413e-02 7.34981558e-03 3.01586893e-03 4.30548096e-05 6.99001087e+03 2.84278937e+01
1.13287294e-02 1.83398785e+00 3.28819757e-02 7.29800160e-03 2.98779111e-03 4.32137604e-05 7.01402081e+03 2.84277068e+01
1.13677985e-02 1.83397566e+00 3.28777330e-02 7.24642726e-03 2.95982047e-03 4.33738710e-05 7.03820994e+03 2.84275179e+01
1.14071618e-02 1.83396333e+00 3.28736126e-02 7.19509222e-03 2.93195654e-03 4.35351698e-05 7.06258113e+03 2.84273268e+01
1.14468234e-02 1.83395087e+00 3.28696143e-02 7.14399672e-03 2.90419826e-03 4.36976805e-05 7.08713704e+03 2.84271336e+01
1.14867879e-02 1.83393826e+00 3.28657372e-02 7.09314084e-03 2.87654443e-03 4.38614133e-05 7.11188049e+03 2.84269381e+01
1.15270607e-02 1.83392550e+00 3.28619807e-02 7.04252383e-03 2.84899541e-03 4.40263802e-05 7.13681481e+03 2.84267404e+01
1.15676462e-02 1.83391260e+00 3.28583446e-02 6.99214644e-03 2.82155309e-03 4.41926047e-05 7.16194273e+03 2.84265404e+01
1.16085481e-02 1.83389954e+00 3.28548290e-02 6.94201034e-03 2.79421769e-03 4.43601291e-05 7.18726659e+03 2.84263380e+01
1.16497735e-02 1.83388632e+00 3.28514331e-02 6.89211339e-03 2.76698531e-03 4.45290027e-05 7.21279073e+03 2.84261332e+01
1.16913284e-02 1.83387295e+00 3.28481555e-02 6.84245470e-03 2.73985218e-03 4.46992053e-05 7.23851885e+03 2.84259258e+01
1.17332128e-02 1.83385940e+00 3.28449960e-02 6.79304040e-03 2.71282258e-03 4.48706677e-05 7.26445097e+03 2.84257159e+01
1.17754339e-02 1.83384570e+00 3.28419559e-02 6.74386872e-03 2.68590714e-03 4.50435018e-05 7.29059155e+03 2.84255035e+01
1.18180075e-02 1.83383184e+00 3.28390364e-02 6.69492862e-03 2.65910446e-03 4.52179418e-05 7.31695035e+03 2.84252886e+01
1.18609282e-02 1.83381779e+00 3.28362343e-02 6.64623251e-03 2.63238940e-03 4.53938331e-05 7.34352411e+03 2.84250708e+01
1.19041850e-02 1.83380354e+00 3.28335458e-02 6.59779875e-03 2.60574433e-03 4.55707970e-05 7.37030596e+03 2.84248500e+01
1.19478163e-02 1.83378912e+00 3.28309733e-02 6.54959275e-03 2.57920793e-03 4.57491959e-05 7.39731962e+03 2.84246264e+01
1.19918504e-02 1.83377454e+00 3.28285241e-02 6.50159275e-03 2.55284295e-03 4.59297415e-05 7.42458270e+03 2.84244004e+01
1.20362131e-02 1.83375980e+00 3.28261982e-02 6.45388442e-03 2.52661594e-03 4.61118754e-05 7.45204926e+03 2.84241719e+01
1.20808852e-02 1.83374482e+00 3.28239817e-02 6.40649097e-03 2.50038191e-03 4.62945543e-05 7.47970732e+03 2.84239397e+01
1.21260541e-02 1.83372954e+00 3.28218658e-02 6.35922547e-03 2.47409945e-03 4.64787277e-05 7.50767304e+03 2.84237029e+01
1.21717535e-02 1.83371408e+00 3.28198667e-02 6.31207139e-03 2.44800222e-03 4.66659147e-05 7.53596713e+03 2.84234632e+01
1.22175705e-02 1.83369861e+00 3.28180087e-02 6.26545590e-03 2.42234010e-03 4.68546024e-05 7.56433409e+03 2.84232234e+01
1.22634694e-02 1.83368302e+00 3.28162787e-02 6.21940224e-03 2.39685036e-03 4.70431122e-05 7.59275174e+03 2.84229818e+01
1.23109491e-02 1.83366672e+00 3.28146130e-02 6.17243371e-03 2.37059875e-03 4.72368902e-05 7.62214813e+03 2.84227292e+01
1.23626235e-02 1.83364891e+00 3.28129420e-02 6.12208860e-03 2.34243313e-03 4.74478374e-05 7.65414159e+03 2.84224531e+01
1.24205031e-02 1.83362903e+00 3.28112503e-02 6.06663864e-03 2.31154392e-03 4.76851239e-05 7.68997690e+03 2.84221449e+01
1.24852976e-02 1.83360672e+00 3.28095879e-02 6.00571934e-03 2.27758700e-03 4.79511995e-05 7.73009348e+03 2.84217991e+01
1.25573598e-02 1.83358155e+00 3.28080262e-02 5.93937251e-03 2.24043475e-03 4.82471205e-05 7.77470977e+03 2.84214091e+01
1.26375248e-02 1.83355305e+00 3.28066138e-02 5.86726174e-03 2.19992218e-03 4.85764197e-05 7.82434278e+03 2.84209673e+01
1.27269010e-02 1.83352098e+00 3.28053791e-02 5.78890504e-03 2.15578786e-03 4.89431288e-05 7.87967879e+03 2.84204702e+01
1.28265143e-02 1.83348533e+00 3.28043743e-02 5.70403008e-03 2.10774077e-03 4.93509893e-05 7.94135293e+03 2.84199176e+01
1.29374390e-02 1.83344567e+00 3.28037357e-02 5.61251110e-03 2.05555138e-03 4.98055249e-05 8.01003038e+03 2.84193028e+01
1.30609734e-02 1.83340064e+00 3.28036994e-02 5.51420989e-03 1.99925024e-03 5.03143683e-05 8.08651496e+03 2.84186048e+01
1.31985751e-02 1.83334839e+00 3.28044989e-02 5.40898694e-03 1.93888532e-03 5.08854443e-05 8.17170906e+03 2.84177949e+01
1.33518117e-02 1.83328768e+00 3.28062760e-02 5.29676661e-03 1.87439550e-03 5.15242418e-05 8.26658330e+03 2.84168539e+01
1.35224278e-02 1.83321827e+00 3.28091120e-02 5.17810918e-03 1.80525810e-03 5.22321646e-05 8.37221781e+03 2.84157780e+01
1.37123816e-02 1.83313987e+00 3.28131576e-02 5.05300414e-03 1.73141405e-03 5.30175359e-05 8.48982500e+03 2.84145627e+01
1.39238367e-02 1.83305170e+00 3.28187035e-02 4.92221334e-03 1.65308483e-03 5.38882102e-05 8.62074440e+03 2.84131961e+01
1.41591825e-02 1.83295284e+00 3.28261205e-02 4.78655690e-03 1.57065892e-03 5.48567139e-05 8.76645542e+03 2.84116637e+01
1.44210709e-02 1.83284181e+00 3.28358404e-02 4.64712897e-03 1.48457061e-03 5.59374144e-05 8.92859984e+03 2.84099427e+01
1.47124370e-02 1.83271591e+00 3.28482998e-02 4.50529829e-03 1.39525673e-03 5.71456993e-05 9.10899504e+03 2.84079912e+01
1.50365214e-02 1.83257090e+00 3.28639032e-02 4.36271080e-03 1.30330029e-03 5.84970984e-05 9.30964726e+03 2.84057435e+01
1.53969009e-02 1.83240153e+00 3.28830250e-02 4.22131710e-03 1.20934469e-03 6.00070800e-05 9.53277103e+03 2.84031182e+01
1.57975220e-02 1.83220255e+00 3.29060545e-02 4.08338413e-03 1.11415716e-03 6.16922766e-05 9.78080991e+03 2.84000339e+01
1.62427368e-02 1.83196939e+00 3.29334450e-02 3.95150022e-03 1.01862616e-03 6.35722573e-05 1.00564583e+04 2.83964197e+01
1.67373395e-02 1.83169777e+00 3.29657280e-02 3.82854207e-03 9.23744491e-04 6.56707504e-05 1.03626844e+04 2.83922095e+01
1.72866042e-02 1.83138232e+00 3.30034914e-02 3.71760596e-03 8.30606109e-04 6.80159266e-05 1.07027538e+04 2.83873199e+01
1.78963230e-02 1.83101474e+00 3.30473466e-02 3.62189623e-03 7.40368528e-04 7.06399283e-05 1.10802525e+04 2.83816221e+01
1.85728492e-02 1.83058273e+00 3.30979235e-02 3.54460246e-03 6.54214823e-04 7.35785483e-05 1.14991140e+04 2.83749258e+01
1.93231464e-02 1.83007016e+00 3.31559111e-02 3.48877362e-03 5.73314575e-04 7.68716459e-05 1.19636498e+04 2.83669807e+01
