VARIABLES="Y/c","U","Urms/utau","Vrms/utau","Wrms/utau","<uv>/utau^2","y+",u"+"
0.00000000e+00 0.00000000e+00 0.00000000e+00 0.00000000e+00 0.00000000e+00 0.00000000e+00 0.00000000e+00 0.00000000e+00
1.17796881e-06 1.12430233e-02 1.12447483e-03 1.14047517e-06 1.53459726e-04 8.57117037e-11 3.50781056e-01 3.51547750e-01
2.40051416e-06 2.29596159e-02 2.29101322e-03 1.22202675e-06 2.79741399e-04 2.90592097e-10 7.14836326e-01 7.17903103e-01
3.66921707e-06 3.51719416e-02 3.50169206e-03 2.09941285e-06 3.83611741e-04 8.23885697e-10 1.09263661e+00 1.09975908e+00
4.98570586e-06 4.79003919e-02 4.75840695e-03 1.77776818e-06 4.67968161e-04 1.61772608e-09 1.48466679e+00 1.49775328e+00
6.35165685e-06 6.11678590e-02 6.06308338e-03 2.26245342e-06 5.35557392e-04 3.06348069e-09 1.89142606e+00 1.91260150e+00
7.76879495e-06 7.49977278e-02 7.41762446e-03 2.20309681e-06 5.88834643e-04 5.17974945e-09 2.31342806e+00 2.34503494e+00
9.23889418e-06 8.94141637e-02 8.82394272e-03 2.48990640e-06 6.30199764e-04 8.34399670e-09 2.75120108e+00 2.79580921e+00
1.07637781e-05 1.04442699e-01 1.02839584e-02 2.64688317e-06 6.61507219e-04 1.27394664e-08 3.20528814e+00 3.26572266e+00
1.23453202e-05 1.20109460e-01 1.17996044e-02 2.98087019e-06 6.84722405e-04 1.87978854e-08 3.67624713e+00 3.75559220e+00
1.39854440e-05 1.36441871e-01 1.33728251e-02 3.37695444e-06 7.01301927e-04 2.68311597e-08 4.16465086e+00 4.26627532e+00
1.56861232e-05 1.53468150e-01 1.50055721e-02 3.85530224e-06 7.12693220e-04 3.73635071e-08 4.67108708e+00 4.79865439e+00
1.74493820e-05 1.71217615e-01 1.66997987e-02 4.46265975e-06 7.20010977e-04 5.08795326e-08 5.19615852e+00 5.35364607e+00
1.92772943e-05 1.89720500e-01 1.84574499e-02 5.14262215e-06 7.24247505e-04 6.80191315e-08 5.74048278e+00 5.93219575e+00
2.11719838e-05 2.09007989e-01 2.02804500e-02 5.94574764e-06 7.26193418e-04 8.94621760e-08 6.30469228e+00 6.53527852e+00
2.31356234e-05 2.29112169e-01 2.21706877e-02 6.84655731e-06 7.26487872e-04 1.16019138e-07 6.88943407e+00 7.16389763e+00
2.51704345e-05 2.50065946e-01 2.41299959e-02 7.85206877e-06 7.25636616e-04 1.48592021e-07 7.49536962e+00 7.81908200e+00
2.72786859e-05 2.71902996e-01 2.61601312e-02 8.99282766e-06 7.24020762e-04 1.88204429e-07 8.12317457e+00 8.50188463e+00
2.94626928e-05 2.94657639e-01 2.82627456e-02 1.02260520e-05 7.21925329e-04 2.36022156e-07 8.77353834e+00 9.21337866e+00
3.17248151e-05 3.18364741e-01 3.04393583e-02 1.16274375e-05 7.19552273e-04 2.93326121e-07 9.44716369e+00 9.95465423e+00
3.40674560e-05 3.43059539e-01 3.26913194e-02 1.31237455e-05 7.17038316e-04 3.61581807e-07 1.01447663e+01 1.07268132e+01
3.64930598e-05 3.68777484e-01 3.50197723e-02 1.48123879e-05 7.14473658e-04 4.42374094e-07 1.08670739e+01 1.15309640e+01
3.90041094e-05 3.95554009e-01 3.74256085e-02 1.66094118e-05 7.11910046e-04 5.37502629e-07 1.16148260e+01 1.23682145e+01
4.16031235e-05 4.23424291e-01 3.99094191e-02 1.86205423e-05 7.09379071e-04 6.48895495e-07 1.23887725e+01 1.32396647e+01
4.42926536e-05 4.52422951e-01 4.24714387e-02 2.07605528e-05 7.06892934e-04 7.78716270e-07 1.31896734e+01 1.41463972e+01
4.70752803e-05 4.82583723e-01 4.51114856e-02 2.31315829e-05 7.04458541e-04 9.29266167e-07 1.40182970e+01 1.50894667e+01
4.99536092e-05 5.13939058e-01 4.78288927e-02 2.56581895e-05 7.02073944e-04 1.10308854e-06 1.48754192e+01 1.60698878e+01
5.29302663e-05 5.46519687e-01 5.06224345e-02 2.84290291e-05 6.99737775e-04 1.30286763e-06 1.57618221e+01 1.70886216e+01
5.60078929e-05 5.80354111e-01 5.34902449e-02 3.13861116e-05 6.97444208e-04 1.53151621e-06 1.66782921e+01 1.81465592e+01
5.91891396e-05 6.15468033e-01 5.64297301e-02 3.45999866e-05 6.95189366e-04 1.79207347e-06 1.76256186e+01 1.92445042e+01
6.24766602e-05 6.51883712e-01 5.94374739e-02 3.80285178e-05 6.92966759e-04 2.08776360e-06 1.86045918e+01 2.03831526e+01
6.58731047e-05 6.89619255e-01 6.25091386e-02 4.17272180e-05 6.90771914e-04 2.42188778e-06 1.96160009e+01 2.15630707e+01
6.93811110e-05 7.28687813e-01 6.56393609e-02 4.56671642e-05 6.88598967e-04 2.79784779e-06 2.06606315e+01 2.27846697e+01
7.30032968e-05 7.69096721e-01 6.88216470e-02 4.98873997e-05 6.86443703e-04 3.21902283e-06 2.17392629e+01 2.40481788e+01
7.67422501e-05 8.10846536e-01 7.20482655e-02 5.43712475e-05 6.84301059e-04 3.68875530e-06 2.28526659e+01 2.53536155e+01
8.06005186e-05 8.53930038e-01 7.53101472e-02 5.91418380e-05 6.82166535e-04 4.21019831e-06 2.40015991e+01 2.67007541e+01
8.45805987e-05 8.98331088e-01 7.85967840e-02 6.41919750e-05 6.80034484e-04 4.78627496e-06 2.51868059e+01 2.80890899e+01
8.86849230e-05 9.44023599e-01 8.18961537e-02 6.95297402e-05 6.77898453e-04 5.41946699e-06 2.64090108e+01 2.95178072e+01
9.29158473e-05 9.90970142e-01 8.51946331e-02 7.51503265e-05 6.75750658e-04 6.11178599e-06 2.76689152e+01 3.09857357e+01
9.72756365e-05 1.03912069e+00 8.84769487e-02 8.10531724e-05 6.73582395e-04 6.86446639e-06 2.89671936e+01 3.24913113e+01
1.01766615e-04 1.08841443e+00 9.17263613e-02 8.72268315e-05 6.71385052e-04 7.67787099e-06 3.03045382e+01 3.40326323e+01
1.06391664e-04 1.13878081e+00 9.49247924e-02 9.36636908e-05 6.69150487e-04 8.55132310e-06 3.16818070e+01 3.56074925e+01
1.11153642e-04 1.19013605e+00 9.80526679e-02 1.00345962e-04 6.66872998e-04 9.48287815e-06 3.30998508e+01 3.72132729e+01
1.16055494e-04 1.24238055e+00 1.01088887e-01 1.07252613e-04 6.64549839e-04 1.04691158e-05 3.45595474e+01 3.88468584e+01
1.21100235e-04 1.29539837e+00 1.04011003e-01 1.14359633e-04 6.62182937e-04 1.15048377e-05 3.60617939e+01 4.05046245e+01
1.26290949e-04 1.34905647e+00 1.06795426e-01 1.21631154e-04 6.59778030e-04 1.25830689e-05 3.76075090e+01 4.21824107e+01
1.31630812e-04 1.40320399e+00 1.09417682e-01 1.29030855e-04 6.57344960e-04 1.36948083e-05 3.91976383e+01 4.38755002e+01
1.37123111e-04 1.45767207e+00 1.11852789e-01 1.36511245e-04 6.54895580e-04 1.48290189e-05 4.08331607e+01 4.55786130e+01
1.42771263e-04 1.51227380e+00 1.14075704e-01 1.44022781e-04 6.52443331e-04 1.59726360e-05 4.25150940e+01 4.72859050e+01
1.48578840e-04 1.56680468e+00 1.16061864e-01 1.51506923e-04 6.50001331e-04 1.71106851e-05 4.42445014e+01 4.89909817e+01
1.54549604e-04 1.62104364e+00 1.17787832e-01 1.58902784e-04 6.47582446e-04 1.82265496e-05 4.60225034e+01 5.06869306e+01
1.60687553e-04 1.67475460e+00 1.19232029e-01 1.66140440e-04 6.45198448e-04 1.93023298e-05 4.78502905e+01 5.23663697e+01
1.66996940e-04 1.72768840e+00 1.20375530e-01 1.73152386e-04 6.42860730e-04 2.03194335e-05 4.97291293e+01 5.40215091e+01
1.73482309e-04 1.77958577e+00 1.21202936e-01 1.79863803e-04 6.40580158e-04 2.12592445e-05 5.16603726e+01 5.56442407e+01
1.80148600e-04 1.83018126e+00 1.21703264e-01 1.86206276e-04 6.38367674e-04 2.21039262e-05 5.36454919e+01 5.72262655e+01
1.87001239e-04 1.87920770e+00 1.21870810e-01 1.92113399e-04 6.36234036e-04 2.28372843e-05 5.56861029e+01 5.87592289e+01
1.94046022e-04 1.92639996e+00 1.21705959e-01 1.97523824e-04 6.34189926e-04 2.34459066e-05 5.77839312e+01 6.02348409e+01
2.01288888e-04 1.97149942e+00 1.21215916e-01 2.02392030e-04 6.32245668e-04 2.39203343e-05 5.99407456e+01 6.16450154e+01
2.08735926e-04 2.01426084e+00 1.20415266e-01 2.06689413e-04 6.30411104e-04 2.42559975e-05 6.21583594e+01 6.29820837e+01
2.16393632e-04 2.05446075e+00 1.19326235e-01 2.10405025e-04 6.28695240e-04 2.44536438e-05 6.44387069e+01 6.42390585e+01
2.24269110e-04 2.09190541e+00 1.17978555e-01 2.13550146e-04 6.27105878e-04 2.45194478e-05 6.67839036e+01 6.54098818e+01
2.32370163e-04 2.12643782e+00 1.16408921e-01 2.16157998e-04 6.25649407e-04 2.44649084e-05 6.91962731e+01 6.64896446e+01
2.40705499e-04 2.15794395e+00 1.14660016e-01 2.18282721e-04 6.24330533e-04 2.43064108e-05 7.16784085e+01 6.74747814e+01
2.49284834e-04 2.18635717e+00 1.12779168e-01 2.20001433e-04 6.23152179e-04 2.40644172e-05 7.42332029e+01 6.83632090e+01
2.58118704e-04 2.21166111e+00 1.10816676e-01 2.21406487e-04 6.22115249e-04 2.37623891e-05 7.68637939e+01 6.91544151e+01
2.67218684e-04 2.23389204e+00 1.08823743e-01 2.22610428e-04 6.21218736e-04 2.34254747e-05 7.95736286e+01 6.98495342e+01
2.76598306e-04 2.25313942e+00 1.06850198e-01 2.23732082e-04 6.20459665e-04 2.30790480e-05 8.23667361e+01 7.04513631e+01
2.86272905e-04 2.26954117e+00 1.04942493e-01 2.24891580e-04 6.19833265e-04 2.27474999e-05 8.52476835e+01 7.09642148e+01
2.96256965e-04 2.28327558e+00 1.03142174e-01 2.26213314e-04 6.19332984e-04 2.24534530e-05 8.82207834e+01 7.13936637e+01
3.06561055e-04 2.29455481e+00 1.01484346e-01 2.27812275e-04 6.18950814e-04 2.22171186e-05 9.12891834e+01 7.17463438e+01
3.17191700e-04 2.30362090e+00 9.99958652e-02 2.29793863e-04 6.18677440e-04 2.20553703e-05 9.44548266e+01 7.20298233e+01
3.28153749e-04 2.31073951e+00 9.86938149e-02 2.32247113e-04 6.18502488e-04 2.19808557e-05 9.77191569e+01 7.22524089e+01
3.39452075e-04 2.31618879e+00 9.75849971e-02 2.35236528e-04 6.18414759e-04 2.20016033e-05 1.01083625e+02 7.24227976e+01
3.51091504e-04 2.32024573e+00 9.66665551e-02 2.38805994e-04 6.18402751e-04 2.21211664e-05 1.04549669e+02 7.25496504e+01
3.63076300e-04 2.32317369e+00 9.59273900e-02 2.42971433e-04 6.18455178e-04 2.23390612e-05 1.08118557e+02 7.26412021e+01
3.75409836e-04 2.32521270e+00 9.53500591e-02 2.47733538e-04 6.18561413e-04 2.26513841e-05 1.11791295e+02 7.27049580e+01
3.88094523e-04 2.32657289e+00 9.49129367e-02 2.53070173e-04 6.18711786e-04 2.30515555e-05 1.15568601e+02 7.27474888e+01
4.01132755e-04 2.32743104e+00 9.45924263e-02 2.58946283e-04 6.18897823e-04 2.35311386e-05 1.19451186e+02 7.27743213e+01
4.14528905e-04 2.32792985e+00 9.43650078e-02 2.65318190e-04 6.19112396e-04 2.40806721e-05 1.23440354e+02 7.27899184e+01
4.28290467e-04 2.32817987e+00 9.42089096e-02 2.72139642e-04 6.19349732e-04 2.46904967e-05 1.27538337e+02 7.27977358e+01
4.42427200e-04 2.32826310e+00 9.41052396e-02 2.79360477e-04 6.19605309e-04 2.53515051e-05 1.31748039e+02 7.28003384e+01
4.56949481e-04 2.32823793e+00 9.40385271e-02 2.86938563e-04 6.19875677e-04 2.60556852e-05 1.36072552e+02 7.27995515e+01
4.71867626e-04 2.32814421e+00 9.39967643e-02 2.94836937e-04 6.20158292e-04 2.67963945e-05 1.40514947e+02 7.27966210e+01
4.87192586e-04 2.32800796e+00 9.39711017e-02 3.03024717e-04 6.20451342e-04 2.75683730e-05 1.45078485e+02 7.27923607e+01
5.02936892e-04 2.32784540e+00 9.39553471e-02 3.11477404e-04 6.20753610e-04 2.83676207e-05 1.49766898e+02 7.27872777e+01
5.19113696e-04 2.32766615e+00 9.39453912e-02 3.20177380e-04 6.21064275e-04 2.91912314e-05 1.54584102e+02 7.27816729e+01
5.35733761e-04 2.32747564e+00 9.39386499e-02 3.29113182e-04 6.21382717e-04 3.00372365e-05 1.59533303e+02 7.27757160e+01
5.52803856e-04 2.32727679e+00 9.39335855e-02 3.38277581e-04 6.21708421e-04 3.09044703e-05 1.64616516e+02 7.27694985e+01
5.70327998e-04 2.32707111e+00 9.39293329e-02 3.47664747e-04 6.22040994e-04 3.17923358e-05 1.69834937e+02 7.27630673e+01
5.88308439e-04 2.32685932e+00 9.39254326e-02 3.57275388e-04 6.22380063e-04 3.27004941e-05 1.75189236e+02 7.27564449e+01
6.06746423e-04 2.32664171e+00 9.39216540e-02 3.67107061e-04 6.22725180e-04 3.36287113e-05 1.80679785e+02 7.27496407e+01
6.25644416e-04 2.32641843e+00 9.39178884e-02 3.77158604e-04 6.23075992e-04 3.45768982e-05 1.86307318e+02 7.27426590e+01
6.45004519e-04 2.32618954e+00 9.39140900e-02 3.87430885e-04 6.23432291e-04 3.55450204e-05 1.92072460e+02 7.27355020e+01
6.64823592e-04 2.32595506e+00 9.39102398e-02 3.97921182e-04 6.23793621e-04 3.65328433e-05 1.97974276e+02 7.27281704e+01
6.85098906e-04 2.32571492e+00 9.39063258e-02 4.08625423e-04 6.24159318e-04 3.75401649e-05 2.04011954e+02 7.27206617e+01
7.05837363e-04 2.32546909e+00 9.39023391e-02 4.19546883e-04 6.24529178e-04 3.85670654e-05 2.10187549e+02 7.27129750e+01
7.27041404e-04 2.32521774e+00 9.38982822e-02 4.30681747e-04 6.24903210e-04 3.96133369e-05 2.16501787e+02 7.27051158e+01
7.48693238e-04 2.32496104e+00 9.38941642e-02 4.42020693e-04 6.25280542e-04 4.06780105e-05 2.22949371e+02 7.26970895e+01
7.70786226e-04 2.32469874e+00 9.38899820e-02 4.53560422e-04 6.25660073e-04 4.17607776e-05 2.29528324e+02 7.26888878e+01
7.93354973e-04 2.32443032e+00 9.38857166e-02 4.65311833e-04 6.26042108e-04 4.28627740e-05 2.36248951e+02 7.26804948e+01
8.16407643e-04 2.32415607e+00 9.38813633e-02 4.77270175e-04 6.26427027e-04 4.39833854e-05 2.43113683e+02 7.26719195e+01
8.39826003e-04 2.32387766e+00 9.38769548e-02 4.89369801e-04 6.26812424e-04 4.51165246e-05 2.50087312e+02 7.26632141e+01
8.63405589e-04 2.32359716e+00 9.38725377e-02 5.01512791e-04 6.27193884e-04 4.62531432e-05 2.57108951e+02 7.26544434e+01
8.87012043e-04 2.32331565e+00 9.38681288e-02 5.13640898e-04 6.27568480e-04 4.73877895e-05 2.64138591e+02 7.26456411e+01
9.10642211e-04 2.32303321e+00 9.38637147e-02 5.25755004e-04 6.27936728e-04 4.85205094e-05 2.71175293e+02 7.26368100e+01
9.34333991e-04 2.32275002e+00 9.38592877e-02 5.37870359e-04 6.28300216e-04 4.96528370e-05 2.78230342e+02 7.26279550e+01
9.58087730e-04 2.32246628e+00 9.38548522e-02 5.49985663e-04 6.28658267e-04 5.07846509e-05 2.85303842e+02 7.26190830e+01
9.81886801e-04 2.32218189e+00 9.38504091e-02 5.62094860e-04 6.29009465e-04 5.19153033e-05 2.92390840e+02 7.26101906e+01
1.00573205e-03 2.32189672e+00 9.38459584e-02 5.74196551e-04 6.29353955e-04 5.30448404e-05 2.99491590e+02 7.26012740e+01
1.02963013e-03 2.32161074e+00 9.38415013e-02 5.86295305e-04 6.29692407e-04 5.41736021e-05 3.06608072e+02 7.25923318e+01
1.05357792e-03 2.32132398e+00 9.38370420e-02 5.98389709e-04 6.30024406e-04 5.53015616e-05 3.13739356e+02 7.25833654e+01
1.07757029e-03 2.32103650e+00 9.38325871e-02 6.10480494e-04 6.30349583e-04 5.64286969e-05 3.20883916e+02 7.25743766e+01
1.10160663e-03 2.32074837e+00 9.38281444e-02 6.22567461e-04 6.30668054e-04 5.75551482e-05 3.28041571e+02 7.25653674e+01
1.12568622e-03 2.32045966e+00 9.38237218e-02 6.34651563e-04 6.30979743e-04 5.86810472e-05 3.35212104e+02 7.25563398e+01
1.14980629e-03 2.32017044e+00 9.38193248e-02 6.46735032e-04 6.31284447e-04 5.98064358e-05 3.42394691e+02 7.25472967e+01
1.17396461e-03 2.31988082e+00 9.38149526e-02 6.58817799e-04 6.31582108e-04 6.09313928e-05 3.49588669e+02 7.25382408e+01
1.19815969e-03 2.31959086e+00 9.38105968e-02 6.70900260e-04 6.31872693e-04 6.20560116e-05 3.56793592e+02 7.25291742e+01
1.22238977e-03 2.31930059e+00 9.38062411e-02 6.82982470e-04 6.32156119e-04 6.31803414e-05 3.64008937e+02 7.25200981e+01
1.24665339e-03 2.31901001e+00 9.38018654e-02 6.95064854e-04 6.32432323e-04 6.43043968e-05 3.71234271e+02 7.25110121e+01
1.27094971e-03 2.31871906e+00 9.37974516e-02 7.07148810e-04 6.32701287e-04 6.54281859e-05 3.78469344e+02 7.25019146e+01
1.29527794e-03 2.31842765e+00 9.37929894e-02 7.19232687e-04 6.32962984e-04 6.65517196e-05 3.85713917e+02 7.24928030e+01
1.31963708e-03 2.31813573e+00 9.37884801e-02 7.31317894e-04 6.33217389e-04 6.76750222e-05 3.92967696e+02 7.24836750e+01
1.34402620e-03 2.31784322e+00 9.37839361e-02 7.43404455e-04 6.33464491e-04 6.87981370e-05 4.00230402e+02 7.24745289e+01
1.36844440e-03 2.31755012e+00 9.37793758e-02 7.55492253e-04 6.33704279e-04 6.99211152e-05 4.07501769e+02 7.24653640e+01
1.39289075e-03 2.31725642e+00 9.37748178e-02 7.67582009e-04 6.33936746e-04 7.10440124e-05 4.14781518e+02 7.24561808e+01
1.41736429e-03 2.31696219e+00 9.37702749e-02 7.79674045e-04 6.34161890e-04 7.21668814e-05 4.22069361e+02 7.24469806e+01
1.44186408e-03 2.31666746e+00 9.37657521e-02 7.91768133e-04 6.34379717e-04 7.32897616e-05 4.29365024e+02 7.24377651e+01
1.46638935e-03 2.31637229e+00 9.37612468e-02 8.03865218e-04 6.34590236e-04 7.44126758e-05 4.36668272e+02 7.24285356e+01
1.49093945e-03 2.31607671e+00 9.37567526e-02 8.15965094e-04 6.34793463e-04 7.55356285e-05 4.43978916e+02 7.24192934e+01
1.51551383e-03 2.31578074e+00 9.37522629e-02 8.28067807e-04 6.34989418e-04 7.66586221e-05 4.51296790e+02 7.24100391e+01
1.54011192e-03 2.31548440e+00 9.37477733e-02 8.40173703e-04 6.35178127e-04 7.77816591e-05 4.58621726e+02 7.24007731e+01
1.56473315e-03 2.31518769e+00 9.37432821e-02 8.52281759e-04 6.35359618e-04 7.89047497e-05 4.65953550e+02 7.23914956e+01
1.58937692e-03 2.31489063e+00 9.37387892e-02 8.64392935e-04 6.35533923e-04 8.00279050e-05 4.73292086e+02 7.23822070e+01
1.61404265e-03 2.31459321e+00 9.37342956e-02 8.76507013e-04 6.35701076e-04 8.11511374e-05 4.80637163e+02 7.23729073e+01
1.63872977e-03 2.31429545e+00 9.37298015e-02 8.88624820e-04 6.35861114e-04 8.22744577e-05 4.87988608e+02 7.23635970e+01
1.66343767e-03 2.31399736e+00 9.37253070e-02 9.00745302e-04 6.36014077e-04 8.33978795e-05 4.95346243e+02 7.23542763e+01
1.68816576e-03 2.31369895e+00 9.37208117e-02 9.12869042e-04 6.36160006e-04 8.45214156e-05 5.02709888e+02 7.23449455e+01
1.71291347e-03 2.31340022e+00 9.37163154e-02 9.24996288e-04 6.36298946e-04 8.56450719e-05 5.10079377e+02 7.23356049e+01
1.73768036e-03 2.31310118e+00 9.37118180e-02 9.37126902e-04 6.36430945e-04 8.67688544e-05 5.17454579e+02 7.23262545e+01
1.76246611e-03 2.31280184e+00 9.37073198e-02 9.49260332e-04 6.36556052e-04 8.78927639e-05 5.24835396e+02 7.23168946e+01
1.78727042e-03 2.31250220e+00 9.37028208e-02 9.61397217e-04 6.36674318e-04 8.90167918e-05 5.32221737e+02 7.23075253e+01
1.81209296e-03 2.31220225e+00 9.36983210e-02 9.73537510e-04 6.36785795e-04 9.01409392e-05 5.39613511e+02 7.22981466e+01
1.83693342e-03 2.31190202e+00 9.36938206e-02 9.85681128e-04 6.36890537e-04 9.12652005e-05 5.47010619e+02 7.22887589e+01
1.86179148e-03 2.31160149e+00 9.36893193e-02 9.97827672e-04 6.36988598e-04 9.23895741e-05 5.54412968e+02 7.22793621e+01
1.88666682e-03 2.31130068e+00 9.36848173e-02 1.00997687e-03 6.37080033e-04 9.35140575e-05 5.61820462e+02 7.22699564e+01
1.91155912e-03 2.31099960e+00 9.36803144e-02 1.02212989e-03 6.37164898e-04 9.46386453e-05 5.69233007e+02 7.22605419e+01
1.93646805e-03 2.31069823e+00 9.36758107e-02 1.03428484e-03 6.37243249e-04 9.57633382e-05 5.76650506e+02 7.22511188e+01
1.96139330e-03 2.31039660e+00 9.36713062e-02 1.04644292e-03 6.37315143e-04 9.68881310e-05 5.84072862e+02 7.22416873e+01
1.98633453e-03 2.31009470e+00 9.36668010e-02 1.05860463e-03 6.37380637e-04 9.80130217e-05 5.91499979e+02 7.22322474e+01
2.01129144e-03 2.30979253e+00 9.36622949e-02 1.07076836e-03 6.37439790e-04 9.91380079e-05 5.98931763e+02 7.22227993e+01
2.03626374e-03 2.30949011e+00 9.36577881e-02 1.08293505e-03 6.37492660e-04 1.00263080e-04 6.06368133e+02 7.22133431e+01
2.06125122e-03 2.30918743e+00 9.36532803e-02 1.09510434e-03 6.37539305e-04 1.01388234e-04 6.13809020e+02 7.22038789e+01
2.08625363e-03 2.30888450e+00 9.36487717e-02 1.10727626e-03 6.37579785e-04 1.02513461e-04 6.21254354e+02 7.21944069e+01
2.11127074e-03 2.30858132e+00 9.36442621e-02 1.11945080e-03 6.37614159e-04 1.03638753e-04 6.28704068e+02 7.21849270e+01
2.13630232e-03 2.30827789e+00 9.36397516e-02 1.13162766e-03 6.37642486e-04 1.04764100e-04 6.36158089e+02 7.21754394e+01
2.16134814e-03 2.30797422e+00 9.36352400e-02 1.14380666e-03 6.37664825e-04 1.05889499e-04 6.43616349e+02 7.21659441e+01
2.18640795e-03 2.30767031e+00 9.36307273e-02 1.15598799e-03 6.37681236e-04 1.07014935e-04 6.51078777e+02 7.21564414e+01
2.21148153e-03 2.30736616e+00 9.36262136e-02 1.16817131e-03 6.37691777e-04 1.08140404e-04 6.58545304e+02 7.21469313e+01
2.23656863e-03 2.30706177e+00 9.36216986e-02 1.18035695e-03 6.37696509e-04 1.09265898e-04 6.66015858e+02 7.21374138e+01
2.26166902e-03 2.30675716e+00 9.36171824e-02 1.19254417e-03 6.37695489e-04 1.10391410e-04 6.73490369e+02 7.21278891e+01
2.28678246e-03 2.30645232e+00 9.36126650e-02 1.20473309e-03 6.37688777e-04 1.11516930e-04 6.80968767e+02 7.21183573e+01
2.31190871e-03 2.30614725e+00 9.36081462e-02 1.21692432e-03 6.37676432e-04 1.12642450e-04 6.88450979e+02 7.21088185e+01
2.33704753e-03 2.30584197e+00 9.36036261e-02 1.22911697e-03 6.37658513e-04 1.13767964e-04 6.95936935e+02 7.20992727e+01
2.36219870e-03 2.30553646e+00 9.35991045e-02 1.24131104e-03 6.37635078e-04 1.14893462e-04 7.03426567e+02 7.20897201e+01
2.38736200e-03 2.30523074e+00 9.35945814e-02 1.25350672e-03 6.37606185e-04 1.16018933e-04 7.10919812e+02 7.20801608e+01
2.41253722e-03 2.30492480e+00 9.35900568e-02 1.26570385e-03 6.37571893e-04 1.17144371e-04 7.18416606e+02 7.20705948e+01
2.43772414e-03 2.30461866e+00 9.35855305e-02 1.27790236e-03 6.37532260e-04 1.18269764e-04 7.25916887e+02 7.20610223e+01
2.46292257e-03 2.30431231e+00 9.35810024e-02 1.29010200e-03 6.37487343e-04 1.19395102e-04 7.33420592e+02 7.20514433e+01
2.48813228e-03 2.30400575e+00 9.35764727e-02 1.30230253e-03 6.37437201e-04 1.20520378e-04 7.40927656e+02 7.20418579e+01
2.51335305e-03 2.30369900e+00 9.35719410e-02 1.31450432e-03 6.37381891e-04 1.21645580e-04 7.48438017e+02 7.20322662e+01
2.53858469e-03 2.30339204e+00 9.35674074e-02 1.32670685e-03 6.37321470e-04 1.22770699e-04 7.55951612e+02 7.20226683e+01
2.56382697e-03 2.30308489e+00 9.35628719e-02 1.33891021e-03 6.37255995e-04 1.23895724e-04 7.63468376e+02 7.20130642e+01
2.58907968e-03 2.30277754e+00 9.35583342e-02 1.35111425e-03 6.37185523e-04 1.25020649e-04 7.70988245e+02 7.20034541e+01
2.61434260e-03 2.30247001e+00 9.35537944e-02 1.36331901e-03 6.37110111e-04 1.26145462e-04 7.78511157e+02 7.19938381e+01
2.63961552e-03 2.30216229e+00 9.35492524e-02 1.37552417e-03 6.37029815e-04 1.27270152e-04 7.86037046e+02 7.19842162e+01
2.66489823e-03 2.30185438e+00 9.35447080e-02 1.38772976e-03 6.36944691e-04 1.28394712e-04 7.93565849e+02 7.19745885e+01
2.69019051e-03 2.30154629e+00 9.35401613e-02 1.39993564e-03 6.36854796e-04 1.29519132e-04 8.01097502e+02 7.19649551e+01
2.71549214e-03 2.30123802e+00 9.35356120e-02 1.41214173e-03 6.36760184e-04 1.30643401e-04 8.08631940e+02 7.19553162e+01
2.74080291e-03 2.30092958e+00 9.35310602e-02 1.42434812e-03 6.36660912e-04 1.31767509e-04 8.16169099e+02 7.19456717e+01
2.76612261e-03 2.30062096e+00 9.35265057e-02 1.43655432e-03 6.36557034e-04 1.32891447e-04 8.23708917e+02 7.19360219e+01
2.79145103e-03 2.30031217e+00 9.35219485e-02 1.44876021e-03 6.36448604e-04 1.34015207e-04 8.31251331e+02 7.19263667e+01
2.81678795e-03 2.30000321e+00 9.35173884e-02 1.46096618e-03 6.36335678e-04 1.35138774e-04 8.38796279e+02 7.19167062e+01
2.84213317e-03 2.29969409e+00 9.35128254e-02 1.47317186e-03 6.36218308e-04 1.36262143e-04 8.46343697e+02 7.19070406e+01
2.86748647e-03 2.29938481e+00 9.35082593e-02 1.48537691e-03 6.36096549e-04 1.37385301e-04 8.53893522e+02 7.18973699e+01
2.89284765e-03 2.29907537e+00 9.35036901e-02 1.49758183e-03 6.35970454e-04 1.38508238e-04 8.61445692e+02 7.18876942e+01
2.91821649e-03 2.29876577e+00 9.34991177e-02 1.50978597e-03 6.35840075e-04 1.39630945e-04 8.69000143e+02 7.18780136e+01
2.94359277e-03 2.29845602e+00 9.34945419e-02 1.52198916e-03 6.35705465e-04 1.40753414e-04 8.76556811e+02 7.18683283e+01
2.96897629e-03 2.29814611e+00 9.34899628e-02 1.53419191e-03 6.35566675e-04 1.41875631e-04 8.84115634e+02 7.18586382e+01
2.99436683e-03 2.29783606e+00 9.34853800e-02 1.54639344e-03 6.35423757e-04 1.42997587e-04 8.91676548e+02 7.18489434e+01
3.01976418e-03 2.29752586e+00 9.34807937e-02 1.55859427e-03 6.35276761e-04 1.44119273e-04 8.99239490e+02 7.18392441e+01
3.04516813e-03 2.29721552e+00 9.34762036e-02 1.57079360e-03 6.35125738e-04 1.45240678e-04 9.06804396e+02 7.18295404e+01
3.07057846e-03 2.29690504e+00 9.34716097e-02 1.58299193e-03 6.34970736e-04 1.46361792e-04 9.14371203e+02 7.18198322e+01
3.09599496e-03 2.29659442e+00 9.34670119e-02 1.59518892e-03 6.34811806e-04 1.47482606e-04 9.21939846e+02 7.18101198e+01
3.12141741e-03 2.29628367e+00 9.34624100e-02 1.60738450e-03 6.34648996e-04 1.48603109e-04 9.29510263e+02 7.18004032e+01
3.14684560e-03 2.29597279e+00 9.34578040e-02 1.61957850e-03 6.34482354e-04 1.49723290e-04 9.37082388e+02 7.17906825e+01
3.17227932e-03 2.29566178e+00 9.34531938e-02 1.63177102e-03 6.34311927e-04 1.50843142e-04 9.44656160e+02 7.17809577e+01
3.19771835e-03 2.29535064e+00 9.34485792e-02 1.64396159e-03 6.34137762e-04 1.51962652e-04 9.52231514e+02 7.17712291e+01
3.22316248e-03 2.29503938e+00 9.34439601e-02 1.65615036e-03 6.33959905e-04 1.53081809e-04 9.59808387e+02 7.17614965e+01
3.24861150e-03 2.29472799e+00 9.34393365e-02 1.66833729e-03 6.33778402e-04 1.54200605e-04 9.67386715e+02 7.17517602e+01
3.27406520e-03 2.29441650e+00 9.34347083e-02 1.68052211e-03 6.33593297e-04 1.55319029e-04 9.74966435e+02 7.17420202e+01
3.29952335e-03 2.29410488e+00 9.34300752e-02 1.69270468e-03 6.33404635e-04 1.56437070e-04 9.82547483e+02 7.17322767e+01
3.32498575e-03 2.29379316e+00 9.34254373e-02 1.70488508e-03 6.33212458e-04 1.57554720e-04 9.90129795e+02 7.17225296e+01
3.35045219e-03 2.29348132e+00 9.34207944e-02 1.71706314e-03 6.33016809e-04 1.58671967e-04 9.97713309e+02 7.17127791e+01
3.37592244e-03 2.29316938e+00 9.34161464e-02 1.72923851e-03 6.32817731e-04 1.59788802e-04 1.00529796e+03 7.17030253e+01
3.40139629e-03 2.29285734e+00 9.34114932e-02 1.74141159e-03 6.32615266e-04 1.60905214e-04 1.01288368e+03 7.16932683e+01
3.42687354e-03 2.29254519e+00 9.34068347e-02 1.75358197e-03 6.32409450e-04 1.62021192e-04 1.02047042e+03 7.16835081e+01
3.45235396e-03 2.29223295e+00 9.34021708e-02 1.76574937e-03 6.32200324e-04 1.63136730e-04 1.02805809e+03 7.16737448e+01
3.47783734e-03 2.29192061e+00 9.33975013e-02 1.77791399e-03 6.31987940e-04 1.64251811e-04 1.03564665e+03 7.16639786e+01
3.50332346e-03 2.29160817e+00 9.33928262e-02 1.79007565e-03 6.31772320e-04 1.65366430e-04 1.04323603e+03 7.16542094e+01
3.52881212e-03 2.29129565e+00 9.33881453e-02 1.80223419e-03 6.31553496e-04 1.66480575e-04 1.05082616e+03 7.16444375e+01
3.55430309e-03 2.29098304e+00 9.33834586e-02 1.81438950e-03 6.31331529e-04 1.67594236e-04 1.05841698e+03 7.16346628e+01
3.57979617e-03 2.29067035e+00 9.33787660e-02 1.82654142e-03 6.31106448e-04 1.68707403e-04 1.06600843e+03 7.16248855e+01
3.60529113e-03 2.29035758e+00 9.33740672e-02 1.83869013e-03 6.30878283e-04 1.69820066e-04 1.07360044e+03 7.16151057e+01
3.63078776e-03 2.29004473e+00 9.33693623e-02 1.85083510e-03 6.30647061e-04 1.70932215e-04 1.08119295e+03 7.16053234e+01
3.65628585e-03 2.28973180e+00 9.33646511e-02 1.86297649e-03 6.30412831e-04 1.72043839e-04 1.08878589e+03 7.15955387e+01
3.68178518e-03 2.28941880e+00 9.33599336e-02 1.87511431e-03 6.30175629e-04 1.73154928e-04 1.09637920e+03 7.15857518e+01
3.70728554e-03 2.28910573e+00 9.33552095e-02 1.88724827e-03 6.29935474e-04 1.74265472e-04 1.10397281e+03 7.15759627e+01
3.73278671e-03 2.28879259e+00 9.33504788e-02 1.89937823e-03 6.29692409e-04 1.75375460e-04 1.11156667e+03 7.15661714e+01
3.75828848e-03 2.28847938e+00 9.33457414e-02 1.91150416e-03 6.29446466e-04 1.76484883e-04 1.11916071e+03 7.15563781e+01
3.78379063e-03 2.28816612e+00 9.33409972e-02 1.92362562e-03 6.29197673e-04 1.77593733e-04 1.12675486e+03 7.15465829e+01
3.80929295e-03 2.28785279e+00 9.33362461e-02 1.93574333e-03 6.28946064e-04 1.78701994e-04 1.13434906e+03 7.15367858e+01
3.83479523e-03 2.28753941e+00 9.33314880e-02 1.94785634e-03 6.28691668e-04 1.79809662e-04 1.14194324e+03 7.15269870e+01
3.86029724e-03 2.28722598e+00 9.33267227e-02 1.95996491e-03 6.28434517e-04 1.80916723e-04 1.14953735e+03 7.15171865e+01
3.88579878e-03 2.28691249e+00 9.33219502e-02 1.97206917e-03 6.28174640e-04 1.82023167e-04 1.15713132e+03 7.15073844e+01
3.91129962e-03 2.28659896e+00 9.33171703e-02 1.98416843e-03 6.27912066e-04 1.83128986e-04 1.16472508e+03 7.14975808e+01
3.93679956e-03 2.28628538e+00 9.33123831e-02 1.99626301e-03 6.27646825e-04 1.84234169e-04 1.17231857e+03 7.14877758e+01
3.96229838e-03 2.28597175e+00 9.33075883e-02 2.00835272e-03 6.27378945e-04 1.85338705e-04 1.17991173e+03 7.14779694e+01
3.98779586e-03 2.28565809e+00 9.33027858e-02 2.02043737e-03 6.27108455e-04 1.86442585e-04 1.18750449e+03 7.14681618e+01
4.01329179e-03 2.28534439e+00 9.32979756e-02 2.03251682e-03 6.26835382e-04 1.87545799e-04 1.19509678e+03 7.14583530e+01
4.03878596e-03 2.28503066e+00 9.32931576e-02 2.04459129e-03 6.26559753e-04 1.88648335e-04 1.20268856e+03 7.14485432e+01
4.06427815e-03 2.28471689e+00 9.32883316e-02 2.05666034e-03 6.26281598e-04 1.89750186e-04 1.21027974e+03 7.14387324e+01
4.08976814e-03 2.28440310e+00 9.32834976e-02 2.06872406e-03 6.26000941e-04 1.90851340e-04 1.21787027e+03 7.14289206e+01
4.11525573e-03 2.28408928e+00 9.32786554e-02 2.08078210e-03 6.25717810e-04 1.91951789e-04 1.22546008e+03 7.14191081e+01
4.14074070e-03 2.28377544e+00 9.32738050e-02 2.09283473e-03 6.25432231e-04 1.93051520e-04 1.23304911e+03 7.14092948e+01
4.16622283e-03 2.28346157e+00 9.32689463e-02 2.10488153e-03 6.25144231e-04 1.94150525e-04 1.24063730e+03 7.13994808e+01
4.19170190e-03 2.28314769e+00 9.32640792e-02 2.11692230e-03 6.24853836e-04 1.95248793e-04 1.24822458e+03 7.13896663e+01
4.21717772e-03 2.28283379e+00 9.32592035e-02 2.12895740e-03 6.24561070e-04 1.96346315e-04 1.25581089e+03 7.13798513e+01
4.24265005e-03 2.28251988e+00 9.32543193e-02 2.14098638e-03 6.24265960e-04 1.97443080e-04 1.26339616e+03 7.13700359e+01
4.26811870e-03 2.28220596e+00 9.32494263e-02 2.15300889e-03 6.23968531e-04 1.98539080e-04 1.27098033e+03 7.13602203e+01
4.29358344e-03 2.28189203e+00 9.32445246e-02 2.16502561e-03 6.23668808e-04 1.99634303e-04 1.27856334e+03 7.13504043e+01
4.31904406e-03 2.28157810e+00 9.32396141e-02 2.17703555e-03 6.23366816e-04 2.00728741e-04 1.28614512e+03 7.13405883e+01
4.34450035e-03 2.28126417e+00 9.32346947e-02 2.18903937e-03 6.23062581e-04 2.01822382e-04 1.29372562e+03 7.13307722e+01
4.36995209e-03 2.28095023e+00 9.32297662e-02 2.20103650e-03 6.22756126e-04 2.02915218e-04 1.30130476e+03 7.13209561e+01
4.39539908e-03 2.28063630e+00 9.32248287e-02 2.21302689e-03 6.22447477e-04 2.04007237e-04 1.30888248e+03 7.13111402e+01
4.42084110e-03 2.28032238e+00 9.32198819e-02 2.22501056e-03 6.22136659e-04 2.05098432e-04 1.31645872e+03 7.13013244e+01
4.44627793e-03 2.28000847e+00 9.32149258e-02 2.23698743e-03 6.21823697e-04 2.06188791e-04 1.32403342e+03 7.12915089e+01
4.47170937e-03 2.27969457e+00 9.32099604e-02 2.24895729e-03 6.21508616e-04 2.07278304e-04 1.33160651e+03 7.12816938e+01
4.49713520e-03 2.27938068e+00 9.32049855e-02 2.26091989e-03 6.21191440e-04 2.08366963e-04 1.33917794e+03 7.12718792e+01
4.52255522e-03 2.27906681e+00 9.32000011e-02 2.27287545e-03 6.20872194e-04 2.09454758e-04 1.34674763e+03 7.12620650e+01
4.54796920e-03 2.27875296e+00 9.31950070e-02 2.28482366e-03 6.20550903e-04 2.10541677e-04 1.35431552e+03 7.12522515e+01
4.57337694e-03 2.27843913e+00 9.31900033e-02 2.29676457e-03 6.20227592e-04 2.11627713e-04 1.36188156e+03 7.12424387e+01
4.59877823e-03 2.27812533e+00 9.31849900e-02 2.30869770e-03 6.19902286e-04 2.12712856e-04 1.36944567e+03 7.12326267e+01
4.62417285e-03 2.27781155e+00 9.31799668e-02 2.32062366e-03 6.19575010e-04 2.13797095e-04 1.37700780e+03 7.12228155e+01
4.64956059e-03 2.27749781e+00 9.31749337e-02 2.33254157e-03 6.19245788e-04 2.14880422e-04 1.38456788e+03 7.12130053e+01
4.67494125e-03 2.27718409e+00 9.31698908e-02 2.34445191e-03 6.18914645e-04 2.15962826e-04 1.39212585e+03 7.12031962e+01
4.70031461e-03 2.27687042e+00 9.31648378e-02 2.35635418e-03 6.18581605e-04 2.17044298e-04 1.39968165e+03 7.11933881e+01
4.72568047e-03 2.27655678e+00 9.31597748e-02 2.36824847e-03 6.18246694e-04 2.18124829e-04 1.40723521e+03 7.11835813e+01
4.75103860e-03 2.27624318e+00 9.31547016e-02 2.38013477e-03 6.17909936e-04 2.19204409e-04 1.41478648e+03 7.11737757e+01
4.77638881e-03 2.27592963e+00 9.31496182e-02 2.39201269e-03 6.17571356e-04 2.20283029e-04 1.42233538e+03 7.11639715e+01
4.80173088e-03 2.27561612e+00 9.31445246e-02 2.40388265e-03 6.17230979e-04 2.21360678e-04 1.42988186e+03 7.11541687e+01
4.82706461e-03 2.27530266e+00 9.31394207e-02 2.41574391e-03 6.16888830e-04 2.22437349e-04 1.43742586e+03 7.11443675e+01
4.85238978e-03 2.27498926e+00 9.31343064e-02 2.42759669e-03 6.16544933e-04 2.23513032e-04 1.44496730e+03 7.11345678e+01
4.87770618e-03 2.27467590e+00 9.31291816e-02 2.43944094e-03 6.16199313e-04 2.24587716e-04 1.45250614e+03 7.11247699e+01
4.90301362e-03 2.27436261e+00 9.31240464e-02 2.45127653e-03 6.15851996e-04 2.25661393e-04 1.46004231e+03 7.11149737e+01
4.92831188e-03 2.27404937e+00 9.31189007e-02 2.46310317e-03 6.15503006e-04 2.26734053e-04 1.46757574e+03 7.11051794e+01
4.95360075e-03 2.27373620e+00 9.31137444e-02 2.47492115e-03 6.15152369e-04 2.27805687e-04 1.47510638e+03 7.10953871e+01
4.97888002e-03 2.27342309e+00 9.31085775e-02 2.48672975e-03 6.14800110e-04 2.28876289e-04 1.48263416e+03 7.10855967e+01
5.00414950e-03 2.27311004e+00 9.31033998e-02 2.49852963e-03 6.14446253e-04 2.29945843e-04 1.49015902e+03 7.10758085e+01
5.02940896e-03 2.27279707e+00 9.30982115e-02 2.51032030e-03 6.14090824e-04 2.31014344e-04 1.49768090e+03 7.10660224e+01
5.05465821e-03 2.27248417e+00 9.30930124e-02 2.52210152e-03 6.13733849e-04 2.32081785e-04 1.50519974e+03 7.10562386e+01
5.07989704e-03 2.27217134e+00 9.30878025e-02 2.53387342e-03 6.13375351e-04 2.33148152e-04 1.51271548e+03 7.10464571e+01
5.10512525e-03 2.27185859e+00 9.30825818e-02 2.54563584e-03 6.13015357e-04 2.34213440e-04 1.52022805e+03 7.10366780e+01
5.13034262e-03 2.27154593e+00 9.30773502e-02 2.55738868e-03 6.12653892e-04 2.35277636e-04 1.52773740e+03 7.10269015e+01
5.15554895e-03 2.27123334e+00 9.30721076e-02 2.56913193e-03 6.12290980e-04 2.36340735e-04 1.53524346e+03 7.10171275e+01
5.18074405e-03 2.27092084e+00 9.30668541e-02 2.58086535e-03 6.11926647e-04 2.37402727e-04 1.54274617e+03 7.10073562e+01
5.20592770e-03 2.27060842e+00 9.30615897e-02 2.59258904e-03 6.11560918e-04 2.38463601e-04 1.55024548e+03 7.09975876e+01
5.23109969e-03 2.27029610e+00 9.30563142e-02 2.60430262e-03 6.11193818e-04 2.39523351e-04 1.55774131e+03 7.09878219e+01
5.25625984e-03 2.26998387e+00 9.30510276e-02 2.61600619e-03 6.10825372e-04 2.40581966e-04 1.56523362e+03 7.09780590e+01
5.28140793e-03 2.26967174e+00 9.30457300e-02 2.62769958e-03 6.10455604e-04 2.41639438e-04 1.57272233e+03 7.09682991e+01
5.30654376e-03 2.26935970e+00 9.30404212e-02 2.63938288e-03 6.10084540e-04 2.42695757e-04 1.58020740e+03 7.09585423e+01
5.33166713e-03 2.26904776e+00 9.30351014e-02 2.65105585e-03 6.09712204e-04 2.43750917e-04 1.58768875e+03 7.09487886e+01
5.35677784e-03 2.26873593e+00 9.30297704e-02 2.66271832e-03 6.09338621e-04 2.44804908e-04 1.59516634e+03 7.09390382e+01
5.38187568e-03 2.26842420e+00 9.30244282e-02 2.67437018e-03 6.08963815e-04 2.45857721e-04 1.60264009e+03 7.09292910e+01
5.40696046e-03 2.26811258e+00 9.30190748e-02 2.68601165e-03 6.08587811e-04 2.46909346e-04 1.61010995e+03 7.09195472e+01
5.43203198e-03 2.26780106e+00 9.30137102e-02 2.69764236e-03 6.08210632e-04 2.47959778e-04 1.61757587e+03 7.09098069e+01
5.45709002e-03 2.26748967e+00 9.30083343e-02 2.70926225e-03 6.07832304e-04 2.49009006e-04 1.62503777e+03 7.09000701e+01
5.48213440e-03 2.26717838e+00 9.30029473e-02 2.72087138e-03 6.07452850e-04 2.50057021e-04 1.63249560e+03 7.08903368e+01
5.50716492e-03 2.26686722e+00 9.29975489e-02 2.73246949e-03 6.07072294e-04 2.51103816e-04 1.63994930e+03 7.08806073e+01
5.53218137e-03 2.26655617e+00 9.29921393e-02 2.74405660e-03 6.06690659e-04 2.52149382e-04 1.64739882e+03 7.08708815e+01
5.55718356e-03 2.26624525e+00 9.29867185e-02 2.75563245e-03 6.06307969e-04 2.53193711e-04 1.65484409e+03 7.08611596e+01
5.58217129e-03 2.26593446e+00 9.29812863e-02 2.76719721e-03 6.05924247e-04 2.54236794e-04 1.66228505e+03 7.08514416e+01
5.60714437e-03 2.26562379e+00 9.29758429e-02 2.77875059e-03 6.05539517e-04 2.55278623e-04 1.66972165e+03 7.08417276e+01
5.63210259e-03 2.26531325e+00 9.29703882e-02 2.79029266e-03 6.05153800e-04 2.56319190e-04 1.67715383e+03 7.08320176e+01
5.65704576e-03 2.26500284e+00 9.29649221e-02 2.80182316e-03 6.04767120e-04 2.57358487e-04 1.68458152e+03 7.08223118e+01
5.68197369e-03 2.26469257e+00 9.29594448e-02 2.81334210e-03 6.04379500e-04 2.58396506e-04 1.69200468e+03 7.08126102e+01
5.70688618e-03 2.26438244e+00 9.29539562e-02 2.82484932e-03 6.03990961e-04 2.59433237e-04 1.69942324e+03 7.08029129e+01
5.73178303e-03 2.26407244e+00 9.29484562e-02 2.83634475e-03 6.03601526e-04 2.60468676e-04 1.70683714e+03 7.07932200e+01
5.75666406e-03 2.26376259e+00 9.29429450e-02 2.84782848e-03 6.03211216e-04 2.61502811e-04 1.71424632e+03 7.07835315e+01
5.78152906e-03 2.26345288e+00 9.29374226e-02 2.85930037e-03 6.02820053e-04 2.62535635e-04 1.72165074e+03 7.07738476e+01
5.80637784e-03 2.26314332e+00 9.29318888e-02 2.87076005e-03 6.02428059e-04 2.63567142e-04 1.72905033e+03 7.07641683e+01
5.83121021e-03 2.26283391e+00 9.29263438e-02 2.88220771e-03 6.02035255e-04 2.64597321e-04 1.73644503e+03 7.07544936e+01
5.85602599e-03 2.26252465e+00 9.29207875e-02 2.89364327e-03 6.01641662e-04 2.65626167e-04 1.74383478e+03 7.07448237e+01
5.88082497e-03 2.26221555e+00 9.29152199e-02 2.90506647e-03 6.01247301e-04 2.66653672e-04 1.75121954e+03 7.07351586e+01
5.90560696e-03 2.26190660e+00 9.29096412e-02 2.91647746e-03 6.00852191e-04 2.67679826e-04 1.75859924e+03 7.07254984e+01
5.93037178e-03 2.26159781e+00 9.29040512e-02 2.92787600e-03 6.00456355e-04 2.68704622e-04 1.76597382e+03 7.07158431e+01
5.95511924e-03 2.26128919e+00 9.28984500e-02 2.93926201e-03 6.00059812e-04 2.69728055e-04 1.77334324e+03 7.07061930e+01
5.97984914e-03 2.26098072e+00 9.28928377e-02 2.95063540e-03 5.99662582e-04 2.70750115e-04 1.78070742e+03 7.06965479e+01
6.00456130e-03 2.26067243e+00 9.28872142e-02 2.96199627e-03 5.99264684e-04 2.71770795e-04 1.78806632e+03 7.06869080e+01
6.02925553e-03 2.26036430e+00 9.28815795e-02 2.97334417e-03 5.98866137e-04 2.72790088e-04 1.79541989e+03 7.06772734e+01
6.05393164e-03 2.26005634e+00 9.28759338e-02 2.98467941e-03 5.98466965e-04 2.73807985e-04 1.80276805e+03 7.06676442e+01
6.07858944e-03 2.25974855e+00 9.28702769e-02 2.99600178e-03 5.98067181e-04 2.74824480e-04 1.81011077e+03 7.06580203e+01
6.10322876e-03 2.25944094e+00 9.28646090e-02 3.00731104e-03 5.97666801e-04 2.75839567e-04 1.81744798e+03 7.06484020e+01
6.12784939e-03 2.25913351e+00 9.28589301e-02 3.01860728e-03 5.97265861e-04 2.76853235e-04 1.82477963e+03 7.06387892e+01
6.15245116e-03 2.25882626e+00 9.28532402e-02 3.02989032e-03 5.96864364e-04 2.77865481e-04 1.83210566e+03 7.06291820e+01
6.17703388e-03 2.25851919e+00 9.28475393e-02 3.04116016e-03 5.96462317e-04 2.78876295e-04 1.83942601e+03 7.06195806e+01
6.20159736e-03 2.25821231e+00 9.28418275e-02 3.05241675e-03 5.96059760e-04 2.79885669e-04 1.84674064e+03 7.06099849e+01
6.22614143e-03 2.25790561e+00 9.28361047e-02 3.06366002e-03 5.95656714e-04 2.80893599e-04 1.85404949e+03 7.06003951e+01
6.25066591e-03 2.25759910e+00 9.28303712e-02 3.07488963e-03 5.95253185e-04 2.81900077e-04 1.86135250e+03 7.05908111e+01
6.27517059e-03 2.25729279e+00 9.28246268e-02 3.08610601e-03 5.94849179e-04 2.82905092e-04 1.86864962e+03 7.05812332e+01
6.29965532e-03 2.25698666e+00 9.28188716e-02 3.09730857e-03 5.94444730e-04 2.83908643e-04 1.87594080e+03 7.05716614e+01
6.32411990e-03 2.25668074e+00 9.28131057e-02 3.10849749e-03 5.94039858e-04 2.84910719e-04 1.88322598e+03 7.05620956e+01
6.34856415e-03 2.25637501e+00 9.28073291e-02 3.11967262e-03 5.93634566e-04 2.85911316e-04 1.89050510e+03 7.05525361e+01
6.37298789e-03 2.25606948e+00 9.28015418e-02 3.13083392e-03 5.93228879e-04 2.86910425e-04 1.89777812e+03 7.05429829e+01
6.39739095e-03 2.25576416e+00 9.27957439e-02 3.14198145e-03 5.92822813e-04 2.87908040e-04 1.90504497e+03 7.05334360e+01
6.42177315e-03 2.25545904e+00 9.27899355e-02 3.15311474e-03 5.92416383e-04 2.88904155e-04 1.91230562e+03 7.05238955e+01
6.44613430e-03 2.25515413e+00 9.27841165e-02 3.16423410e-03 5.92009606e-04 2.89898762e-04 1.91956000e+03 7.05143615e+01
6.47047423e-03 2.25484943e+00 9.27782871e-02 3.17533935e-03 5.91602497e-04 2.90891855e-04 1.92680805e+03 7.05048340e+01
6.49479276e-03 2.25454494e+00 9.27724473e-02 3.18643040e-03 5.91195074e-04 2.91883427e-04 1.93404974e+03 7.04953132e+01
6.51908972e-03 2.25424066e+00 9.27665971e-02 3.19750717e-03 5.90787352e-04 2.92873474e-04 1.94128500e+03 7.04857991e+01
6.54336493e-03 2.25393660e+00 9.27607366e-02 3.20856957e-03 5.90379346e-04 2.93861986e-04 1.94851379e+03 7.04762917e+01
6.56761822e-03 2.25363276e+00 9.27548658e-02 3.21961745e-03 5.89971074e-04 2.94848958e-04 1.95573604e+03 7.04667912e+01
6.59184941e-03 2.25332914e+00 9.27489848e-02 3.23065089e-03 5.89562549e-04 2.95834385e-04 1.96295172e+03 7.04572976e+01
6.61605833e-03 2.25302574e+00 9.27430937e-02 3.24166988e-03 5.89153788e-04 2.96818258e-04 1.97016077e+03 7.04478109e+01
6.64024480e-03 2.25272257e+00 9.27371925e-02 3.25267411e-03 5.88744805e-04 2.97800574e-04 1.97736313e+03 7.04383313e+01
6.66440866e-03 2.25241962e+00 9.27312812e-02 3.26366381e-03 5.88335617e-04 2.98781325e-04 1.98455875e+03 7.04288588e+01
6.68854973e-03 2.25211691e+00 9.27253600e-02 3.27463857e-03 5.87926239e-04 2.99760506e-04 1.99174759e+03 7.04193934e+01
6.71266784e-03 2.25181442e+00 9.27194289e-02 3.28559856e-03 5.87516686e-04 3.00738108e-04 1.99892960e+03 7.04099353e+01
6.73676282e-03 2.25151217e+00 9.27134880e-02 3.29654361e-03 5.87106974e-04 3.01714130e-04 2.00610471e+03 7.04004845e+01
6.76083451e-03 2.25121016e+00 9.27075372e-02 3.30747376e-03 5.86697117e-04 3.02688561e-04 2.01327289e+03 7.03910411e+01
6.78488273e-03 2.25090838e+00 9.27015768e-02 3.31838871e-03 5.86287131e-04 3.03661397e-04 2.02043409e+03 7.03816051e+01
6.80890732e-03 2.25060684e+00 9.26956067e-02 3.32928878e-03 5.85877031e-04 3.04632633e-04 2.02758824e+03 7.03721766e+01
6.83290810e-03 2.25030555e+00 9.26896270e-02 3.34017348e-03 5.85466832e-04 3.05602265e-04 2.03473531e+03 7.03627558e+01
6.85688493e-03 2.25000450e+00 9.26836378e-02 3.35104308e-03 5.85056549e-04 3.06570283e-04 2.04187524e+03 7.03533425e+01
6.88083762e-03 2.24970370e+00 9.26776392e-02 3.36189719e-03 5.84646198e-04 3.07536683e-04 2.04900798e+03 7.03439369e+01
6.90476601e-03 2.24940314e+00 9.26716312e-02 3.37273608e-03 5.84235794e-04 3.08501461e-04 2.05613349e+03 7.03345392e+01
6.92866994e-03 2.24910284e+00 9.26656139e-02 3.38355950e-03 5.83825350e-04 3.09464608e-04 2.06325171e+03 7.03251492e+01
6.95254925e-03 2.24880279e+00 9.26595874e-02 3.39436747e-03 5.83414883e-04 3.10426122e-04 2.07036260e+03 7.03157672e+01
6.97640377e-03 2.24850299e+00 9.26535518e-02 3.40515987e-03 5.83004408e-04 3.11385996e-04 2.07746612e+03 7.03063931e+01
7.00023334e-03 2.24820345e+00 9.26475071e-02 3.41593647e-03 5.82593939e-04 3.12344225e-04 2.08456220e+03 7.02970271e+01
7.02403780e-03 2.24790417e+00 9.26414534e-02 3.42669749e-03 5.82183492e-04 3.13300804e-04 2.09165080e+03 7.02876691e+01
7.04781699e-03 2.24760515e+00 9.26353908e-02 3.43744280e-03 5.81773081e-04 3.14255726e-04 2.09873188e+03 7.02783193e+01
7.07157076e-03 2.24730639e+00 9.26293194e-02 3.44817232e-03 5.81362721e-04 3.15208988e-04 2.10580539e+03 7.02689778e+01
7.09529893e-03 2.24700790e+00 9.26232391e-02 3.45888598e-03 5.80952428e-04 3.16160583e-04 2.11287127e+03 7.02596445e+01
7.11900136e-03 2.24670967e+00 9.26171503e-02 3.46958353e-03 5.80542216e-04 3.17110509e-04 2.11992949e+03 7.02503196e+01
7.14267790e-03 2.24641172e+00 9.26110528e-02 3.48026517e-03 5.80132100e-04 3.18058755e-04 2.12698000e+03 7.02410030e+01
7.16632837e-03 2.24611403e+00 9.26049468e-02 3.49093079e-03 5.79722096e-04 3.19005322e-04 2.13402275e+03 7.02316950e+01
7.18995264e-03 2.24581662e+00 9.25988323e-02 3.50158031e-03 5.79312217e-04 3.19950203e-04 2.14105770e+03 7.02223955e+01
7.21355054e-03 2.24551948e+00 9.25927095e-02 3.51221366e-03 5.78902480e-04 3.20893393e-04 2.14808479e+03 7.02131046e+01
7.23712193e-03 2.24522262e+00 9.25865785e-02 3.52283075e-03 5.78492900e-04 3.21834887e-04 2.15510399e+03 7.02038224e+01
7.26066665e-03 2.24492604e+00 9.25804392e-02 3.53343163e-03 5.78083490e-04 3.22774681e-04 2.16211524e+03 7.01945488e+01
7.28418455e-03 2.24462974e+00 9.25742919e-02 3.54401607e-03 5.77674266e-04 3.23712768e-04 2.16911851e+03 7.01852841e+01
7.30767548e-03 2.24433372e+00 9.25681365e-02 3.55458417e-03 5.77265243e-04 3.24649146e-04 2.17611375e+03 7.01760282e+01
7.33113928e-03 2.24403799e+00 9.25619732e-02 3.56513585e-03 5.76856436e-04 3.25583812e-04 2.18310092e+03 7.01667812e+01
7.35457582e-03 2.24374255e+00 9.25558020e-02 3.57567093e-03 5.76447860e-04 3.26516757e-04 2.19007996e+03 7.01575432e+01
7.37798495e-03 2.24344739e+00 9.25496232e-02 3.58618951e-03 5.76039530e-04 3.27447979e-04 2.19705084e+03 7.01483142e+01
7.40136651e-03 2.24315252e+00 9.25434367e-02 3.59669138e-03 5.75631461e-04 3.28377475e-04 2.20401351e+03 7.01390943e+01
7.42472035e-03 2.24285795e+00 9.25372426e-02 3.60717670e-03 5.75223667e-04 3.29305237e-04 2.21096792e+03 7.01298835e+01
7.44804635e-03 2.24256367e+00 9.25310411e-02 3.61764529e-03 5.74816164e-04 3.30231263e-04 2.21791405e+03 7.01206820e+01
7.47134434e-03 2.24226968e+00 9.25248322e-02 3.62809705e-03 5.74408967e-04 3.31155548e-04 2.22485183e+03 7.01114897e+01
7.49461418e-03 2.24197600e+00 9.25186160e-02 3.63853198e-03 5.74002090e-04 3.32078089e-04 2.23178123e+03 7.01023067e+01
7.51785574e-03 2.24168261e+00 9.25123925e-02 3.64895011e-03 5.73595548e-04 3.32998879e-04 2.23870221e+03 7.00931331e+01
7.54106886e-03 2.24138953e+00 9.25061620e-02 3.65935117e-03 5.73189355e-04 3.33917918e-04 2.24561473e+03 7.00839690e+01
7.56425342e-03 2.24109675e+00 9.24999244e-02 3.66973523e-03 5.72783528e-04 3.34835198e-04 2.25251873e+03 7.00748143e+01
7.58740926e-03 2.24080428e+00 9.24936799e-02 3.68010243e-03 5.72378080e-04 3.35750718e-04 2.25941418e+03 7.00656692e+01
7.61053624e-03 2.24051211e+00 9.24874286e-02 3.69045235e-03 5.71973026e-04 3.36664472e-04 2.26630105e+03 7.00565337e+01
7.63363424e-03 2.24022025e+00 9.24811706e-02 3.70078530e-03 5.71568380e-04 3.37576457e-04 2.27317928e+03 7.00474079e+01
7.65670310e-03 2.23992871e+00 9.24749059e-02 3.71110098e-03 5.71164160e-04 3.38486670e-04 2.28004883e+03 7.00382918e+01
7.67974268e-03 2.23963747e+00 9.24686347e-02 3.72139945e-03 5.70760376e-04 3.39395105e-04 2.28690966e+03 7.00291855e+01
7.70275288e-03 2.23934655e+00 9.24623571e-02 3.73168059e-03 5.70357042e-04 3.40301762e-04 2.29376175e+03 7.00200890e+01
7.72573356e-03 2.23905595e+00 9.24560732e-02 3.74194451e-03 5.69954177e-04 3.41206635e-04 2.30060504e+03 7.00110024e+01
7.74868450e-03 2.23876567e+00 9.24497830e-02 3.75219086e-03 5.69551799e-04 3.42109718e-04 2.30743948e+03 7.00019259e+01
7.77160561e-03 2.23847571e+00 9.24434868e-02 3.76241995e-03 5.69149906e-04 3.43011009e-04 2.31426504e+03 6.99928593e+01
7.79449695e-03 2.23818606e+00 9.24371844e-02 3.77263157e-03 5.68748518e-04 3.43910513e-04 2.32108173e+03 6.99838026e+01
7.81735817e-03 2.23789674e+00 9.24308760e-02 3.78282562e-03 5.68347673e-04 3.44808216e-04 2.32788945e+03 6.99747562e+01
7.84018879e-03 2.23760776e+00 9.24245620e-02 3.79300198e-03 5.67947369e-04 3.45704104e-04 2.33468806e+03 6.99657202e+01
7.86298939e-03 2.23731909e+00 9.24182424e-02 3.80316093e-03 5.67547577e-04 3.46598199e-04 2.34147773e+03 6.99566940e+01
7.88576027e-03 2.23703074e+00 9.24119167e-02 3.81330244e-03 5.67148354e-04 3.47490516e-04 2.34825854e+03 6.99476778e+01
7.90849956e-03 2.23674274e+00 9.24055855e-02 3.82342591e-03 5.66749784e-04 3.48380980e-04 2.35502996e+03 6.99386727e+01
7.93120676e-03 2.23645509e+00 9.23992496e-02 3.83353097e-03 5.66351795e-04 3.49269579e-04 2.36179181e+03 6.99296786e+01
7.95388558e-03 2.23616773e+00 9.23929080e-02 3.84361942e-03 5.65954282e-04 3.50156459e-04 2.36854522e+03 6.99206934e+01
7.97653615e-03 2.23588067e+00 9.23865601e-02 3.85369122e-03 5.65557394e-04 3.51041624e-04 2.37529021e+03 6.99117175e+01
7.99914947e-03 2.23559405e+00 9.23802084e-02 3.86374238e-03 5.65161375e-04 3.51924723e-04 2.38202411e+03 6.99027553e+01
8.02172538e-03 2.23530784e+00 9.23738536e-02 3.87377302e-03 5.64766059e-04 3.52805756e-04 2.38874687e+03 6.98938063e+01
8.04429529e-03 2.23502164e+00 9.23674872e-02 3.88379683e-03 5.64370802e-04 3.53685951e-04 2.39546784e+03 6.98848573e+01
8.06690981e-03 2.23473480e+00 9.23610944e-02 3.89383661e-03 5.63974915e-04 3.54567277e-04 2.40220210e+03 6.98758884e+01
8.08960118e-03 2.23444695e+00 9.23546656e-02 3.90390634e-03 5.63577979e-04 3.55450986e-04 2.40895924e+03 6.98668878e+01
8.11237048e-03 2.23415806e+00 9.23482009e-02 3.91400662e-03 5.63179831e-04 3.56337110e-04 2.41573959e+03 6.98578549e+01
8.13520992e-03 2.23386822e+00 9.23417025e-02 3.92413380e-03 5.62780489e-04 3.57225346e-04 2.42254083e+03 6.98487919e+01
8.15812079e-03 2.23357740e+00 9.23351696e-02 3.93428861e-03 5.62380058e-04 3.58115734e-04 2.42936333e+03 6.98396985e+01
8.18110800e-03 2.23328555e+00 9.23286008e-02 3.94447298e-03 5.61978566e-04 3.59008458e-04 2.43620857e+03 6.98305732e+01
8.20417228e-03 2.23299268e+00 9.23219957e-02 3.95468753e-03 5.61575942e-04 3.59903539e-04 2.44307676e+03 6.98214154e+01
8.22731300e-03 2.23269876e+00 9.23153545e-02 3.96493157e-03 5.61172153e-04 3.60800947e-04 2.44996771e+03 6.98122253e+01
8.25053169e-03 2.23240380e+00 9.23086765e-02 3.97520575e-03 5.60767229e-04 3.61700733e-04 2.45688188e+03 6.98030023e+01
8.27383019e-03 2.23210776e+00 9.23019611e-02 3.98551120e-03 5.60361181e-04 3.62602963e-04 2.46381982e+03 6.97937458e+01
8.29720931e-03 2.23181063e+00 9.22952079e-02 3.99584780e-03 5.59953985e-04 3.63507659e-04 2.47078176e+03 6.97844552e+01
8.32066995e-03 2.23151241e+00 9.22884165e-02 4.00621617e-03 5.59545631e-04 3.64414850e-04 2.47776798e+03 6.97751303e+01
8.34421350e-03 2.23121306e+00 9.22815864e-02 4.01661678e-03 5.59136131e-04 3.65324582e-04 2.48477889e+03 6.97657704e+01
8.36784119e-03 2.23091259e+00 9.22747172e-02 4.02705011e-03 5.58725480e-04 3.66236893e-04 2.49181485e+03 6.97563751e+01
8.39155409e-03 2.23061096e+00 9.22678082e-02 4.03751658e-03 5.58313664e-04 3.67151819e-04 2.49887619e+03 6.97469438e+01
8.41535343e-03 2.23030817e+00 9.22608592e-02 4.04801681e-03 5.57900678e-04 3.68069397e-04 2.50596327e+03 6.97374762e+01
8.43924047e-03 2.23000420e+00 9.22538695e-02 4.05855109e-03 5.57486523e-04 3.68989669e-04 2.51307647e+03 6.97279715e+01
8.46321644e-03 2.22969903e+00 9.22468386e-02 4.06912007e-03 5.57071197e-04 3.69912675e-04 2.52021614e+03 6.97184295e+01
8.48728256e-03 2.22939264e+00 9.22397661e-02 4.07972420e-03 5.56654697e-04 3.70838452e-04 2.52738266e+03 6.97088494e+01
8.51144013e-03 2.22908503e+00 9.22326514e-02 4.09036394e-03 5.56237019e-04 3.71767041e-04 2.53457642e+03 6.96992308e+01
8.53569041e-03 2.22877616e+00 9.22254939e-02 4.10103995e-03 5.55818161e-04 3.72698483e-04 2.54179778e+03 6.96895731e+01
8.56003470e-03 2.22846603e+00 9.22182932e-02 4.11175256e-03 5.55398114e-04 3.73632819e-04 2.54904714e+03 6.96798759e+01
8.58447432e-03 2.22815461e+00 9.22110487e-02 4.12250232e-03 5.54976874e-04 3.74570091e-04 2.55632488e+03 6.96701384e+01
8.60901060e-03 2.22784189e+00 9.22037599e-02 4.13328983e-03 5.54554450e-04 3.75510338e-04 2.56363141e+03 6.96603603e+01
8.63364488e-03 2.22752785e+00 9.21964262e-02 4.14411562e-03 5.54130828e-04 3.76453607e-04 2.57096712e+03 6.96505408e+01
8.65837852e-03 2.22721247e+00 9.21890470e-02 4.15498021e-03 5.53706004e-04 3.77399935e-04 2.57833242e+03 6.96406795e+01
8.68321291e-03 2.22689573e+00 9.21816217e-02 4.16588396e-03 5.53279983e-04 3.78349371e-04 2.58572772e+03 6.96307758e+01
8.70814944e-03 2.22657762e+00 9.21741498e-02 4.17682779e-03 5.52852762e-04 3.79301956e-04 2.59315344e+03 6.96208290e+01
8.73318953e-03 2.22625811e+00 9.21666307e-02 4.18781202e-03 5.52424340e-04 3.80257732e-04 2.60060999e+03 6.96108385e+01
8.75833461e-03 2.22593719e+00 9.21590637e-02 4.19883711e-03 5.51994702e-04 3.81216747e-04 2.60809781e+03 6.96008038e+01
8.78358614e-03 2.22561483e+00 9.21514484e-02 4.20990390e-03 5.51563855e-04 3.82179043e-04 2.61561733e+03 6.95907243e+01
8.80894558e-03 2.22529101e+00 9.21437839e-02 4.22101282e-03 5.51131803e-04 3.83144669e-04 2.62316898e+03 6.95805993e+01
8.83441443e-03 2.22496573e+00 9.21360698e-02 4.23216448e-03 5.50698533e-04 3.84113668e-04 2.63075321e+03 6.95704281e+01
8.85999419e-03 2.22463894e+00 9.21283053e-02 4.24335942e-03 5.50264049e-04 3.85086088e-04 2.63837047e+03 6.95602102e+01
8.88568641e-03 2.22431064e+00 9.21204899e-02 4.25459827e-03 5.49828350e-04 3.86061977e-04 2.64602122e+03 6.95499449e+01
8.91149262e-03 2.22398081e+00 9.21126229e-02 4.26588175e-03 5.49391434e-04 3.87041379e-04 2.65370592e+03 6.95396316e+01
8.93741440e-03 2.22364941e+00 9.21047035e-02 4.27721035e-03 5.48953299e-04 3.88024346e-04 2.66142503e+03 6.95292695e+01
8.96345335e-03 2.22331643e+00 9.20967312e-02 4.28858467e-03 5.48513945e-04 3.89010925e-04 2.66917903e+03 6.95188580e+01
8.98961108e-03 2.22298186e+00 9.20887053e-02 4.30000529e-03 5.48073369e-04 3.90001166e-04 2.67696840e+03 6.95083964e+01
9.01588922e-03 2.22264565e+00 9.20806250e-02 4.31147305e-03 5.47631572e-04 3.90995118e-04 2.68479363e+03 6.94978840e+01
9.04228945e-03 2.22230781e+00 9.20724896e-02 4.32298847e-03 5.47188551e-04 3.91992831e-04 2.69265521e+03 6.94873201e+01
9.06881343e-03 2.22196829e+00 9.20642985e-02 4.33455211e-03 5.46744307e-04 3.92994358e-04 2.70055364e+03 6.94767040e+01
9.09546289e-03 2.22162707e+00 9.20560508e-02 4.34616486e-03 5.46298839e-04 3.93999749e-04 2.70848944e+03 6.94660349e+01
9.12223954e-03 2.22128415e+00 9.20477459e-02 4.35782727e-03 5.45852146e-04 3.95009056e-04 2.71646312e+03 6.94553122e+01
9.14914514e-03 2.22093948e+00 9.20393829e-02 4.36953992e-03 5.45404226e-04 3.96022333e-04 2.72447520e+03 6.94445350e+01
9.17618148e-03 2.22059304e+00 9.20309613e-02 4.38130370e-03 5.44955078e-04 3.97039633e-04 2.73252620e+03 6.94337027e+01
9.20335035e-03 2.22024482e+00 9.20224801e-02 4.39311904e-03 5.44504702e-04 3.98061011e-04 2.74061668e+03 6.94228144e+01
9.23065359e-03 2.21989478e+00 9.20139386e-02 4.40498691e-03 5.44053096e-04 3.99086519e-04 2.74874716e+03 6.94118693e+01
9.25809306e-03 2.21954290e+00 9.20053357e-02 4.41690794e-03 5.43600260e-04 4.00116214e-04 2.75691821e+03 6.94008668e+01
9.28567062e-03 2.21918915e+00 9.19966707e-02 4.42888272e-03 5.43146194e-04 4.01150152e-04 2.76513039e+03 6.93898058e+01
9.31338821e-03 2.21883352e+00 9.19879430e-02 4.44091217e-03 5.42690897e-04 4.02188388e-04 2.77338426e+03 6.93786858e+01
9.34124775e-03 2.21847596e+00 9.19791519e-02 4.45299699e-03 5.42234367e-04 4.03230985e-04 2.78168041e+03 6.93675057e+01
9.36925122e-03 2.21811646e+00 9.19702968e-02 4.46513788e-03 5.41776605e-04 4.04278001e-04 2.79001941e+03 6.93562648e+01
9.39740061e-03 2.21775499e+00 9.19613767e-02 4.47733558e-03 5.41317609e-04 4.05329495e-04 2.79840187e+03 6.93449622e+01
9.42569795e-03 2.21739151e+00 9.19523901e-02 4.48959101e-03 5.40857378e-04 4.06385523e-04 2.80682838e+03 6.93335970e+01
9.45414530e-03 2.21702601e+00 9.19433357e-02 4.50190483e-03 5.40395912e-04 4.07446138e-04 2.81529957e+03 6.93221685e+01
9.48274474e-03 2.21665845e+00 9.19342123e-02 4.51427774e-03 5.39933209e-04 4.08511404e-04 2.82381604e+03 6.93106755e+01
9.51149841e-03 2.21628880e+00 9.19250197e-02 4.52671073e-03 5.39469267e-04 4.09581386e-04 2.83237845e+03 6.92991173e+01
9.54040845e-03 2.21591703e+00 9.19157578e-02 4.53920456e-03 5.39004086e-04 4.10656152e-04 2.84098741e+03 6.92874929e+01
9.56947705e-03 2.21554312e+00 9.19064262e-02 4.55176008e-03 5.38537663e-04 4.11735774e-04 2.84964360e+03 6.92758014e+01
9.59870643e-03 2.21516703e+00 9.18970237e-02 4.56437820e-03 5.38069996e-04 4.12820312e-04 2.85834766e+03 6.92640418e+01
9.62809885e-03 2.21478874e+00 9.18875483e-02 4.57705961e-03 5.37601083e-04 4.13909825e-04 2.86710027e+03 6.92522132e+01
9.65765659e-03 2.21440820e+00 9.18779982e-02 4.58980526e-03 5.37130922e-04 4.15004372e-04 2.87590211e+03 6.92403146e+01
9.68738199e-03 2.21402539e+00 9.18683722e-02 4.60261609e-03 5.36659510e-04 4.16104019e-04 2.88475388e+03 6.92283449e+01
9.71727741e-03 2.21364028e+00 9.18586698e-02 4.61549277e-03 5.36186845e-04 4.17208838e-04 2.89365628e+03 6.92163032e+01
9.74734526e-03 2.21325283e+00 9.18488907e-02 4.62843645e-03 5.35712922e-04 4.18318905e-04 2.90261002e+03 6.92041883e+01
9.77758796e-03 2.21286300e+00 9.18390344e-02 4.64144799e-03 5.35237738e-04 4.19434293e-04 2.91161583e+03 6.91919993e+01
9.80800800e-03 2.21247078e+00 9.18290996e-02 4.65452829e-03 5.34761289e-04 4.20555073e-04 2.92067446e+03 6.91797350e+01
9.83860791e-03 2.21207611e+00 9.18190846e-02 4.66767831e-03 5.34283572e-04 4.21681310e-04 2.92978664e+03 6.91673945e+01
9.86939024e-03 2.21167896e+00 9.18089878e-02 4.68089910e-03 5.33804580e-04 4.22813075e-04 2.93895315e+03 6.91549765e+01
9.90035759e-03 2.21127930e+00 9.17988081e-02 4.69419138e-03 5.33324310e-04 4.23950444e-04 2.94817475e+03 6.91424800e+01
9.93151262e-03 2.21087710e+00 9.17885447e-02 4.70755657e-03 5.32842757e-04 4.25093491e-04 2.95745224e+03 6.91299038e+01
9.96285801e-03 2.21047230e+00 9.17781965e-02 4.72099510e-03 5.32359914e-04 4.26242294e-04 2.96678641e+03 6.91172467e+01
9.99439649e-03 2.21006489e+00 9.17677623e-02 4.73450851e-03 5.31875775e-04 4.27396931e-04 2.97617809e+03 6.91045075e+01
1.00261308e-02 2.20965481e+00 9.17572409e-02 4.74809760e-03 5.31390333e-04 4.28557480e-04 2.98562810e+03 6.90916851e+01
1.00580639e-02 2.20924202e+00 9.17466308e-02 4.76176340e-03 5.30903582e-04 4.29724018e-04 2.99513727e+03 6.90787782e+01
1.00901986e-02 2.20882650e+00 9.17359307e-02 4.77550713e-03 5.30415513e-04 4.30896627e-04 3.00470648e+03 6.90657855e+01
1.01225377e-02 2.20840819e+00 9.17251395e-02 4.78932976e-03 5.29926117e-04 4.32075386e-04 3.01433658e+03 6.90527059e+01
1.01550843e-02 2.20798706e+00 9.17142558e-02 4.80323238e-03 5.29435386e-04 4.33260382e-04 3.02402847e+03 6.90395379e+01
1.01878414e-02 2.20756306e+00 9.17032784e-02 4.81721617e-03 5.28943310e-04 4.34451698e-04 3.03378304e+03 6.90262803e+01
1.02208122e-02 2.20713616e+00 9.16922058e-02 4.83128236e-03 5.28449878e-04 4.35649417e-04 3.04360121e+03 6.90129317e+01
1.02539996e-02 2.20670630e+00 9.16810367e-02 4.84543197e-03 5.27955077e-04 4.36853628e-04 3.05348391e+03 6.89994908e+01
1.02874069e-02 2.20627344e+00 9.16697695e-02 4.85966614e-03 5.27458896e-04 4.38064417e-04 3.06343210e+03 6.89859562e+01
1.03210373e-02 2.20583754e+00 9.16584027e-02 4.87398617e-03 5.26961319e-04 4.39281872e-04 3.07344673e+03 6.89723265e+01
1.03548942e-02 2.20539855e+00 9.16469348e-02 4.88839331e-03 5.26462331e-04 4.40506084e-04 3.08352880e+03 6.89586001e+01
1.03889809e-02 2.20495642e+00 9.16353643e-02 4.90288865e-03 5.25961914e-04 4.41737145e-04 3.09367929e+03 6.89447757e+01
1.04233009e-02 2.20451111e+00 9.16236898e-02 4.91747361e-03 5.25460049e-04 4.42975146e-04 3.10389924e+03 6.89308517e+01
1.04578575e-02 2.20406257e+00 9.16119097e-02 4.93214931e-03 5.24956716e-04 4.44220187e-04 3.11418968e+03 6.89168267e+01
1.04926544e-02 2.20361075e+00 9.16000225e-02 4.94691716e-03 5.24451893e-04 4.45472359e-04 3.12455166e+03 6.89026990e+01
1.05276951e-02 2.20315559e+00 9.15880265e-02 4.96177843e-03 5.23945555e-04 4.46731763e-04 3.13498626e+03 6.88884671e+01
1.05629834e-02 2.20269705e+00 9.15759201e-02 4.97673450e-03 5.23437676e-04 4.47998496e-04 3.14549457e+03 6.88741294e+01
1.05985230e-02 2.20223507e+00 9.15637015e-02 4.99178673e-03 5.22928228e-04 4.49272657e-04 3.15607771e+03 6.88596842e+01
1.06343177e-02 2.20176960e+00 9.15513691e-02 5.00693651e-03 5.22417182e-04 4.50554352e-04 3.16673683e+03 6.88451299e+01
1.06703714e-02 2.20130058e+00 9.15389212e-02 5.02218520e-03 5.21904505e-04 4.51843682e-04 3.17747306e+03 6.88304646e+01
1.07066880e-02 2.20082797e+00 9.15263556e-02 5.03753440e-03 5.21390161e-04 4.53140750e-04 3.18828759e+03 6.88156868e+01
1.07432717e-02 2.20035169e+00 9.15136709e-02 5.05298528e-03 5.20874123e-04 4.54445670e-04 3.19918164e+03 6.88007946e+01
1.07801263e-02 2.19987170e+00 9.15008656e-02 5.06853961e-03 5.20356350e-04 4.55758546e-04 3.21015640e+03 6.87857862e+01
1.08172563e-02 2.19938793e+00 9.14879369e-02 5.08419871e-03 5.19836791e-04 4.57079487e-04 3.22121312e+03 6.87706596e+01
1.08546659e-02 2.19890033e+00 9.14748828e-02 5.09996433e-03 5.19315426e-04 4.58408609e-04 3.23235313e+03 6.87554133e+01
1.08923593e-02 2.19840884e+00 9.14617029e-02 5.11583796e-03 5.18792222e-04 4.59746026e-04 3.24357765e+03 6.87400453e+01
1.09303408e-02 2.19791338e+00 9.14483947e-02 5.13182103e-03 5.18267082e-04 4.61091850e-04 3.25488796e+03 6.87245531e+01
1.09686156e-02 2.19741388e+00 9.14349536e-02 5.14791545e-03 5.17739988e-04 4.62446203e-04 3.26628561e+03 6.87089349e+01
1.10071879e-02 2.19691033e+00 9.14213794e-02 5.16412277e-03 5.17210983e-04 4.63809204e-04 3.27777185e+03 6.86931899e+01
1.10460613e-02 2.19640263e+00 9.14076739e-02 5.18044426e-03 5.16679896e-04 4.65180961e-04 3.28934775e+03 6.86773149e+01
1.10852425e-02 2.19589063e+00 9.13938296e-02 5.19688236e-03 5.16146572e-04 4.66561631e-04 3.30101530e+03 6.86613056e+01
1.11247371e-02 2.19537437e+00 9.13798403e-02 5.21343903e-03 5.15611269e-04 4.67951344e-04 3.31277621e+03 6.86451632e+01
1.11645454e-02 2.19485388e+00 9.13657140e-02 5.23011426e-03 5.15073948e-04 4.69350110e-04 3.32463049e+03 6.86288884e+01
1.12046741e-02 2.19432883e+00 9.13514510e-02 5.24691051e-03 5.14533909e-04 4.70758153e-04 3.33658020e+03 6.86124712e+01
1.12451382e-02 2.19379906e+00 9.13370314e-02 5.26383374e-03 5.13991345e-04 4.72175850e-04 3.34862980e+03 6.85959064e+01
1.12859327e-02 2.19326501e+00 9.13224556e-02 5.28088122e-03 5.13447288e-04 4.73602953e-04 3.36077779e+03 6.85792076e+01
1.13270473e-02 2.19272662e+00 9.13077468e-02 5.29804864e-03 5.12900739e-04 4.75039196e-04 3.37302106e+03 6.85623734e+01
1.13685183e-02 2.19218284e+00 9.12928896e-02 5.31535119e-03 5.12349808e-04 4.76485807e-04 3.38537050e+03 6.85453703e+01
1.14103727e-02 2.19163372e+00 9.12778465e-02 5.33279901e-03 5.11796485e-04 4.77943453e-04 3.39783410e+03 6.85282002e+01
1.14525399e-02 2.19108102e+00 9.12626477e-02 5.35036188e-03 5.11243516e-04 4.79409629e-04 3.41039084e+03 6.85109186e+01
1.14950019e-02 2.19052428e+00 9.12473331e-02 5.36803338e-03 5.10686915e-04 4.80883942e-04 3.42303539e+03 6.84935102e+01
1.15379373e-02 2.18995990e+00 9.12318300e-02 5.38588754e-03 5.10121702e-04 4.82372517e-04 3.43582090e+03 6.84758632e+01
1.15813770e-02 2.18938843e+00 9.12160888e-02 5.40393511e-03 5.09553687e-04 4.83875997e-04 3.44875656e+03 6.84579944e+01
1.16249283e-02 2.18881668e+00 9.12002595e-02 5.42201239e-03 5.08991740e-04 4.85380763e-04 3.46172547e+03 6.84401169e+01
1.16685609e-02 2.18824404e+00 9.11843884e-02 5.44010956e-03 5.08428303e-04 4.86886192e-04 3.47471859e+03 6.84222116e+01
1.17137072e-02 2.18764971e+00 9.11679438e-02 5.45882207e-03 5.07839645e-04 4.88441735e-04 3.48816248e+03 6.84036279e+01
1.17628594e-02 2.18700166e+00 9.11499864e-02 5.47917801e-03 5.07201713e-04 4.90132479e-04 3.50279926e+03 6.83833646e+01
1.18179333e-02 2.18627647e+00 9.11298163e-02 5.50196214e-03 5.06496095e-04 4.92023217e-04 3.51919940e+03 6.83606896e+01
1.18796071e-02 2.18546452e+00 9.11071760e-02 5.52744589e-03 5.05707757e-04 4.94135903e-04 3.53756493e+03 6.83353014e+01
1.19482214e-02 2.18455969e+00 9.10819056e-02 5.55576132e-03 5.04827329e-04 4.96480670e-04 3.55799721e+03 6.83070091e+01
1.20245765e-02 2.18355159e+00 9.10537003e-02 5.58722661e-03 5.03850340e-04 4.99083063e-04 3.58073457e+03 6.82754876e+01
1.21097330e-02 2.18242659e+00 9.10221593e-02 5.62226262e-03 5.02768180e-04 5.01976878e-04 3.60609288e+03 6.82403111e+01
1.22046741e-02 2.18117097e+00 9.09868503e-02 5.66125360e-03 5.01565969e-04 5.05192263e-04 3.63436488e+03 6.82010503e+01
1.23104301e-02 2.17977098e+00 9.09473238e-02 5.70459797e-03 5.00229108e-04 5.08760198e-04 3.66585741e+03 6.81572752e+01
1.24282460e-02 2.17821025e+00 9.09031146e-02 5.75277906e-03 4.98744339e-04 5.12718650e-04 3.70094116e+03 6.81084742e+01
1.25595190e-02 2.17646795e+00 9.08536736e-02 5.80632891e-03 4.97093569e-04 5.17108874e-04 3.74003226e+03 6.80539959e+01
1.27057530e-02 2.17452134e+00 9.07983160e-02 5.86581690e-03 4.95264187e-04 5.21973927e-04 3.78357851e+03 6.79931290e+01
1.28686217e-02 2.17234922e+00 9.07362851e-02 5.93186575e-03 4.93217256e-04 5.27360430e-04 3.83207832e+03 6.79252110e+01
1.30500039e-02 2.16992749e+00 9.06667440e-02 6.00516366e-03 4.90937472e-04 5.33319296e-04 3.88609114e+03 6.78494883e+01
1.32519755e-02 2.16722572e+00 9.05887455e-02 6.08646366e-03 4.88412330e-04 5.39905327e-04 3.94623521e+03 6.77650091e+01
1.34768298e-02 2.16420975e+00 9.05013177e-02 6.17658243e-03 4.85602854e-04 5.47177109e-04 4.01319336e+03 6.76707056e+01
1.37271117e-02 2.16084301e+00 9.04035053e-02 6.27641141e-03 4.82465094e-04 5.55198012e-04 4.08772347e+03 6.75654339e+01
1.40056384e-02 2.15708638e+00 9.02942505e-02 6.38691809e-03 4.78956826e-04 5.64035276e-04 4.17066445e+03 6.74479714e+01
1.43155200e-02 2.15289657e+00 9.01721403e-02 6.50913797e-03 4.75027807e-04 5.73757243e-04 4.26294245e+03 6.73169642e+01
1.46601894e-02 2.14822337e+00 9.00352949e-02 6.64416922e-03 4.70620118e-04 5.84431280e-04 4.36557970e+03 6.71708420e+01
1.50434338e-02 2.14300784e+00 8.98815996e-02 6.79317321e-03 4.65669508e-04 5.96124091e-04 4.47970401e+03 6.70077625e+01
1.54694284e-02 2.13718286e+00 8.97090867e-02 6.95738146e-03 4.60105304e-04 6.08903935e-04 4.60655869e+03 6.68256265e+01
1.59427717e-02 2.13067482e+00 8.95160544e-02 7.13809912e-03 4.53849067e-04 6.22841047e-04 4.74751305e+03 6.66221327e+01
1.64685203e-02 2.12340431e+00 8.93007752e-02 7.33668578e-03 4.46815194e-04 6.38003064e-04 4.90407294e+03 6.63947978e+01
1.70522254e-02 2.11528434e+00 8.90611120e-02 7.55451620e-03 4.38917971e-04 6.54447018e-04 5.07789137e+03 6.61409020e+01
1.76999729e-02 2.10621745e+00 8.87944448e-02 7.79293636e-03 4.30081460e-04 6.72212502e-04 5.27078065e+03 6.58573975e+01
1.84184298e-02 2.09609365e+00 8.84979421e-02 8.05322886e-03 4.20243604e-04 6.91318336e-04 5.48472608e+03 6.55408460e+01
