VARIABLES="Y/c","U","Urms/utau","Vrms/utau","Wrms/utau","<uv>/utau^2","y+",u"+"
0.00000000e+00 0.00000000e+00 0.00000000e+00 0.00000000e+00 0.00000000e+00 0.00000000e+00 0.00000000e+00 0.00000000e+00
1.29807645e-06 3.20249355e-02 2.83020860e-01 4.81978017e-03 1.84435745e-01 -2.72440363e-04 6.35064933e-01 6.35340417e-01
2.64556361e-06 6.52959832e-02 5.73818642e-01 1.62876610e-02 3.48456722e-01 -2.34847656e-03 1.29430333e+00 1.29540527e+00
4.04423812e-06 9.97375927e-02 8.71465511e-01 3.41508991e-02 4.95419044e-01 -8.54711043e-03 1.97858439e+00 1.97870353e+00
5.49593197e-06 1.35217111e-01 1.17189193e+00 5.71200040e-02 6.26814597e-01 -2.12835516e-02 2.68880439e+00 2.68261111e+00
7.00253345e-06 1.71469529e-01 1.46771118e+00 8.44442951e-02 7.44322540e-01 -4.26980731e-02 3.42588715e+00 3.40187795e+00
8.56598814e-06 2.08142946e-01 1.75067492e+00 1.15179716e-01 8.49447781e-01 -7.39063570e-02 4.19078451e+00 4.12952607e+00
1.01882997e-05 2.44819404e-01 2.01272901e+00 1.48780299e-01 9.43677229e-01 -1.14974957e-01 4.98447674e+00 4.85726368e+00
1.18715309e-05 2.81054377e-01 2.24788384e+00 1.84560002e-01 1.02843217e+00 -1.64718800e-01 5.80797298e+00 5.57626690e+00
1.36178039e-05 3.16426516e-01 2.45239694e+00 2.22124102e-01 1.10497981e+00 -2.21267382e-01 6.66231155e+00 6.27816974e+00
1.54293015e-05 3.50564850e-01 2.62504735e+00 2.60991282e-01 1.17444155e+00 -2.82225138e-01 7.54856028e+00 6.95560355e+00
1.73082672e-05 3.83175848e-01 2.76649742e+00 3.00860148e-01 1.23771895e+00 -3.45269165e-01 8.46781678e+00 7.60273697e+00
1.92570058e-05 4.14048512e-01 2.87881469e+00 3.41389128e-01 1.29553042e+00 -4.08236844e-01 9.42120864e+00 8.21537660e+00
2.12778836e-05 4.43054612e-01 2.96487653e+00 3.82328848e-01 1.34842405e+00 -4.69433345e-01 1.04098936e+01 8.79097320e+00
2.33733287e-05 4.70138655e-01 3.02790878e+00 4.23425123e-01 1.39681193e+00 -5.27575486e-01 1.14350595e+01 9.32842205e+00
2.55458308e-05 4.95305495e-01 3.07118464e+00 4.64456685e-01 1.44101817e+00 -5.81843415e-01 1.24979244e+01 9.82781743e+00
2.77979413e-05 5.18606193e-01 3.09779426e+00 5.05224282e-01 1.48130340e+00 -6.31787341e-01 1.35997365e+01 1.02901716e+01
3.01322724e-05 5.40124698e-01 3.11055454e+00 5.45528852e-01 1.51789780e+00 -6.77246492e-01 1.47417739e+01 1.07171503e+01
3.25514969e-05 5.59966296e-01 3.11194998e+00 5.85211065e-01 1.55101580e+00 -7.18298301e-01 1.59253441e+01 1.11108433e+01
3.50583472e-05 5.78248219e-01 3.10414014e+00 6.24098548e-01 1.58086831e+00 -7.55135018e-01 1.71517840e+01 1.14735777e+01
3.76556142e-05 5.95092576e-01 3.08897700e+00 6.62067753e-01 1.60766887e+00 -7.88073021e-01 1.84224589e+01 1.18077780e+01
4.03461458e-05 6.10621224e-01 3.06804216e+00 6.98979845e-01 1.63163487e+00 -8.17433544e-01 1.97387622e+01 1.21158631e+01
4.31328452e-05 6.24952255e-01 3.04268105e+00 7.34746129e-01 1.65298832e+00 -8.43595968e-01 2.11021142e+01 1.24001781e+01
4.60186690e-05 6.38197590e-01 3.01403426e+00 7.69264600e-01 1.67195409e+00 -8.66896539e-01 2.25139613e+01 1.26629449e+01
4.90066244e-05 6.50461526e-01 2.98306223e+00 8.02479063e-01 1.68875542e+00 -8.87693661e-01 2.39757748e+01 1.29062343e+01
5.20997665e-05 6.61839981e-01 2.95057074e+00 8.34324157e-01 1.70360753e+00 -9.06283375e-01 2.54890493e+01 1.31319508e+01
5.53011951e-05 6.72420443e-01 2.91723556e+00 8.64774348e-01 1.71670826e+00 -9.22961444e-01 2.70553015e+01 1.33418314e+01
5.86140508e-05 6.82282320e-01 2.88361993e+00 8.93800073e-01 1.72823250e+00 -9.37962756e-01 2.86760677e+01 1.35374525e+01
6.20415106e-05 6.91497689e-01 2.85018293e+00 9.21404681e-01 1.73832882e+00 -9.51516031e-01 3.03529023e+01 1.37202451e+01
6.55867832e-05 7.00132130e-01 2.81728687e+00 9.47591249e-01 1.74712447e+00 -9.63805547e-01 3.20873751e+01 1.38915110e+01
6.92531033e-05 7.08245433e-01 2.78520905e+00 9.72387846e-01 1.75473074e+00 -9.75010651e-01 3.38810687e+01 1.40524371e+01
7.30437257e-05 7.15892057e-01 2.75415454e+00 9.95823222e-01 1.76125036e+00 -9.85274973e-01 3.57355753e+01 1.42041042e+01
7.69619183e-05 7.23121558e-01 2.72427419e+00 1.01794166e+00 1.76678062e+00 -9.94729198e-01 3.76524938e+01 1.43474961e+01
8.10109547e-05 7.29978759e-01 2.69569432e+00 1.03878606e+00 1.77141094e+00 -1.00347982e+00 3.96334256e+01 1.44835021e+01
8.51941056e-05 7.36503676e-01 2.66851977e+00 1.05840740e+00 1.77521679e+00 -1.01162990e+00 4.16799711e+01 1.46129165e+01
8.95146297e-05 7.42731838e-01 2.64281450e+00 1.07685778e+00 1.77826230e+00 -1.01926626e+00 4.37937243e+01 1.47364445e+01
9.39757635e-05 7.48695208e-01 2.61860447e+00 1.09419535e+00 1.78061006e+00 -1.02645816e+00 4.59762689e+01 1.48547202e+01
9.85807105e-05 7.54422858e-01 2.59590506e+00 1.11047634e+00 1.78232781e+00 -1.03325605e+00 4.82291719e+01 1.49683206e+01
1.03332628e-04 7.59940813e-01 2.57473910e+00 1.12575401e+00 1.78348315e+00 -1.03971389e+00 5.05539782e+01 1.50777622e+01
1.08234618e-04 7.65272145e-01 2.55511642e+00 1.14007925e+00 1.78413712e+00 -1.04589412e+00 5.29522049e+01 1.51835026e+01
1.13289986e-04 7.70438008e-01 2.53701792e+00 1.15350473e+00 1.78434791e+00 -1.05186029e+00 5.54254701e+01 1.52859617e+01
1.18502647e-04 7.75458239e-01 2.52040879e+00 1.16608606e+00 1.78417121e+00 -1.05766437e+00 5.79756883e+01 1.53855330e+01
1.23876711e-04 7.80351037e-01 2.50523545e+00 1.17787896e+00 1.78365627e+00 -1.06333597e+00 6.06048703e+01 1.54825776e+01
1.29416424e-04 7.85132589e-01 2.49142251e+00 1.18893984e+00 1.78284283e+00 -1.06890040e+00 6.33150941e+01 1.55774167e+01
1.35126211e-04 7.89816793e-01 2.47889992e+00 1.19932486e+00 1.78175588e+00 -1.07439235e+00 6.61085240e+01 1.56703258e+01
1.41010679e-04 7.94415701e-01 2.46759308e+00 1.20909068e+00 1.78042271e+00 -1.07983245e+00 6.89874140e+01 1.57615441e+01
1.47074651e-04 7.98940770e-01 2.45740548e+00 1.21829243e+00 1.77889880e+00 -1.08520280e+00 7.19541237e+01 1.58512987e+01
1.53323209e-04 8.03403185e-01 2.44825574e+00 1.22698257e+00 1.77724824e+00 -1.09048192e+00 7.50111394e+01 1.59398116e+01
1.59761720e-04 8.07813094e-01 2.44008768e+00 1.23520915e+00 1.77550727e+00 -1.09568737e+00 7.81610865e+01 1.60272839e+01
1.66395860e-04 8.12179147e-01 2.43282252e+00 1.24301835e+00 1.77368376e+00 -1.10087442e+00 8.14067425e+01 1.61138872e+01
1.73231698e-04 8.16509014e-01 2.42635021e+00 1.25045407e+00 1.77177745e+00 -1.10608723e+00 8.47510767e+01 1.61997736e+01
1.80275774e-04 8.20809819e-01 2.42059786e+00 1.25755502e+00 1.76979381e+00 -1.11132945e+00 8.81972878e+01 1.62850843e+01
1.87535082e-04 8.25087557e-01 2.41555198e+00 1.26435314e+00 1.76774222e+00 -1.11659453e+00 9.17487983e+01 1.63699383e+01
1.95017115e-04 8.29347359e-01 2.41117342e+00 1.27087945e+00 1.76563039e+00 -1.12188461e+00 9.54092736e+01 1.64544373e+01
2.02730118e-04 8.33594619e-01 2.40740318e+00 1.27716683e+00 1.76347707e+00 -1.12721708e+00 9.91827473e+01 1.65386884e+01
2.10683235e-04 8.37834322e-01 2.40420566e+00 1.28324692e+00 1.76130968e+00 -1.13263130e+00 1.03073694e+02 1.66227904e+01
2.18886028e-04 8.42069728e-01 2.40155332e+00 1.28914757e+00 1.75915112e+00 -1.13816689e+00 1.07086790e+02 1.67068080e+01
2.27347627e-04 8.46303090e-01 2.39941011e+00 1.29489194e+00 1.75702882e+00 -1.14386164e+00 1.11226504e+02 1.67907859e+01
2.36076498e-04 8.50537561e-01 2.39773144e+00 1.30050187e+00 1.75496706e+00 -1.14971712e+00 1.15496976e+02 1.68747866e+01
2.45081036e-04 8.54777330e-01 2.39646486e+00 1.30599876e+00 1.75299831e+00 -1.15566869e+00 1.19902315e+02 1.69588929e+01
2.54370182e-04 8.59025772e-01 2.39555476e+00 1.31140078e+00 1.75112192e+00 -1.16165816e+00 1.24446894e+02 1.70431719e+01
2.63953556e-04 8.63285353e-01 2.39492395e+00 1.31672538e+00 1.74929486e+00 -1.16770030e+00 1.29135420e+02 1.71276724e+01
2.73841431e-04 8.67559279e-01 2.39452219e+00 1.32198956e+00 1.74754217e+00 -1.17383377e+00 1.33972918e+02 1.72124578e+01
2.84044783e-04 8.71851667e-01 2.39433527e+00 1.32721352e+00 1.74588995e+00 -1.18005230e+00 1.38964759e+02 1.72976100e+01
2.94575253e-04 8.76166272e-01 2.39432906e+00 1.33242243e+00 1.74434716e+00 -1.18631756e+00 1.44116637e+02 1.73832033e+01
3.05445297e-04 8.80505196e-01 2.39447453e+00 1.33764093e+00 1.74294602e+00 -1.19260448e+00 1.49434648e+02 1.74692795e+01
3.16668696e-04 8.84869600e-01 2.39473539e+00 1.34288407e+00 1.74173902e+00 -1.19892863e+00 1.54925532e+02 1.75558616e+01
3.28260463e-04 8.89262130e-01 2.39507043e+00 1.34814439e+00 1.74075128e+00 -1.20533277e+00 1.60596634e+02 1.76430019e+01
3.40235303e-04 8.93686248e-01 2.39550413e+00 1.35339907e+00 1.73992073e+00 -1.21183211e+00 1.66455150e+02 1.77307692e+01
3.52605832e-04 8.98143742e-01 2.39605693e+00 1.35863289e+00 1.73918483e+00 -1.21841903e+00 1.72507250e+02 1.78191989e+01
3.65382516e-04 9.02634862e-01 2.39674005e+00 1.36385019e+00 1.73858528e+00 -1.22503103e+00 1.78758056e+02 1.79082960e+01
3.78575119e-04 9.07159336e-01 2.39758806e+00 1.36905901e+00 1.73818415e+00 -1.23160681e+00 1.85212344e+02 1.79980552e+01
3.92193740e-04 9.11718594e-01 2.39852488e+00 1.37426184e+00 1.73794858e+00 -1.23814225e+00 1.91875056e+02 1.80885048e+01
4.06248688e-04 9.16317501e-01 2.39939755e+00 1.37946365e+00 1.73782787e+00 -1.24466263e+00 1.98751234e+02 1.81797410e+01
4.20750116e-04 9.20958989e-01 2.40016918e+00 1.38467056e+00 1.73781131e+00 -1.25126014e+00 2.05845845e+02 1.82718219e+01
4.35708063e-04 9.25639521e-01 2.40100468e+00 1.38986855e+00 1.73799195e+00 -1.25807186e+00 2.13163802e+02 1.83646777e+01
4.51132590e-04 9.30355653e-01 2.40206363e+00 1.39503280e+00 1.73849754e+00 -1.26512614e+00 2.20710027e+02 1.84582401e+01
4.67033704e-04 9.35109903e-01 2.40326433e+00 1.40015481e+00 1.73938364e+00 -1.27233948e+00 2.28489414e+02 1.85525590e+01
4.83421246e-04 9.39907053e-01 2.40444986e+00 1.40523991e+00 1.74050445e+00 -1.27956980e+00 2.36506779e+02 1.86477292e+01
5.00304876e-04 9.44750193e-01 2.40563060e+00 1.41029068e+00 1.74166657e+00 -1.28670576e+00 2.44766849e+02 1.87438119e+01
5.17694122e-04 9.49640339e-01 2.40686958e+00 1.41529628e+00 1.74290848e+00 -1.29377332e+00 2.53274283e+02 1.88408276e+01
5.35598352e-04 9.54576618e-01 2.40816069e+00 1.42025297e+00 1.74433596e+00 -1.30085040e+00 2.62033666e+02 1.89387587e+01
5.54026592e-04 9.59558533e-01 2.40944491e+00 1.42518112e+00 1.74587557e+00 -1.30808860e+00 2.71049413e+02 1.90375955e+01
5.72987539e-04 9.64590252e-01 2.41064770e+00 1.43010359e+00 1.74744861e+00 -1.31550141e+00 2.80325780e+02 1.91374206e+01
5.92489924e-04 9.69679302e-01 2.41172563e+00 1.43500852e+00 1.74907498e+00 -1.32290735e+00 2.89867036e+02 1.92383833e+01
6.12542108e-04 9.74828130e-01 2.41269076e+00 1.43986632e+00 1.75078199e+00 -1.33030967e+00 2.99677274e+02 1.93405321e+01
6.33150705e-04 9.80033727e-01 2.41363286e+00 1.44465309e+00 1.75265472e+00 -1.33775959e+00 3.09759729e+02 1.94438074e+01
6.54320158e-04 9.85295352e-01 2.41458919e+00 1.44934364e+00 1.75471321e+00 -1.34507322e+00 3.20116575e+02 1.95481946e+01
6.76053340e-04 9.90611717e-01 2.41541790e+00 1.45388282e+00 1.75694926e+00 -1.35216792e+00 3.30749216e+02 1.96536681e+01
6.98351096e-04 9.95975727e-01 2.41595933e+00 1.45824361e+00 1.75935967e+00 -1.35912098e+00 3.41658067e+02 1.97600869e+01
7.21212638e-04 1.00138360e+00 2.41623972e+00 1.46241522e+00 1.76193741e+00 -1.36597821e+00 3.52842743e+02 1.98673756e+01
7.44637950e-04 1.00684261e+00 2.41637259e+00 1.46642017e+00 1.76455865e+00 -1.37274078e+00 3.64303234e+02 1.99756789e+01
7.68625590e-04 1.01236151e+00 2.41643505e+00 1.47036187e+00 1.76707649e+00 -1.37948780e+00 3.76038837e+02 2.00851702e+01
7.93168293e-04 1.01794223e+00 2.41650902e+00 1.47425363e+00 1.76967262e+00 -1.38619635e+00 3.88045995e+02 2.01958880e+01
8.18261074e-04 1.02358939e+00 2.41651365e+00 1.47802705e+00 1.77239296e+00 -1.39261449e+00 4.00322272e+02 2.03079239e+01
8.43910254e-04 1.02931396e+00 2.41630182e+00 1.48161214e+00 1.77505478e+00 -1.39872429e+00 4.12870758e+02 2.04214955e+01
8.70115629e-04 1.03511745e+00 2.41613658e+00 1.48492499e+00 1.77780683e+00 -1.40481148e+00 4.25691355e+02 2.05366331e+01
8.96856001e-04 1.04099090e+00 2.41622605e+00 1.48792772e+00 1.78077698e+00 -1.41096919e+00 4.38773691e+02 2.06531592e+01
9.24126976e-04 1.04693832e+00 2.41623995e+00 1.49069219e+00 1.78366384e+00 -1.41682052e+00 4.52115617e+02 2.07711526e+01
9.51965864e-04 1.05297401e+00 2.41588698e+00 1.49336464e+00 1.78615871e+00 -1.42207226e+00 4.65735386e+02 2.08908968e+01
9.80364552e-04 1.05908574e+00 2.41512307e+00 1.49599853e+00 1.78819690e+00 -1.42697453e+00 4.79629029e+02 2.10121498e+01
1.00916388e-03 1.06522528e+00 2.41443307e+00 1.49845573e+00 1.79036461e+00 -1.43148962e+00 4.93718680e+02 2.11339547e+01
1.03811795e-03 1.07134096e+00 2.41353192e+00 1.50054018e+00 1.79194975e+00 -1.43562516e+00 5.07884034e+02 2.12552863e+01
1.06707579e-03 1.07740518e+00 2.41311139e+00 1.50214641e+00 1.79391089e+00 -1.43921455e+00 5.22051234e+02 2.13755973e+01
1.09603830e-03 1.08341524e+00 2.41148383e+00 1.50366064e+00 1.79379677e+00 -1.44260622e+00 5.36220718e+02 2.14948342e+01
1.12504782e-03 1.08938403e+00 2.41050286e+00 1.50547287e+00 1.79504451e+00 -1.44550297e+00 5.50413205e+02 2.16132519e+01
1.15410267e-03 1.09532704e+00 2.41024666e+00 1.50765569e+00 1.79780494e+00 -1.44787801e+00 5.64627864e+02 2.17311587e+01
1.18318419e-03 1.10125396e+00 2.40898325e+00 1.50993449e+00 1.79883630e+00 -1.44990686e+00 5.78855571e+02 2.18487465e+01
1.21229421e-03 1.10717236e+00 2.40801452e+00 1.51186879e+00 1.80033088e+00 -1.45143480e+00 5.93097223e+02 2.19661653e+01
1.24144056e-03 1.11309248e+00 2.40646351e+00 1.51335114e+00 1.80127490e+00 -1.45283964e+00 6.07356653e+02 2.20836181e+01
1.27062060e-03 1.11901461e+00 2.40456808e+00 1.51431375e+00 1.80226659e+00 -1.45384067e+00 6.21632557e+02 2.22011108e+01
1.29983024e-03 1.12492585e+00 2.40232168e+00 1.51481026e+00 1.80295394e+00 -1.45439790e+00 6.35922948e+02 2.23183867e+01
1.32907043e-03 1.13081126e+00 2.40001788e+00 1.51498625e+00 1.80333284e+00 -1.45458127e+00 6.50228284e+02 2.24351498e+01
1.35834166e-03 1.13666579e+00 2.39769285e+00 1.51497963e+00 1.80331454e+00 -1.45450828e+00 6.64548805e+02 2.25513001e+01
1.38764224e-03 1.14249266e+00 2.39525456e+00 1.51488698e+00 1.80292270e+00 -1.45428489e+00 6.78883685e+02 2.26669021e+01
1.41697125e-03 1.14829721e+00 2.39274078e+00 1.51465936e+00 1.80225880e+00 -1.45391142e+00 6.93232475e+02 2.27820610e+01
1.44632851e-03 1.15408629e+00 2.38993891e+00 1.51420098e+00 1.80144651e+00 -1.45331205e+00 7.07595087e+02 2.28969127e+01
1.47571338e-03 1.15986365e+00 2.38651848e+00 1.51354290e+00 1.80046372e+00 -1.45237783e+00 7.21971204e+02 2.30115316e+01
1.50512526e-03 1.16562721e+00 2.38250363e+00 1.51273335e+00 1.79912892e+00 -1.45096643e+00 7.36360538e+02 2.31258763e+01
1.53456405e-03 1.17137813e+00 2.37822404e+00 1.51169620e+00 1.79747415e+00 -1.44884740e+00 7.50763035e+02 2.32399696e+01
1.56402960e-03 1.17712264e+00 2.37396340e+00 1.51027691e+00 1.79580144e+00 -1.44604229e+00 7.65178626e+02 2.33539357e+01
1.59352164e-03 1.18286036e+00 2.36977996e+00 1.50844816e+00 1.79424285e+00 -1.44280508e+00 7.79607173e+02 2.34677666e+01
1.62303993e-03 1.18858288e+00 2.36558469e+00 1.50631849e+00 1.79260930e+00 -1.43922968e+00 7.94048568e+02 2.35812960e+01
1.65258430e-03 1.19428439e+00 2.36118535e+00 1.50399592e+00 1.79088065e+00 -1.43524343e+00 8.08502719e+02 2.36944088e+01
1.68215452e-03 1.19996501e+00 2.35640644e+00 1.50157907e+00 1.78899914e+00 -1.43077842e+00 8.22969515e+02 2.38071072e+01
1.71175036e-03 1.20562818e+00 2.35121710e+00 1.49909073e+00 1.78694551e+00 -1.42592566e+00 8.37448848e+02 2.39194594e+01
1.74137162e-03 1.21127786e+00 2.34556018e+00 1.49648814e+00 1.78469598e+00 -1.42094340e+00 8.51940614e+02 2.40315438e+01
1.77101805e-03 1.21691437e+00 2.33947099e+00 1.49374777e+00 1.78204921e+00 -1.41600199e+00 8.66444699e+02 2.41433668e+01
1.80068943e-03 1.22253725e+00 2.33321953e+00 1.49082623e+00 1.77893951e+00 -1.41095162e+00 8.80960988e+02 2.42549191e+01
1.83038551e-03 1.22815177e+00 2.32696154e+00 1.48764304e+00 1.77561760e+00 -1.40565456e+00 8.95489361e+02 2.43663051e+01
1.86010605e-03 1.23376250e+00 2.32068710e+00 1.48419026e+00 1.77217018e+00 -1.40020840e+00 9.10029699e+02 2.44776162e+01
1.88985080e-03 1.23936502e+00 2.31427754e+00 1.48056314e+00 1.76846759e+00 -1.39462148e+00 9.24581882e+02 2.45887644e+01
1.91961951e-03 1.24495275e+00 2.30750699e+00 1.47683531e+00 1.76435766e+00 -1.38866938e+00 9.39145792e+02 2.46996189e+01
1.94941195e-03 1.25052476e+00 2.30033331e+00 1.47301786e+00 1.75992828e+00 -1.38214353e+00 9.53721306e+02 2.48101609e+01
1.97922786e-03 1.25608251e+00 2.29279441e+00 1.46904507e+00 1.75549108e+00 -1.37493100e+00 9.68308306e+02 2.49204191e+01
2.00906700e-03 1.26162501e+00 2.28490660e+00 1.46486423e+00 1.75105408e+00 -1.36709695e+00 9.82906669e+02 2.50303741e+01
2.03892912e-03 1.26715002e+00 2.27671997e+00 1.46050560e+00 1.74623873e+00 -1.35892981e+00 9.97516272e+02 2.51399812e+01
2.06881396e-03 1.27265914e+00 2.26826362e+00 1.45600535e+00 1.74088072e+00 -1.35055781e+00 1.01213700e+03 2.52492729e+01
2.09872130e-03 1.27815829e+00 2.25946486e+00 1.45138288e+00 1.73493723e+00 -1.34186299e+00 1.02676873e+03 2.53583665e+01
2.12865091e-03 1.28365154e+00 2.25028635e+00 1.44657747e+00 1.72847123e+00 -1.33276757e+00 1.04141135e+03 2.54673426e+01
2.15860255e-03 1.28913849e+00 2.24085539e+00 1.44145827e+00 1.72187189e+00 -1.32317109e+00 1.05606475e+03 2.55761936e+01
2.18857599e-03 1.29461469e+00 2.23126969e+00 1.43599535e+00 1.71512382e+00 -1.31306663e+00 1.07072882e+03 2.56848309e+01
2.21857102e-03 1.30007202e+00 2.22149315e+00 1.43024734e+00 1.70810370e+00 -1.30253398e+00 1.08540345e+03 2.57930941e+01
2.24858739e-03 1.30550542e+00 2.21133900e+00 1.42427594e+00 1.70098756e+00 -1.29155519e+00 1.10008852e+03 2.59008825e+01
2.27862488e-03 1.31091732e+00 2.20069631e+00 1.41816685e+00 1.69394892e+00 -1.28011284e+00 1.11478392e+03 2.60082436e+01
2.30868325e-03 1.31631144e+00 2.18961372e+00 1.41197868e+00 1.68690507e+00 -1.26829968e+00 1.12948954e+03 2.61152516e+01
2.33876227e-03 1.32168744e+00 2.17818876e+00 1.40568019e+00 1.67955632e+00 -1.25616130e+00 1.14420526e+03 2.62218998e+01
2.36886171e-03 1.32704134e+00 2.16664948e+00 1.39917838e+00 1.67182584e+00 -1.24384702e+00 1.15893097e+03 2.63281090e+01
2.39898134e-03 1.33236768e+00 2.15523063e+00 1.39241173e+00 1.66369408e+00 -1.23157429e+00 1.17366656e+03 2.64337712e+01
2.42912091e-03 1.33766415e+00 2.14384320e+00 1.38539408e+00 1.65504892e+00 -1.21937528e+00 1.18841191e+03 2.65388411e+01
2.45928020e-03 1.34293485e+00 2.13199351e+00 1.37816461e+00 1.64598439e+00 -1.20703026e+00 1.20316690e+03 2.66433992e+01
2.48945897e-03 1.34818656e+00 2.11945721e+00 1.37074794e+00 1.63661554e+00 -1.19421434e+00 1.21793142e+03 2.67475798e+01
2.51965697e-03 1.35342227e+00 2.10647156e+00 1.36318372e+00 1.62679816e+00 -1.18082996e+00 1.23270535e+03 2.68514424e+01
2.54987397e-03 1.35863908e+00 2.09315356e+00 1.35547272e+00 1.61643561e+00 -1.16701175e+00 1.24748858e+03 2.69549296e+01
2.58010974e-03 1.36383159e+00 2.07950807e+00 1.34759124e+00 1.60557765e+00 -1.15290101e+00 1.26228098e+03 2.70579345e+01
2.61036403e-03 1.36899674e+00 2.06560389e+00 1.33951479e+00 1.59444580e+00 -1.13850764e+00 1.27708245e+03 2.71603959e+01
2.64063659e-03 1.37413467e+00 2.05150660e+00 1.33126314e+00 1.58321019e+00 -1.12383430e+00 1.29189286e+03 2.72623170e+01
2.67092720e-03 1.37924545e+00 2.03724588e+00 1.32287993e+00 1.57172019e+00 -1.10882891e+00 1.30671210e+03 2.73636992e+01
2.70123561e-03 1.38432616e+00 2.02284665e+00 1.31433702e+00 1.55981938e+00 -1.09348333e+00 1.32154004e+03 2.74644847e+01
2.73156157e-03 1.38937294e+00 2.00819627e+00 1.30557689e+00 1.54758300e+00 -1.07785931e+00 1.33637658e+03 2.75645967e+01
2.76190485e-03 1.39438614e+00 1.99312800e+00 1.29661970e+00 1.53498997e+00 -1.06194575e+00 1.35122158e+03 2.76640422e+01
2.79226520e-03 1.39936963e+00 1.97773412e+00 1.28751739e+00 1.52201619e+00 -1.04575781e+00 1.36607494e+03 2.77628981e+01
2.82264238e-03 1.40432556e+00 1.96213923e+00 1.27826906e+00 1.50875452e+00 -1.02936149e+00 1.38093653e+03 2.78612073e+01
2.85303614e-03 1.40925530e+00 1.94642388e+00 1.26882643e+00 1.49522658e+00 -1.01269575e+00 1.39580623e+03 2.79589966e+01
2.88344624e-03 1.41416262e+00 1.93046853e+00 1.25916397e+00 1.48144741e+00 -9.95670306e-01 1.41068393e+03 2.80563405e+01
2.91387243e-03 1.41904958e+00 1.91409205e+00 1.24928434e+00 1.46745995e+00 -9.78284236e-01 1.42556950e+03 2.81532803e+01
2.94431447e-03 1.42391196e+00 1.89735909e+00 1.23920733e+00 1.45325695e+00 -9.60566011e-01 1.44046283e+03 2.82497321e+01
2.97477212e-03 1.42874322e+00 1.88039418e+00 1.22894847e+00 1.43879240e+00 -9.42573537e-01 1.45536379e+03 2.83455667e+01
3.00524513e-03 1.43354120e+00 1.86318417e+00 1.21849264e+00 1.42413427e+00 -9.24348482e-01 1.47027226e+03 2.84407404e+01
3.03573325e-03 1.43830605e+00 1.84570143e+00 1.20782143e+00 1.40936864e+00 -9.05875403e-01 1.48518813e+03 2.85352563e+01
3.06623624e-03 1.44303327e+00 1.82800012e+00 1.19692054e+00 1.39444618e+00 -8.87251394e-01 1.50011127e+03 2.86290248e+01
3.09675385e-03 1.44771572e+00 1.81011905e+00 1.18580051e+00 1.37918150e+00 -8.68576675e-01 1.51504156e+03 2.87219051e+01
3.12728583e-03 1.45235233e+00 1.79204554e+00 1.17448117e+00 1.36337805e+00 -8.49812576e-01 1.52997889e+03 2.88138757e+01
3.15783193e-03 1.45694834e+00 1.77371493e+00 1.16298060e+00 1.34702797e+00 -8.30922324e-01 1.54492312e+03 2.89050408e+01
3.18839190e-03 1.46150853e+00 1.75507171e+00 1.15133729e+00 1.33027653e+00 -8.11856740e-01 1.55987414e+03 2.89954951e+01
3.21896550e-03 1.46603299e+00 1.73617323e+00 1.13958510e+00 1.31328830e+00 -7.92656108e-01 1.57483183e+03 2.90852404e+01
3.24955247e-03 1.47051817e+00 1.71700471e+00 1.12775497e+00 1.29612045e+00 -7.73418619e-01 1.58979605e+03 2.91742064e+01
3.28015257e-03 1.47496060e+00 1.69732922e+00 1.11587397e+00 1.27869676e+00 -7.54121814e-01 1.60476671e+03 2.92623236e+01
3.31076554e-03 1.47935721e+00 1.67707609e+00 1.10392144e+00 1.26104525e+00 -7.34763848e-01 1.61974365e+03 2.93495315e+01
3.34139114e-03 1.48370524e+00 1.65646483e+00 1.09185718e+00 1.24318389e+00 -7.15334044e-01 1.63472678e+03 2.94357745e+01
3.37202910e-03 1.48800623e+00 1.63558527e+00 1.07966868e+00 1.22504367e+00 -6.95758300e-01 1.64971596e+03 2.95210840e+01
3.40267919e-03 1.49226539e+00 1.61426859e+00 1.06735459e+00 1.20665800e+00 -6.76013648e-01 1.66471106e+03 2.96055628e+01
3.43334114e-03 1.49648378e+00 1.59232178e+00 1.05488634e+00 1.18801430e+00 -6.56177317e-01 1.67971198e+03 2.96892321e+01
3.46401471e-03 1.50065618e+00 1.56979556e+00 1.04223161e+00 1.16895100e+00 -6.36362416e-01 1.69471857e+03 2.97719884e+01
3.49469964e-03 1.50477681e+00 1.54684948e+00 1.02938075e+00 1.14946950e+00 -6.16636403e-01 1.70973073e+03 2.98537170e+01
3.52539568e-03 1.50884348e+00 1.52357957e+00 1.01630450e+00 1.12976102e+00 -5.96961472e-01 1.72474832e+03 2.99343746e+01
3.55610258e-03 1.51285667e+00 1.49996591e+00 1.00301024e+00 1.10985406e+00 -5.77268829e-01 1.73977121e+03 3.00139706e+01
3.58682007e-03 1.51681698e+00 1.47589302e+00 9.89557733e-01 1.08954530e+00 -5.57574590e-01 1.75479930e+03 3.00925173e+01
3.61754791e-03 1.52072410e+00 1.45127057e+00 9.75972797e-01 1.06893047e+00 -5.37946878e-01 1.76983245e+03 3.01700080e+01
3.64828584e-03 1.52457675e+00 1.42606219e+00 9.62278203e-01 1.04821591e+00 -5.18381019e-01 1.78487053e+03 3.02464173e+01
3.67903361e-03 1.52837246e+00 1.40028438e+00 9.48485529e-01 1.02739356e+00 -4.98845287e-01 1.79991342e+03 3.03216963e+01
3.70979095e-03 1.53210717e+00 1.37395786e+00 9.34570794e-01 1.00641057e+00 -4.79342409e-01 1.81496100e+03 3.03957641e+01
3.74055762e-03 1.53577491e+00 1.34718888e+00 9.20505883e-01 9.85276613e-01 -4.59945102e-01 1.83001315e+03 3.04685028e+01
3.77133336e-03 1.53936899e+00 1.32008588e+00 9.06287462e-01 9.64054787e-01 -4.40735822e-01 1.84506973e+03 3.05397794e+01
3.80211790e-03 1.54288445e+00 1.29264490e+00 8.91948903e-01 9.42818374e-01 -4.21762785e-01 1.86013062e+03 3.06094958e+01
3.83291101e-03 1.54631923e+00 1.26483739e+00 8.77509059e-01 9.21645098e-01 -4.03034327e-01 1.87519569e+03 3.06776109e+01
3.86371241e-03 1.54967297e+00 1.23656569e+00 8.62978981e-01 9.00437205e-01 -3.84550644e-01 1.89026483e+03 3.07441174e+01
3.89452185e-03 1.55294519e+00 1.20773732e+00 8.48364880e-01 8.79018615e-01 -3.66360167e-01 1.90533790e+03 3.08090061e+01
3.92533907e-03 1.55613401e+00 1.17843252e+00 8.33627684e-01 8.57431160e-01 -3.48514911e-01 1.92041477e+03 3.08722398e+01
3.95616382e-03 1.55923612e+00 1.14881841e+00 8.18746660e-01 8.35874067e-01 -3.31006368e-01 1.93549533e+03 3.09337525e+01
3.98699583e-03 1.56224751e+00 1.11890341e+00 8.03778968e-01 8.14355830e-01 -3.13793865e-01 1.95057944e+03 3.09934650e+01
4.01783485e-03 1.56516387e+00 1.08857687e+00 7.88790802e-01 7.92822459e-01 -2.96913667e-01 1.96566698e+03 3.10512919e+01
4.04868062e-03 1.56798124e+00 1.05787788e+00 7.73803413e-01 7.71339969e-01 -2.80447975e-01 1.98075782e+03 3.11071546e+01
4.07953288e-03 1.57069732e+00 1.02697229e+00 7.58797916e-01 7.50003648e-01 -2.64408132e-01 1.99585184e+03 3.11610075e+01
4.11039138e-03 1.57331127e+00 9.96022444e-01 7.43754939e-01 7.28849137e-01 -2.48811728e-01 2.01094891e+03 3.12128344e+01
4.14125584e-03 1.57582225e+00 9.64979775e-01 7.28680815e-01 7.07729632e-01 -2.33759384e-01 2.02604890e+03 3.12626185e+01
4.17212602e-03 1.57822906e+00 9.33883673e-01 7.13571902e-01 6.86672929e-01 -2.19290469e-01 2.04115168e+03 3.13103362e+01
4.20300165e-03 1.58053078e+00 9.02611154e-01 6.98414537e-01 6.65445606e-01 -2.05381599e-01 2.05625713e+03 3.13559690e+01
4.23388248e-03 1.58272751e+00 8.71783199e-01 6.83168996e-01 6.44829980e-01 -1.91900867e-01 2.07136513e+03 3.13995193e+01
4.26476824e-03 1.58481959e+00 8.41021350e-01 6.67951759e-01 6.23979401e-01 -1.78869536e-01 2.08647553e+03 3.14409940e+01
4.29565867e-03 1.58680613e+00 8.10521444e-01 6.52891956e-01 6.03325255e-01 -1.66410860e-01 2.10158822e+03 3.14803752e+01
4.32655351e-03 1.58868694e+00 7.80874548e-01 6.37965034e-01 5.83779232e-01 -1.54529505e-01 2.11670308e+03 3.15176598e+01
4.35745251e-03 1.59046323e+00 7.51503733e-01 6.23193029e-01 5.64138434e-01 -1.43285754e-01 2.13181996e+03 3.15528718e+01
4.38835540e-03 1.59213684e+00 7.22638652e-01 6.08497344e-01 5.44837956e-01 -1.32644234e-01 2.14693875e+03 3.15860478e+01
4.41926192e-03 1.59371127e+00 6.94199053e-01 5.93831995e-01 5.25883275e-01 -1.22597144e-01 2.16205931e+03 3.16172573e+01
4.45017181e-03 1.59519071e+00 6.66218471e-01 5.79210359e-01 5.07325068e-01 -1.13097115e-01 2.17718152e+03 3.16465832e+01
4.48108481e-03 1.59657770e+00 6.38858845e-01 5.64648714e-01 4.89042502e-01 -1.04119267e-01 2.19230525e+03 3.16740760e+01
4.51200066e-03 1.59787319e+00 6.12357564e-01 5.50156931e-01 4.70997410e-01 -9.56678739e-02 2.20743038e+03 3.16997547e+01
4.54291909e-03 1.59907907e+00 5.86797262e-01 5.35745714e-01 4.53357693e-01 -8.77462007e-02 2.22255677e+03 3.17236571e+01
4.57383985e-03 1.60019974e+00 5.61956724e-01 5.21462864e-01 4.36194094e-01 -8.03314368e-02 2.23768430e+03 3.17458702e+01
4.60476268e-03 1.60124065e+00 5.37635223e-01 5.07371585e-01 4.19479878e-01 -7.33679758e-02 2.25281284e+03 3.17665021e+01
4.63568730e-03 1.60220592e+00 5.13904112e-01 4.93497232e-01 4.03270657e-01 -6.68072236e-02 2.26794226e+03 3.17856347e+01
4.66661347e-03 1.60309726e+00 4.90979437e-01 4.79812584e-01 3.87642871e-01 -6.06412115e-02 2.28307244e+03 3.18033017e+01
4.69754092e-03 1.60391471e+00 4.69111054e-01 4.66294916e-01 3.72569005e-01 -5.49132233e-02 2.29820324e+03 3.18195042e+01
4.72846938e-03 1.60465945e+00 4.48400910e-01 4.52967445e-01 3.57959433e-01 -4.96500653e-02 2.31333454e+03 3.18342655e+01
4.75939861e-03 1.60533626e+00 4.28742694e-01 4.39895426e-01 3.43696858e-01 -4.48210416e-02 2.32846621e+03 3.18476804e+01
4.79032832e-03 1.60595235e+00 4.10037791e-01 4.27118931e-01 3.29780836e-01 -4.03770119e-02 2.34359812e+03 3.18598921e+01
4.82125827e-03 1.60651394e+00 3.92274338e-01 4.14631016e-01 3.16235741e-01 -3.62927807e-02 2.35873015e+03 3.18710235e+01
4.85218819e-03 1.60702473e+00 3.75457631e-01 4.02412759e-01 3.03004357e-01 -3.25597801e-02 2.37386216e+03 3.18811480e+01
4.88311782e-03 1.60748701e+00 3.59569527e-01 3.90435599e-01 2.90155475e-01 -2.91650575e-02 2.38899403e+03 3.18903111e+01
4.91404690e-03 1.60790323e+00 3.44608014e-01 3.78685148e-01 2.77816609e-01 -2.60947197e-02 2.40412563e+03 3.18985614e+01
4.94497517e-03 1.60827680e+00 3.30509892e-01 3.67187750e-01 2.66033417e-01 -2.33292134e-02 2.41925683e+03 3.19059662e+01
4.97590236e-03 1.60861199e+00 3.17133689e-01 3.55975846e-01 2.54862274e-01 -2.08294786e-02 2.43438751e+03 3.19126106e+01
5.00682821e-03 1.60891309e+00 3.04383048e-01 3.45079271e-01 2.44257269e-01 -1.85518577e-02 2.44951753e+03 3.19185794e+01
5.03775246e-03 1.60918335e+00 2.92250185e-01 3.34524213e-01 2.34094941e-01 -1.64672246e-02 2.46464677e+03 3.19239370e+01
5.06867486e-03 1.60942487e+00 2.80750862e-01 3.24315875e-01 2.24323740e-01 -1.45784474e-02 2.47977510e+03 3.19287250e+01
5.09959513e-03 1.60963947e+00 2.69912434e-01 3.14436789e-01 2.14991880e-01 -1.29004309e-02 2.49490239e+03 3.19329794e+01
5.13051302e-03 1.60982950e+00 2.59713413e-01 3.04874099e-01 2.06151237e-01 -1.14228249e-02 2.51002851e+03 3.19367467e+01
5.16142827e-03 1.60999775e+00 2.50084002e-01 2.95637773e-01 1.97764176e-01 -1.01141605e-02 2.52515335e+03 3.19400825e+01
5.19234061e-03 1.61014683e+00 2.41028505e-01 2.86729779e-01 1.89766250e-01 -8.94019355e-03 2.54027676e+03 3.19430383e+01
5.22324978e-03 1.61027879e+00 2.32609644e-01 2.78127320e-01 1.82156153e-01 -7.88308487e-03 2.55539862e+03 3.19456545e+01
5.25415553e-03 1.61039514e+00 2.24773546e-01 2.69819053e-01 1.74910535e-01 -6.93909027e-03 2.57051880e+03 3.19479616e+01
5.28505759e-03 1.61049737e+00 2.17419549e-01 2.61814699e-01 1.67933959e-01 -6.09708322e-03 2.58563718e+03 3.19499885e+01
5.31595570e-03 1.61058700e+00 2.10488398e-01 2.54121514e-01 1.61213290e-01 -5.34630922e-03 2.60075363e+03 3.19517658e+01
5.34684960e-03 1.61066546e+00 2.03923590e-01 2.46733726e-01 1.54826918e-01 -4.68288760e-03 2.61586802e+03 3.19533217e+01
5.37773903e-03 1.61073404e+00 1.97706553e-01 2.39636195e-01 1.48777332e-01 -4.09634620e-03 2.63098022e+03 3.19546818e+01
5.40862373e-03 1.61079407e+00 1.91858139e-01 2.32806088e-01 1.43054360e-01 -3.57203138e-03 2.64609011e+03 3.19558724e+01
5.43950344e-03 1.61084665e+00 1.86395464e-01 2.26218973e-01 1.37665295e-01 -3.10213214e-03 2.66119756e+03 3.19569153e+01
5.47037789e-03 1.61089233e+00 1.81328084e-01 2.19868289e-01 1.32574881e-01 -2.69202114e-03 2.67630244e+03 3.19578213e+01
5.50124684e-03 1.61093145e+00 1.76627851e-01 2.13761194e-01 1.27746469e-01 -2.34770596e-03 2.69140462e+03 3.19585973e+01
5.53211002e-03 1.61096482e+00 1.72196759e-01 2.07902340e-01 1.23151170e-01 -2.05778907e-03 2.70650398e+03 3.19592594e+01
5.56296717e-03 1.61099367e+00 1.67964810e-01 2.02291601e-01 1.18776842e-01 -1.80288858e-03 2.72160039e+03 3.19598317e+01
5.59381803e-03 1.61101883e+00 1.63918649e-01 1.96923942e-01 1.14648528e-01 -1.57321829e-03 2.73669372e+03 3.19603309e+01
5.62466235e-03 1.61104061e+00 1.60056303e-01 1.91792727e-01 1.10807785e-01 -1.36894167e-03 2.75178385e+03 3.19607632e+01
5.65549986e-03 1.61105925e+00 1.56386293e-01 1.86894316e-01 1.07247453e-01 -1.19055692e-03 2.76687065e+03 3.19611330e+01
5.68633030e-03 1.61107524e+00 1.52900209e-01 1.82222659e-01 1.03894891e-01 -1.03420746e-03 2.78195399e+03 3.19614504e+01
5.71715342e-03 1.61108919e+00 1.49588065e-01 1.77761690e-01 1.00709320e-01 -8.94629718e-04 2.79703375e+03 3.19617275e+01
5.74796896e-03 1.61110154e+00 1.46476844e-01 1.73488948e-01 9.77052386e-02 -7.70343752e-04 2.81210981e+03 3.19619725e+01
5.77877666e-03 1.61111240e+00 1.43554302e-01 1.69384775e-01 9.49054707e-02 -6.63854120e-04 2.82718202e+03 3.19621882e+01
5.80957626e-03 1.61112182e+00 1.40748828e-01 1.65438767e-01 9.23002686e-02 -5.77492227e-04 2.84225028e+03 3.19623753e+01
5.84036751e-03 1.61112991e+00 1.38014209e-01 1.61647857e-01 8.98559363e-02 -5.10135062e-04 2.85731445e+03 3.19625360e+01
5.87115014e-03 1.61113691e+00 1.35357414e-01 1.58007571e-01 8.75402630e-02 -4.56386971e-04 2.87237440e+03 3.19626749e+01
5.90192391e-03 1.61114301e+00 1.32790866e-01 1.54514975e-01 8.53069766e-02 -4.10070904e-04 2.88743002e+03 3.19627961e+01
5.93268856e-03 1.61114829e+00 1.30309001e-01 1.51168174e-01 8.31411244e-02 -3.69923642e-04 2.90248117e+03 3.19629011e+01
5.96344382e-03 1.61115280e+00 1.27910300e-01 1.47959488e-01 8.10833788e-02 -3.37756591e-04 2.91752774e+03 3.19629909e+01
5.99418945e-03 1.61115671e+00 1.25598019e-01 1.44880990e-01 7.91430454e-02 -3.12527458e-04 2.93256959e+03 3.19630686e+01
6.02492519e-03 1.61116026e+00 1.23366285e-01 1.41926400e-01 7.73008109e-02 -2.90591626e-04 2.94760660e+03 3.19631392e+01
6.05565078e-03 1.61116360e+00 1.21206738e-01 1.39086988e-01 7.55578146e-02 -2.69704902e-04 2.96263864e+03 3.19632056e+01
6.08636597e-03 1.61116675e+00 1.19116876e-01 1.36353692e-01 7.39109290e-02 -2.50245683e-04 2.97766560e+03 3.19632683e+01
6.11707050e-03 1.61116974e+00 1.17101070e-01 1.33721115e-01 7.23321915e-02 -2.33351283e-04 2.99268734e+03 3.19633277e+01
6.14776413e-03 1.61117259e+00 1.15160712e-01 1.31186347e-01 7.07984434e-02 -2.19297030e-04 3.00770375e+03 3.19633843e+01
6.17844658e-03 1.61117532e+00 1.13293276e-01 1.28745403e-01 6.93148300e-02 -2.07530242e-04 3.02271469e+03 3.19634387e+01
6.20911762e-03 1.61117798e+00 1.11494915e-01 1.26392205e-01 6.78949560e-02 -1.97387173e-04 3.03772005e+03 3.19634914e+01
6.23977700e-03 1.61118059e+00 1.09759626e-01 1.24121294e-01 6.65376746e-02 -1.88179922e-04 3.05271970e+03 3.19635434e+01
6.27042444e-03 1.61118320e+00 1.08081925e-01 1.21928806e-01 6.52347694e-02 -1.79352645e-04 3.06771352e+03 3.19635952e+01
6.30105971e-03 1.61118579e+00 1.06454477e-01 1.19809443e-01 6.39865686e-02 -1.71131536e-04 3.08270138e+03 3.19636467e+01
6.33168256e-03 1.61118834e+00 1.04868578e-01 1.17757047e-01 6.27964404e-02 -1.63860452e-04 3.09768316e+03 3.19636974e+01
6.36229273e-03 1.61119086e+00 1.03321673e-01 1.15767674e-01 6.16554779e-02 -1.57194533e-04 3.11265873e+03 3.19637475e+01
6.39288996e-03 1.61119336e+00 1.01817690e-01 1.13838891e-01 6.05465847e-02 -1.50718789e-04 3.12762798e+03 3.19637971e+01
6.42347402e-03 1.61119584e+00 1.00359310e-01 1.11967018e-01 5.94640382e-02 -1.44499882e-04 3.14259079e+03 3.19638465e+01
6.45404465e-03 1.61119833e+00 9.89461551e-02 1.10147985e-01 5.84117535e-02 -1.38761928e-04 3.15754702e+03 3.19638958e+01
6.48460160e-03 1.61120083e+00 9.75771733e-02 1.08379993e-01 5.73898332e-02 -1.33448698e-04 3.17249656e+03 3.19639455e+01
6.51514461e-03 1.61120336e+00 9.62511554e-02 1.06662966e-01 5.63947116e-02 -1.28266831e-04 3.18743928e+03 3.19639959e+01
6.54567345e-03 1.61120593e+00 9.49633955e-02 1.04996540e-01 5.54288711e-02 -1.23133775e-04 3.20237507e+03 3.19640469e+01
6.57618787e-03 1.61120850e+00 9.37051039e-02 1.03379206e-01 5.44961366e-02 -1.18284435e-04 3.21730381e+03 3.19640980e+01
6.60668761e-03 1.61121105e+00 9.24733824e-02 1.01808397e-01 5.35941178e-02 -1.13918157e-04 3.23222536e+03 3.19641486e+01
6.63717243e-03 1.61121359e+00 9.12728763e-02 1.00280903e-01 5.27198388e-02 -1.09978670e-04 3.24713961e+03 3.19641989e+01
6.66764208e-03 1.61121614e+00 9.01063347e-02 9.87934559e-02 5.18710850e-02 -1.06297741e-04 3.26204644e+03 3.19642495e+01
6.69809632e-03 1.61121872e+00 8.89725598e-02 9.73433043e-02 5.10459148e-02 -1.02776049e-04 3.27694573e+03 3.19643008e+01
6.72853490e-03 1.61122132e+00 8.78687831e-02 9.59284800e-02 5.02431481e-02 -9.94230872e-05 3.29183736e+03 3.19643526e+01
6.75895758e-03 1.61122395e+00 8.67938398e-02 9.45476847e-02 4.94620765e-02 -9.62287074e-05 3.30672121e+03 3.19644048e+01
6.78936410e-03 1.61122660e+00 8.57487599e-02 9.31999344e-02 4.87018575e-02 -9.31276069e-05 3.32159716e+03 3.19644573e+01
6.81975423e-03 1.61122925e+00 8.47332881e-02 9.18843198e-02 4.79603687e-02 -9.01051181e-05 3.33646509e+03 3.19645099e+01
6.85012773e-03 1.61123190e+00 8.37458369e-02 9.05997805e-02 4.72365273e-02 -8.71899321e-05 3.35132488e+03 3.19645626e+01
6.88048434e-03 1.61123454e+00 8.27850380e-02 8.93451670e-02 4.65301430e-02 -8.44170675e-05 3.36617641e+03 3.19646150e+01
6.91082384e-03 1.61123717e+00 8.18489219e-02 8.81194769e-02 4.58414439e-02 -8.18446330e-05 3.38101956e+03 3.19646672e+01
6.94114597e-03 1.61123979e+00 8.09355664e-02 8.69217907e-02 4.51705147e-02 -7.95022412e-05 3.39585422e+03 3.19647192e+01
6.97145049e-03 1.61124241e+00 8.00441211e-02 8.57511493e-02 4.45162332e-02 -7.73301661e-05 3.41068027e+03 3.19647712e+01
7.00173717e-03 1.61124504e+00 7.91741227e-02 8.46065521e-02 4.38770942e-02 -7.52408028e-05 3.42549758e+03 3.19648235e+01
7.03200576e-03 1.61124769e+00 7.83246711e-02 8.34870113e-02 4.32525818e-02 -7.32130079e-05 3.44030604e+03 3.19648761e+01
7.06225602e-03 1.61125037e+00 7.74950620e-02 8.23916064e-02 4.26429453e-02 -7.12731827e-05 3.45510554e+03 3.19649292e+01
7.09248772e-03 1.61125306e+00 7.66849338e-02 8.13195800e-02 4.20480571e-02 -6.94235057e-05 3.46989596e+03 3.19649827e+01
7.12270061e-03 1.61125579e+00 7.58937059e-02 8.02704178e-02 4.14669214e-02 -6.76333478e-05 3.48467718e+03 3.19650367e+01
7.15289447e-03 1.61125853e+00 7.51205470e-02 7.92437417e-02 4.08983117e-02 -6.58774859e-05 3.49944908e+03 3.19650913e+01
7.18306904e-03 1.61126131e+00 7.43648031e-02 7.82390774e-02 4.03415157e-02 -6.41462541e-05 3.51421155e+03 3.19651464e+01
7.21322410e-03 1.61126411e+00 7.36261139e-02 7.72557383e-02 3.97961764e-02 -6.24306464e-05 3.52896447e+03 3.19652020e+01
7.24335941e-03 1.61126694e+00 7.29040749e-02 7.62929069e-02 3.92619301e-02 -6.07268172e-05 3.54370773e+03 3.19652581e+01
7.27347474e-03 1.61126979e+00 7.21982191e-02 7.53497648e-02 3.87386076e-02 -5.90477633e-05 3.55844122e+03 3.19653147e+01
7.30356984e-03 1.61127266e+00 7.15081751e-02 7.44255669e-02 3.82262452e-02 -5.74141296e-05 3.57316481e+03 3.19653717e+01
7.33364449e-03 1.61127556e+00 7.08335688e-02 7.35196748e-02 3.77248084e-02 -5.58349353e-05 3.58787839e+03 3.19654292e+01
7.36369845e-03 1.61127847e+00 7.01739198e-02 7.26315628e-02 3.72340907e-02 -5.43028379e-05 3.60258185e+03 3.19654870e+01
7.39373150e-03 1.61128141e+00 6.95286386e-02 7.17607882e-02 3.67536974e-02 -5.28071488e-05 3.61727508e+03 3.19655453e+01
7.42374339e-03 1.61128437e+00 6.88971505e-02 7.09069299e-02 3.62831550e-02 -5.13433368e-05 3.63195796e+03 3.19656041e+01
7.45373389e-03 1.61128735e+00 6.82791114e-02 7.00695369e-02 3.58220232e-02 -4.99089978e-05 3.64663037e+03 3.19656633e+01
7.48370279e-03 1.61129036e+00 6.76743666e-02 6.92481390e-02 3.53698138e-02 -4.85036900e-05 3.66129221e+03 3.19657229e+01
7.51364983e-03 1.61129339e+00 6.70827789e-02 6.84422749e-02 3.49260592e-02 -4.71337783e-05 3.67594337e+03 3.19657830e+01
7.54357481e-03 1.61129643e+00 6.65040742e-02 6.76515071e-02 3.44904382e-02 -4.58102153e-05 3.69058373e+03 3.19658435e+01
7.57347749e-03 1.61129950e+00 6.59377569e-02 6.68754361e-02 3.40627189e-02 -4.45443837e-05 3.70521318e+03 3.19659044e+01
7.60335763e-03 1.61130259e+00 6.53832764e-02 6.61136956e-02 3.36427215e-02 -4.33399621e-05 3.71983160e+03 3.19659656e+01
7.63321502e-03 1.61130569e+00 6.48402375e-02 6.53659305e-02 3.32303045e-02 -4.21893709e-05 3.73443889e+03 3.19660273e+01
7.66304943e-03 1.61130882e+00 6.43084190e-02 6.46317824e-02 3.28253590e-02 -4.10794013e-05 3.74903494e+03 3.19660893e+01
7.69286062e-03 1.61131197e+00 6.37876435e-02 6.39108853e-02 3.24278109e-02 -3.99987659e-05 3.76361963e+03 3.19661518e+01
7.72264839e-03 1.61131514e+00 6.32776570e-02 6.32028861e-02 3.20376793e-02 -3.89413643e-05 3.77819286e+03 3.19662147e+01
7.75241249e-03 1.61131833e+00 6.27781084e-02 6.25074783e-02 3.16551524e-02 -3.79051606e-05 3.79275451e+03 3.19662780e+01
7.78215271e-03 1.61132154e+00 6.22886472e-02 6.18244273e-02 3.12802967e-02 -3.68900602e-05 3.80730448e+03 3.19663418e+01
7.81186883e-03 1.61132478e+00 6.18090272e-02 6.11535509e-02 3.09126279e-02 -3.58969642e-05 3.82184266e+03 3.19664060e+01
7.84156062e-03 1.61132803e+00 6.13390834e-02 6.04946536e-02 3.05515161e-02 -3.49286137e-05 3.83636893e+03 3.19664706e+01
7.87122787e-03 1.61133131e+00 6.08786460e-02 5.98474724e-02 3.01968391e-02 -3.39889817e-05 3.85088320e+03 3.19665356e+01
7.90087034e-03 1.61133460e+00 6.04275083e-02 5.92116895e-02 2.98486844e-02 -3.30794007e-05 3.86538535e+03 3.19666009e+01
7.93048783e-03 1.61133792e+00 5.99854470e-02 5.85869795e-02 2.95069032e-02 -3.21968324e-05 3.87987527e+03 3.19666667e+01
7.96008011e-03 1.61134125e+00 5.95522446e-02 5.79730372e-02 2.91712311e-02 -3.13366388e-05 3.89435286e+03 3.19667329e+01
7.98964697e-03 1.61134461e+00 5.91276878e-02 5.73695828e-02 2.88414463e-02 -3.04958208e-05 3.90881801e+03 3.19667995e+01
8.01918818e-03 1.61134798e+00 5.87115633e-02 5.67763560e-02 2.85173790e-02 -2.96734777e-05 3.92327062e+03 3.19668665e+01
8.04870354e-03 1.61135138e+00 5.83036627e-02 5.61931105e-02 2.81988911e-02 -2.88694561e-05 3.93771058e+03 3.19669339e+01
8.07819282e-03 1.61135480e+00 5.79037876e-02 5.56196106e-02 2.78858503e-02 -2.80833266e-05 3.95213778e+03 3.19670017e+01
8.10765581e-03 1.61135824e+00 5.75117492e-02 5.50556300e-02 2.75781239e-02 -2.73143944e-05 3.96655212e+03 3.19670699e+01
8.13709231e-03 1.61136169e+00 5.71273651e-02 5.45009507e-02 2.72755832e-02 -2.65620279e-05 3.98095349e+03 3.19671385e+01
8.16650208e-03 1.61136517e+00 5.67504578e-02 5.39553622e-02 2.69781065e-02 -2.58257355e-05 3.99534179e+03 3.19672075e+01
8.19588493e-03 1.61136867e+00 5.63808546e-02 5.34186608e-02 2.66855771e-02 -2.51050578e-05 4.00971692e+03 3.19672769e+01
8.22524064e-03 1.61137218e+00 5.60183884e-02 5.28906493e-02 2.63978815e-02 -2.43995113e-05 4.02407877e+03 3.19673467e+01
8.25456899e-03 1.61137572e+00 5.56628970e-02 5.23711363e-02 2.61149096e-02 -2.37086226e-05 4.03842724e+03 3.19674168e+01
8.28386979e-03 1.61137928e+00 5.53142226e-02 5.18599366e-02 2.58365550e-02 -2.30319521e-05 4.05276223e+03 3.19674874e+01
8.31314282e-03 1.61138285e+00 5.49722117e-02 5.13568699e-02 2.55627145e-02 -2.23690832e-05 4.06708363e+03 3.19675583e+01
8.34238787e-03 1.61138644e+00 5.46367154e-02 5.08617615e-02 2.52932881e-02 -2.17196047e-05 4.08139134e+03 3.19676296e+01
8.37160474e-03 1.61139006e+00 5.43075889e-02 5.03744415e-02 2.50281789e-02 -2.10831144e-05 4.09568527e+03 3.19677013e+01
8.40079322e-03 1.61139369e+00 5.39846912e-02 4.98947448e-02 2.47672926e-02 -2.04592270e-05 4.10996531e+03 3.19677733e+01
8.42995310e-03 1.61139734e+00 5.36678852e-02 4.94225111e-02 2.45105378e-02 -1.98475745e-05 4.12423135e+03 3.19678457e+01
8.45908418e-03 1.61140100e+00 5.33570373e-02 4.89575842e-02 2.42578258e-02 -1.92478002e-05 4.13848331e+03 3.19679185e+01
8.48818626e-03 1.61140469e+00 5.30520174e-02 4.84998122e-02 2.40090700e-02 -1.86595571e-05 4.15272108e+03 3.19679916e+01
8.51725913e-03 1.61140839e+00 5.27526987e-02 4.80490476e-02 2.37641868e-02 -1.80825117e-05 4.16694455e+03 3.19680651e+01
8.54630260e-03 1.61141211e+00 5.24589575e-02 4.76051465e-02 2.35230943e-02 -1.75163475e-05 4.18115364e+03 3.19681390e+01
8.57531646e-03 1.61141585e+00 5.21706733e-02 4.71679690e-02 2.32857133e-02 -1.69607622e-05 4.19534825e+03 3.19682131e+01
8.60430050e-03 1.61141961e+00 5.18877287e-02 4.67373788e-02 2.30519665e-02 -1.64154616e-05 4.20952827e+03 3.19682877e+01
8.63325454e-03 1.61142338e+00 5.16100095e-02 4.63132432e-02 2.28217789e-02 -1.58801561e-05 4.22369361e+03 3.19683625e+01
8.66217838e-03 1.61142717e+00 5.13374042e-02 4.58954330e-02 2.25950774e-02 -1.53545637e-05 4.23784418e+03 3.19684378e+01
8.69107182e-03 1.61143098e+00 5.10698043e-02 4.54838221e-02 2.23717909e-02 -1.48384134e-05 4.25197987e+03 3.19685133e+01
8.71993466e-03 1.61143481e+00 5.08071041e-02 4.50782879e-02 2.21518501e-02 -1.43314449e-05 4.26610059e+03 3.19685892e+01
8.74876671e-03 1.61143865e+00 5.05492000e-02 4.46787108e-02 2.19351877e-02 -1.38334058e-05 4.28020625e+03 3.19686654e+01
8.77756778e-03 1.61144250e+00 5.02959914e-02 4.42849741e-02 2.17217378e-02 -1.33440507e-05 4.29429675e+03 3.19687419e+01
8.80633767e-03 1.61144638e+00 5.00473799e-02 4.38969641e-02 2.15114365e-02 -1.28631438e-05 4.30837200e+03 3.19688188e+01
8.83507620e-03 1.61145027e+00 4.98032693e-02 4.35145701e-02 2.13042214e-02 -1.23904618e-05 4.32243191e+03 3.19688959e+01
8.86378316e-03 1.61145417e+00 4.95635658e-02 4.31376837e-02 2.11000317e-02 -1.19257914e-05 4.33647637e+03 3.19689734e+01
8.89245838e-03 1.61145809e+00 4.93281779e-02 4.27661997e-02 2.08988081e-02 -1.14689241e-05 4.35050530e+03 3.19690512e+01
8.92110166e-03 1.61146203e+00 4.90970165e-02 4.24000150e-02 2.07004930e-02 -1.10196527e-05 4.36451861e+03 3.19691293e+01
8.94971282e-03 1.61146598e+00 4.88699945e-02 4.20390292e-02 2.05050299e-02 -1.05777747e-05 4.37851620e+03 3.19692077e+01
8.97829166e-03 1.61146994e+00 4.86470269e-02 4.16831444e-02 2.03123641e-02 -1.01430946e-05 4.39249798e+03 3.19692863e+01
9.00683800e-03 1.61147393e+00 4.84280308e-02 4.13322648e-02 2.01224420e-02 -9.71542492e-06 4.40646386e+03 3.19693653e+01
9.03535167e-03 1.61147792e+00 4.82129252e-02 4.09862972e-02 1.99352113e-02 -9.29458351e-06 4.42041375e+03 3.19694446e+01
9.06383246e-03 1.61148193e+00 4.80016309e-02 4.06451502e-02 1.97506210e-02 -8.88039252e-06 4.43434757e+03 3.19695242e+01
9.09228021e-03 1.61148595e+00 4.77940704e-02 4.03087349e-02 1.95686215e-02 -8.47268118e-06 4.44826521e+03 3.19696040e+01
9.12069472e-03 1.61148999e+00 4.75901679e-02 3.99769643e-02 1.93891642e-02 -8.07128875e-06 4.46216659e+03 3.19696841e+01
9.14907582e-03 1.61149404e+00 4.73898496e-02 3.96497535e-02 1.92122016e-02 -7.67606093e-06 4.47605163e+03 3.19697645e+01
9.17742333e-03 1.61149811e+00 4.71930432e-02 3.93270194e-02 1.90376875e-02 -7.28684537e-06 4.48992024e+03 3.19698452e+01
9.20573706e-03 1.61150219e+00 4.69996782e-02 3.90086812e-02 1.88655769e-02 -6.90349238e-06 4.50377232e+03 3.19699261e+01
9.23401684e-03 1.61150628e+00 4.68096858e-02 3.86946595e-02 1.86958255e-02 -6.52585359e-06 4.51760779e+03 3.19700073e+01
9.26226251e-03 1.61151039e+00 4.66229987e-02 3.83848768e-02 1.85283903e-02 -6.15378143e-06 4.53142657e+03 3.19700887e+01
9.29047387e-03 1.61151451e+00 4.64395512e-02 3.80792576e-02 1.83632293e-02 -5.78713980e-06 4.54522856e+03 3.19701705e+01
9.31865072e-03 1.61151864e+00 4.62592791e-02 3.77777282e-02 1.82003014e-02 -5.42580156e-06 4.55901368e+03 3.19702524e+01
9.34679295e-03 1.61152278e+00 4.60821193e-02 3.74802158e-02 1.80395665e-02 -5.06962886e-06 4.57278185e+03 3.19703346e+01
9.37490040e-03 1.61152694e+00 4.59080105e-02 3.71866495e-02 1.78809854e-02 -4.71849426e-06 4.58653301e+03 3.19704171e+01
9.40297275e-03 1.61153110e+00 4.57368925e-02 3.68969616e-02 1.77245198e-02 -4.37230310e-06 4.60026700e+03 3.19704998e+01
9.43100991e-03 1.61153528e+00 4.55687061e-02 3.66110838e-02 1.75701319e-02 -4.03092738e-06 4.61398376e+03 3.19705827e+01
9.45901195e-03 1.61153948e+00 4.54033936e-02 3.63289474e-02 1.74177849e-02 -3.69420425e-06 4.62768336e+03 3.19706658e+01
9.48697843e-03 1.61154368e+00 4.52408991e-02 3.60504907e-02 1.72674432e-02 -3.36208850e-06 4.64136554e+03 3.19707492e+01
9.51490874e-03 1.61154789e+00 4.50811682e-02 3.57756545e-02 1.71190723e-02 -3.03457534e-06 4.65503004e+03 3.19708328e+01
9.54280361e-03 1.61155212e+00 4.49241483e-02 3.55043682e-02 1.69726390e-02 -2.71139136e-06 4.66867720e+03 3.19709167e+01
9.57066338e-03 1.61155635e+00 4.47697871e-02 3.52365665e-02 1.68281101e-02 -2.39223344e-06 4.68230719e+03 3.19710007e+01
9.59848577e-03 1.61156060e+00 4.46180294e-02 3.49722104e-02 1.66854494e-02 -2.07733136e-06 4.69591888e+03 3.19710850e+01
9.62627011e-03 1.61156486e+00 4.44688166e-02 3.47112460e-02 1.65446167e-02 -1.76695552e-06 4.70951196e+03 3.19711694e+01
9.65402102e-03 1.61156913e+00 4.43221023e-02 3.44535723e-02 1.64055831e-02 -1.46047194e-06 4.72308869e+03 3.19712541e+01
9.68173865e-03 1.61157340e+00 4.41778672e-02 3.41991318e-02 1.62683457e-02 -1.15714399e-06 4.73664914e+03 3.19713390e+01
9.70941183e-03 1.61157769e+00 4.40360891e-02 3.39479697e-02 1.61328990e-02 -8.57616663e-07 4.75018784e+03 3.19714240e+01
9.73704038e-03 1.61158199e+00 4.38966646e-02 3.37000303e-02 1.59991597e-02 -5.62848090e-07 4.76370470e+03 3.19715093e+01
9.76466319e-03 1.61158630e+00 4.37593693e-02 3.34549156e-02 1.58669258e-02 -2.71847218e-07 4.77721876e+03 3.19715948e+01
9.79234304e-03 1.61159063e+00 4.36239279e-02 3.32120355e-02 1.57359416e-02 1.74764106e-08 4.79076072e+03 3.19716808e+01
9.82011986e-03 1.61159500e+00 4.34901389e-02 3.29710203e-02 1.56060203e-02 3.05484277e-07 4.80435012e+03 3.19717674e+01
9.84799499e-03 1.61159939e+00 4.33579289e-02 3.27318453e-02 1.54770977e-02 5.90893590e-07 4.81798762e+03 3.19718546e+01
9.87595877e-03 1.61160382e+00 4.32273004e-02 3.24945803e-02 1.53491844e-02 8.73325967e-07 4.83166849e+03 3.19719424e+01
9.90401278e-03 1.61160827e+00 4.30982580e-02 3.22591985e-02 1.52222917e-02 1.15376880e-06 4.84539351e+03 3.19720307e+01
9.93216311e-03 1.61161276e+00 4.29707831e-02 3.20256356e-02 1.50964079e-02 1.43277784e-06 4.85916565e+03 3.19721197e+01
9.96041063e-03 1.61161727e+00 4.28448484e-02 3.17938717e-02 1.49715127e-02 1.70992552e-06 4.87298533e+03 3.19722093e+01
9.98875457e-03 1.61162182e+00 4.27204308e-02 3.15639006e-02 1.48475902e-02 1.98489363e-06 4.88685219e+03 3.19722995e+01
1.00171968e-02 1.61162639e+00 4.25975110e-02 3.13356954e-02 1.47246285e-02 2.25790641e-06 4.90076714e+03 3.19723903e+01
1.00457396e-02 1.61163100e+00 4.24760703e-02 3.11092264e-02 1.46026158e-02 2.52918073e-06 4.91473130e+03 3.19724817e+01
1.00743840e-02 1.61163564e+00 4.23560904e-02 3.08844747e-02 1.44815403e-02 2.79870027e-06 4.92874514e+03 3.19725737e+01
1.01031311e-02 1.61164031e+00 4.22375524e-02 3.06614209e-02 1.43613900e-02 3.06645508e-06 4.94280922e+03 3.19726664e+01
1.01319825e-02 1.61164502e+00 4.21204379e-02 3.04400413e-02 1.42421530e-02 3.33251150e-06 4.95692437e+03 3.19727597e+01
1.01609399e-02 1.61164975e+00 4.20047283e-02 3.02203145e-02 1.41238174e-02 3.59691410e-06 4.97109132e+03 3.19728537e+01
1.01900044e-02 1.61165452e+00 4.18904057e-02 3.00022207e-02 1.40063719e-02 3.85968741e-06 4.98531074e+03 3.19729482e+01
1.02191777e-02 1.61165932e+00 4.17774528e-02 2.97857393e-02 1.38898053e-02 4.12087392e-06 4.99958336e+03 3.19730435e+01
1.02484613e-02 1.61166415e+00 4.16658523e-02 2.95708499e-02 1.37741066e-02 4.38051894e-06 5.01390993e+03 3.19731394e+01
1.02778567e-02 1.61166902e+00 4.15555872e-02 2.93575330e-02 1.36592650e-02 4.63865963e-06 5.02829121e+03 3.19732359e+01
1.03073655e-02 1.61167392e+00 4.14466410e-02 2.91457693e-02 1.35452699e-02 4.89533507e-06 5.04272792e+03 3.19733332e+01
1.03369891e-02 1.61167885e+00 4.13389973e-02 2.89355394e-02 1.34321106e-02 5.15058660e-06 5.05722085e+03 3.19734310e+01
1.03667292e-02 1.61168382e+00 4.12326399e-02 2.87268247e-02 1.33197771e-02 5.40445033e-06 5.07177077e+03 3.19735296e+01
1.03965874e-02 1.61168883e+00 4.11275528e-02 2.85196066e-02 1.32082591e-02 5.65695991e-06 5.08637845e+03 3.19736289e+01
1.04265653e-02 1.61169386e+00 4.10237203e-02 2.83138671e-02 1.30975467e-02 5.90814843e-06 5.10104470e+03 3.19737288e+01
1.04566646e-02 1.61169894e+00 4.09211268e-02 2.81095881e-02 1.29876301e-02 6.15805089e-06 5.11577031e+03 3.19738295e+01
1.04868868e-02 1.61170404e+00 4.08197572e-02 2.79067522e-02 1.28784998e-02 6.40670360e-06 5.13055610e+03 3.19739308e+01
1.05172337e-02 1.61170919e+00 4.07195965e-02 2.77053419e-02 1.27701463e-02 6.65413999e-06 5.14540290e+03 3.19740328e+01
1.05477070e-02 1.61171437e+00 4.06206303e-02 2.75053403e-02 1.26625603e-02 6.90038601e-06 5.16031152e+03 3.19741356e+01
1.05783085e-02 1.61171958e+00 4.05228439e-02 2.73067305e-02 1.25557327e-02 7.14548022e-06 5.17528283e+03 3.19742391e+01
1.06090398e-02 1.61172484e+00 4.04262232e-02 2.71094961e-02 1.24496545e-02 7.38946292e-06 5.19031767e+03 3.19743433e+01
1.06399027e-02 1.61173013e+00 4.03307542e-02 2.69136209e-02 1.23443169e-02 7.63237066e-06 5.20541691e+03 3.19744482e+01
1.06708991e-02 1.61173545e+00 4.02364231e-02 2.67190888e-02 1.22397113e-02 7.87423139e-06 5.22058143e+03 3.19745539e+01
1.07020307e-02 1.61174082e+00 4.01432162e-02 2.65258841e-02 1.21358291e-02 8.11507002e-06 5.23581212e+03 3.19746603e+01
1.07332994e-02 1.61174622e+00 4.00511201e-02 2.63339914e-02 1.20326619e-02 8.35491430e-06 5.25110988e+03 3.19747675e+01
1.07647071e-02 1.61175166e+00 3.99601214e-02 2.61433955e-02 1.19302014e-02 8.59379388e-06 5.26647562e+03 3.19748754e+01
1.07962556e-02 1.61175714e+00 3.98702074e-02 2.59540812e-02 1.18284395e-02 8.83174186e-06 5.28191027e+03 3.19749841e+01
1.08279469e-02 1.61176265e+00 3.97813653e-02 2.57660340e-02 1.17273681e-02 9.06879038e-06 5.29741478e+03 3.19750935e+01
1.08597829e-02 1.61176821e+00 3.96935827e-02 2.55792392e-02 1.16269795e-02 9.30496960e-06 5.31299008e+03 3.19752038e+01
1.08917656e-02 1.61177381e+00 3.96068472e-02 2.53936827e-02 1.15272658e-02 9.54030846e-06 5.32863714e+03 3.19753148e+01
1.09238970e-02 1.61177944e+00 3.95211467e-02 2.52093502e-02 1.14282194e-02 9.77483566e-06 5.34435695e+03 3.19754266e+01
1.09561791e-02 1.61178512e+00 3.94364691e-02 2.50262280e-02 1.13298329e-02 1.00085803e-05 5.36015048e+03 3.19755392e+01
1.09886139e-02 1.61179083e+00 3.93528025e-02 2.48443024e-02 1.12320989e-02 1.02415695e-05 5.37601876e+03 3.19756526e+01
1.10212036e-02 1.61179659e+00 3.92701351e-02 2.46635599e-02 1.11350101e-02 1.04738292e-05 5.39196279e+03 3.19757668e+01
1.10539502e-02 1.61180239e+00 3.91884554e-02 2.44839875e-02 1.10385593e-02 1.07053855e-05 5.40798361e+03 3.19758819e+01
1.10868560e-02 1.61180823e+00 3.91077521e-02 2.43055720e-02 1.09427396e-02 1.09362676e-05 5.42408226e+03 3.19759977e+01
1.11199230e-02 1.61181411e+00 3.90280141e-02 2.41283006e-02 1.08475441e-02 1.11665064e-05 5.44025982e+03 3.19761144e+01
1.11531535e-02 1.61182003e+00 3.89492304e-02 2.39521608e-02 1.07529659e-02 1.13961325e-05 5.45651735e+03 3.19762319e+01
1.11865497e-02 1.61182600e+00 3.88713903e-02 2.37771402e-02 1.06589985e-02 1.16251738e-05 5.47285595e+03 3.19763503e+01
1.12201139e-02 1.61183201e+00 3.87944832e-02 2.36032265e-02 1.05656352e-02 1.18536561e-05 5.48927674e+03 3.19764695e+01
1.12538483e-02 1.61183806e+00 3.87184988e-02 2.34304077e-02 1.04728696e-02 1.20816051e-05 5.50578083e+03 3.19765896e+01
1.12877554e-02 1.61184416e+00 3.86434265e-02 2.32586719e-02 1.03806953e-02 1.23090458e-05 5.52236936e+03 3.19767106e+01
1.13218374e-02 1.61185030e+00 3.85692563e-02 2.30880075e-02 1.02891061e-02 1.25360017e-05 5.53904350e+03 3.19768324e+01
1.13560969e-02 1.61185649e+00 3.84959780e-02 2.29184030e-02 1.01980957e-02 1.27624948e-05 5.55580442e+03 3.19769551e+01
1.13905361e-02 1.61186272e+00 3.84235817e-02 2.27498471e-02 1.01076580e-02 1.29885480e-05 5.57265332e+03 3.19770787e+01
1.14251576e-02 1.61186899e+00 3.83520577e-02 2.25823286e-02 1.00177871e-02 1.32141868e-05 5.58959140e+03 3.19772032e+01
1.14599640e-02 1.61187531e+00 3.82813965e-02 2.24158365e-02 9.92847716e-03 1.34394391e-05 5.60661989e+03 3.19773286e+01
1.14949577e-02 1.61188168e+00 3.82115886e-02 2.22503600e-02 9.83972229e-03 1.36643319e-05 5.62374005e+03 3.19774550e+01
1.15301414e-02 1.61188810e+00 3.81426249e-02 2.20858884e-02 9.75151684e-03 1.38888903e-05 5.64095315e+03 3.19775822e+01
1.15655176e-02 1.61189456e+00 3.80744963e-02 2.19224114e-02 9.66385525e-03 1.41131382e-05 5.65826046e+03 3.19777104e+01
1.16010891e-02 1.61190106e+00 3.80071936e-02 2.17599185e-02 9.57673203e-03 1.43370997e-05 5.67566329e+03 3.19778395e+01
1.16368586e-02 1.61190762e+00 3.79407081e-02 2.15983996e-02 9.49014179e-03 1.45607987e-05 5.69316298e+03 3.19779696e+01
1.16728287e-02 1.61191422e+00 3.78750307e-02 2.14378447e-02 9.40407925e-03 1.47842580e-05 5.71076086e+03 3.19781006e+01
1.17090024e-02 1.61192088e+00 3.78101528e-02 2.12782440e-02 9.31853918e-03 1.50074994e-05 5.72845832e+03 3.19782325e+01
1.17453825e-02 1.61192758e+00 3.77460659e-02 2.11195877e-02 9.23351648e-03 1.52305459e-05 5.74625673e+03 3.19783655e+01
1.17819718e-02 1.61193433e+00 3.76827614e-02 2.09618665e-02 9.14900613e-03 1.54534224e-05 5.76415752e+03 3.19784994e+01
1.18187733e-02 1.61194113e+00 3.76202312e-02 2.08050709e-02 9.06500318e-03 1.56761555e-05 5.78216211e+03 3.19786343e+01
1.18557900e-02 1.61194798e+00 3.75584673e-02 2.06491917e-02 8.98150280e-03 1.58987708e-05 5.80027197e+03 3.19787702e+01
1.18930248e-02 1.61195488e+00 3.74974616e-02 2.04942199e-02 8.89850019e-03 1.61212916e-05 5.81848857e+03 3.19789071e+01
1.19304809e-02 1.61196183e+00 3.74372064e-02 2.03401463e-02 8.81599066e-03 1.63437405e-05 5.83681343e+03 3.19790450e+01
1.19681614e-02 1.61196883e+00 3.73776938e-02 2.01869622e-02 8.73396955e-03 1.65661403e-05 5.85524807e+03 3.19791840e+01
1.20060695e-02 1.61197589e+00 3.73189162e-02 2.00346590e-02 8.65243227e-03 1.67885142e-05 5.87379405e+03 3.19793239e+01
1.20442084e-02 1.61198300e+00 3.72608659e-02 1.98832280e-02 8.57137431e-03 1.70108847e-05 5.89245295e+03 3.19794649e+01
1.20825814e-02 1.61199016e+00 3.72035354e-02 1.97326607e-02 8.49079120e-03 1.72332737e-05 5.91122637e+03 3.19796070e+01
1.21211918e-02 1.61199737e+00 3.71469172e-02 1.95829490e-02 8.41067854e-03 1.74557037e-05 5.93011596e+03 3.19797501e+01
1.21600431e-02 1.61200464e+00 3.70910042e-02 1.94340847e-02 8.33103201e-03 1.76781997e-05 5.94912337e+03 3.19798942e+01
1.21991386e-02 1.61201196e+00 3.70357891e-02 1.92860597e-02 8.25184738e-03 1.79007870e-05 5.96825029e+03 3.19800395e+01
1.22384820e-02 1.61201933e+00 3.69812652e-02 1.91388661e-02 8.17312049e-03 1.81234895e-05 5.98749844e+03 3.19801858e+01
1.22780767e-02 1.61202676e+00 3.69274254e-02 1.89924963e-02 8.09484726e-03 1.83463289e-05 6.00686957e+03 3.19803332e+01
1.23179264e-02 1.61203425e+00 3.68742632e-02 1.88469424e-02 8.01702369e-03 1.85693262e-05 6.02636545e+03 3.19804817e+01
1.23580347e-02 1.61204179e+00 3.68217717e-02 1.87021970e-02 7.93964586e-03 1.87925032e-05 6.04598789e+03 3.19806313e+01
1.23984056e-02 1.61204938e+00 3.67699443e-02 1.85582528e-02 7.86270993e-03 1.90158822e-05 6.06573873e+03 3.19807820e+01
1.24390427e-02 1.61205704e+00 3.67187743e-02 1.84151024e-02 7.78621212e-03 1.92394858e-05 6.08561985e+03 3.19809338e+01
1.24799500e-02 1.61206475e+00 3.66682553e-02 1.82727387e-02 7.71014872e-03 1.94633366e-05 6.10563314e+03 3.19810868e+01
1.25211314e-02 1.61207252e+00 3.66183808e-02 1.81311546e-02 7.63451611e-03 1.96874588e-05 6.12578054e+03 3.19812409e+01
1.25625910e-02 1.61208034e+00 3.65691446e-02 1.79903434e-02 7.55931075e-03 1.99118787e-05 6.14606403e+03 3.19813962e+01
1.26043328e-02 1.61208823e+00 3.65205405e-02 1.78502981e-02 7.48452915e-03 2.01366231e-05 6.16648561e+03 3.19815526e+01
1.26463611e-02 1.61209617e+00 3.64725624e-02 1.77110121e-02 7.41016790e-03 2.03617168e-05 6.18704732e+03 3.19817102e+01
1.26886800e-02 1.61210417e+00 3.64252046e-02 1.75724790e-02 7.33622365e-03 2.05871828e-05 6.20775125e+03 3.19818690e+01
1.27312940e-02 1.61211224e+00 3.63784611e-02 1.74346921e-02 7.26269310e-03 2.08130434e-05 6.22859951e+03 3.19820289e+01
1.27742074e-02 1.61212036e+00 3.63323260e-02 1.72976453e-02 7.18957298e-03 2.10393218e-05 6.24959426e+03 3.19821901e+01
1.28174247e-02 1.61212854e+00 3.62867937e-02 1.71613323e-02 7.11686006e-03 2.12660407e-05 6.27073770e+03 3.19823524e+01
1.28609505e-02 1.61213679e+00 3.62418584e-02 1.70257469e-02 7.04455119e-03 2.14932204e-05 6.29203205e+03 3.19825160e+01
1.29047894e-02 1.61214509e+00 3.61975144e-02 1.68908832e-02 6.97264326e-03 2.17208808e-05 6.31347961e+03 3.19826807e+01
1.29489462e-02 1.61215346e+00 3.61537563e-02 1.67567351e-02 6.90113323e-03 2.19490451e-05 6.33508269e+03 3.19828467e+01
1.29934257e-02 1.61216189e+00 3.61105787e-02 1.66232968e-02 6.83001809e-03 2.21777418e-05 6.35684364e+03 3.19830140e+01
1.30382329e-02 1.61217038e+00 3.60679765e-02 1.64905626e-02 6.75929484e-03 2.24070025e-05 6.37876489e+03 3.19831825e+01
1.30833727e-02 1.61217894e+00 3.60259446e-02 1.63585268e-02 6.68896067e-03 2.26368513e-05 6.40084889e+03 3.19833522e+01
1.31288503e-02 1.61218756e+00 3.59844778e-02 1.62271841e-02 6.61901299e-03 2.28672986e-05 6.42309811e+03 3.19835232e+01
1.31746707e-02 1.61219624e+00 3.59435710e-02 1.60965289e-02 6.54944930e-03 2.30983606e-05 6.44551511e+03 3.19836955e+01
1.32208396e-02 1.61220499e+00 3.59032191e-02 1.59665557e-02 6.48026688e-03 2.33300773e-05 6.46810258e+03 3.19838690e+01
1.32673621e-02 1.61221380e+00 3.58634173e-02 1.58372600e-02 6.41146264e-03 2.35624990e-05 6.49086301e+03 3.19840439e+01
1.33142435e-02 1.61222268e+00 3.58241608e-02 1.57086373e-02 6.34303347e-03 2.37956713e-05 6.51379905e+03 3.19842200e+01
1.33614903e-02 1.61223163e+00 3.57854447e-02 1.55806805e-02 6.27497712e-03 2.40296097e-05 6.53691384e+03 3.19843974e+01
1.34091076e-02 1.61224063e+00 3.57472641e-02 1.54533861e-02 6.20729259e-03 2.42642486e-05 6.56020992e+03 3.19845761e+01
1.34571000e-02 1.61224971e+00 3.57096141e-02 1.53267528e-02 6.13997871e-03 2.44995355e-05 6.58368952e+03 3.19847562e+01
1.35054759e-02 1.61225885e+00 3.56724902e-02 1.52007699e-02 6.07303184e-03 2.47356339e-05 6.60735669e+03 3.19849375e+01
1.35542422e-02 1.61226806e+00 3.56358884e-02 1.50754307e-02 6.00644565e-03 2.49727838e-05 6.63121490e+03 3.19851203e+01
1.36033991e-02 1.61227734e+00 3.55998048e-02 1.49507462e-02 5.94021445e-03 2.52109738e-05 6.65526422e+03 3.19853044e+01
1.36529553e-02 1.61228669e+00 3.55642351e-02 1.48267062e-02 5.87433839e-03 2.54500814e-05 6.67950882e+03 3.19854898e+01
1.37029290e-02 1.61229609e+00 3.55291754e-02 1.47032761e-02 5.80882663e-03 2.56899619e-05 6.70395777e+03 3.19856764e+01
1.37533145e-02 1.61230557e+00 3.54946234e-02 1.45804823e-02 5.74369037e-03 2.59301248e-05 6.72860813e+03 3.19858643e+01
1.38040988e-02 1.61231511e+00 3.54605743e-02 1.44583677e-02 5.67892365e-03 2.61705882e-05 6.75345358e+03 3.19860537e+01
1.38553267e-02 1.61232473e+00 3.54270163e-02 1.43368391e-02 5.61449294e-03 2.64131368e-05 6.77851609e+03 3.19862446e+01
1.39070318e-02 1.61233444e+00 3.53939373e-02 1.42158348e-02 5.55035964e-03 2.66589520e-05 6.80381204e+03 3.19864371e+01
1.39591274e-02 1.61234422e+00 3.53613345e-02 1.40955671e-02 5.48651710e-03 2.69053555e-05 6.82929906e+03 3.19866311e+01
1.40115908e-02 1.61235406e+00 3.53292146e-02 1.39760924e-02 5.42300767e-03 2.71496652e-05 6.85496601e+03 3.19868263e+01
1.40646415e-02 1.61236393e+00 3.52976014e-02 1.38569301e-02 5.35993279e-03 2.73949344e-05 6.88092029e+03 3.19870221e+01
1.41183194e-02 1.61237382e+00 3.52665494e-02 1.37380181e-02 5.29744186e-03 2.76445039e-05 6.90718141e+03 3.19872183e+01
1.41721420e-02 1.61238378e+00 3.52360751e-02 1.36204233e-02 5.23554768e-03 2.78938726e-05 6.93351333e+03 3.19874160e+01
1.42260652e-02 1.61239396e+00 3.52059381e-02 1.35042230e-02 5.17367700e-03 2.81395410e-05 6.95989447e+03 3.19876179e+01
1.42818383e-02 1.61240457e+00 3.51754334e-02 1.33857249e-02 5.11028204e-03 2.83934498e-05 6.98718064e+03 3.19878284e+01
1.43425150e-02 1.61241592e+00 3.51434860e-02 1.32587308e-02 5.04305792e-03 2.86751117e-05 7.01686584e+03 3.19880536e+01
1.44104445e-02 1.61242836e+00 3.51090699e-02 1.31188573e-02 4.96978623e-03 2.89909107e-05 7.05009937e+03 3.19883004e+01
1.44864546e-02 1.61244226e+00 3.50715992e-02 1.29651365e-02 4.88910124e-03 2.93347371e-05 7.08728621e+03 3.19885762e+01
1.45709545e-02 1.61245789e+00 3.50309823e-02 1.27976465e-02 4.80054270e-03 2.97071764e-05 7.12862652e+03 3.19888863e+01
1.46649169e-02 1.61247545e+00 3.49874041e-02 1.26155366e-02 4.70404032e-03 3.01204777e-05 7.17459626e+03 3.19892346e+01
1.47696345e-02 1.61249506e+00 3.49411021e-02 1.24175740e-02 4.59943520e-03 3.05857265e-05 7.22582782e+03 3.19896237e+01
1.48863032e-02 1.61251673e+00 3.48922907e-02 1.22029937e-02 4.48640686e-03 3.11063543e-05 7.28290627e+03 3.19900535e+01
1.50161754e-02 1.61254028e+00 3.48411553e-02 1.19712330e-02 4.36461902e-03 3.16848788e-05 7.34644436e+03 3.19905207e+01
1.51607658e-02 1.61256549e+00 3.47878548e-02 1.17216652e-02 4.23380406e-03 3.23260707e-05 7.41718310e+03 3.19910208e+01
1.53217757e-02 1.61259235e+00 3.47324946e-02 1.14537688e-02 4.09366771e-03 3.30339360e-05 7.49595486e+03 3.19915538e+01
1.55010365e-02 1.61262130e+00 3.46751509e-02 1.11672247e-02 3.94383859e-03 3.38102148e-05 7.58365555e+03 3.19921280e+01
1.57005875e-02 1.61265306e+00 3.46160522e-02 1.08622611e-02 3.78395937e-03 3.46543755e-05 7.68128300e+03 3.19927582e+01
1.59227207e-02 1.61268836e+00 3.45557761e-02 1.05390635e-02 3.61437374e-03 3.55773145e-05 7.78995840e+03 3.19934584e+01
1.61699712e-02 1.61272789e+00 3.44952229e-02 1.01984411e-02 3.43579068e-03 3.65922633e-05 7.91092210e+03 3.19942426e+01
1.64451435e-02 1.61277227e+00 3.44354652e-02 9.84147937e-03 3.24908915e-03 3.77137983e-05 8.04554611e+03 3.19951232e+01
1.67513553e-02 1.61282177e+00 3.43776424e-02 9.46967256e-03 3.05512452e-03 3.89537682e-05 8.19535577e+03 3.19961051e+01
1.70920652e-02 1.61287586e+00 3.43228713e-02 9.08497832e-03 2.85478397e-03 4.03230059e-05 8.36204309e+03 3.19971781e+01
1.74711009e-02 1.61293329e+00 3.42722161e-02 8.68986472e-03 2.64925959e-03 4.18324538e-05 8.54748076e+03 3.19983176e+01
1.78927004e-02 1.61299259e+00 3.42267074e-02 8.28735270e-03 2.44003655e-03 4.34933818e-05 8.75374217e+03 3.19994939e+01
1.83615551e-02 1.61305266e+00 3.41874067e-02 7.88103761e-03 2.22890855e-03 4.53182575e-05 8.98312250e+03 3.20006857e+01
1.88828546e-02 1.61311313e+00 3.41554825e-02 7.47511034e-03 2.01791186e-03 4.73223007e-05 9.23816063e+03 3.20018854e+01
1.94623351e-02 1.61317397e+00 3.41322408e-02 7.07434293e-03 1.80923452e-03 4.95249177e-05 9.52166301e+03 3.20030922e+01
2.01063315e-02 1.61323453e+00 3.41190883e-02 6.68405357e-03 1.60515782e-03 5.19499542e-05 9.83672883e+03 3.20042936e+01
2.08218341e-02 1.61329264e+00 3.41174561e-02 6.31004146e-03 1.40801099e-03 5.46252138e-05 1.01867780e+04 3.20054466e+01
2.16165537e-02 1.61334417e+00 3.41287514e-02 5.95849147e-03 1.22012317e-03 5.75822657e-05 1.05755830e+04 3.20064688e+01
2.24989923e-02 1.61338331e+00 3.41543917e-02 5.63584474e-03 1.04374504e-03 6.08570314e-05 1.10073032e+04 3.20072453e+01
