VARIABLES="Y/c","convection","viscous",pressure gradient",Reynolds stress"
0.00000000e+00 0.00000000e+00 5.33495219e-01 2.44794231e-02 -5.89718602e-01
4.12738176e-06 -2.65180758e-04 5.33422086e-01 -4.67368958e-02 -5.07733604e-01
8.41739385e-06 -1.02911285e-03 5.33393541e-01 -1.33150612e-01 -4.03545733e-01
1.28763351e-05 -2.26788110e-03 5.33364868e-01 -3.21005355e-01 -2.17366139e-01
1.75107395e-05 -3.96614091e-03 5.33286629e-01 -5.53344821e-01 7.02417233e-03
2.23273841e-05 -6.14083689e-03 5.33165547e-01 -8.04681191e-01 2.65494115e-01
2.73332976e-05 -8.83978768e-03 5.32959562e-01 -1.03390893e+00 4.90912223e-01
3.25357684e-05 -1.21299558e-02 5.32674659e-01 -1.21631876e+00 6.76207160e-01
3.79423538e-05 -1.60467988e-02 5.32288817e-01 -1.33874827e+00 7.99927190e-01
4.35608884e-05 -2.05505650e-02 5.31815921e-01 -1.40219417e+00 8.66020966e-01
4.93994939e-05 -2.55197331e-02 5.31256551e-01 -1.41423724e+00 8.81310811e-01
5.54665877e-05 -3.07854025e-02 5.30634394e-01 -1.38719276e+00 8.57779941e-01
6.17708931e-05 -3.61907287e-02 5.29969568e-01 -1.33294523e+00 8.07455136e-01
6.83214487e-05 -4.16390945e-02 5.29291953e-01 -1.26258824e+00 7.41030692e-01
7.51276187e-05 -4.71097979e-02 5.28631468e-01 -1.18442702e+00 6.67042897e-01
8.21991025e-05 -5.26359357e-02 5.28013965e-01 -1.10478269e+00 5.91692020e-01
8.95459458e-05 -5.82605345e-02 5.27462694e-01 -1.02765407e+00 5.19134621e-01
9.71785506e-05 -6.39987156e-02 5.26984266e-01 -9.55580376e-01 4.51852473e-01
1.05107686e-04 -6.98315474e-02 5.26579991e-01 -8.89826627e-01 3.91056375e-01
1.13344500e-04 -7.57341686e-02 5.26232819e-01 -8.30779447e-01 3.37031760e-01
1.21900529e-04 -8.17033662e-02 5.25927008e-01 -7.78254192e-01 2.89523172e-01
1.30787709e-04 -8.77576215e-02 5.25634687e-01 -7.31732390e-01 2.48049080e-01
1.40018388e-04 -9.39104838e-02 5.25334187e-01 -6.90614614e-01 2.12012598e-01
1.49605339e-04 -1.00128241e-01 5.24996843e-01 -6.54132638e-01 1.80757591e-01
1.59561766e-04 -1.06295650e-01 5.24607225e-01 -6.21752151e-01 1.53733566e-01
1.69901321e-04 -1.12241984e-01 5.24160364e-01 -5.93148716e-01 1.30563277e-01
1.80638113e-04 -1.17851873e-01 5.23670539e-01 -5.68112625e-01 1.10878300e-01
1.91786720e-04 -1.23215631e-01 5.23146428e-01 -5.46099298e-01 9.42414946e-02
2.03362200e-04 -1.28683233e-01 5.22591287e-01 -5.26497298e-01 8.03205912e-02
2.15380103e-04 -1.34659139e-01 5.22007824e-01 -5.08826773e-01 6.89186243e-02
2.27856483e-04 -1.41241924e-01 5.21413089e-01 -4.92696230e-01 5.96909842e-02
2.40807907e-04 -1.48128803e-01 5.20838951e-01 -4.77682638e-01 5.20059598e-02
2.54251468e-04 -1.54912163e-01 5.20326837e-01 -4.63751540e-01 4.51873444e-02
2.68204796e-04 -1.61375840e-01 5.19920272e-01 -4.51086238e-01 3.88609262e-02
2.82686066e-04 -1.67621887e-01 5.19656437e-01 -4.39647731e-01 3.31250331e-02
2.97714012e-04 -1.74170299e-01 5.19539267e-01 -4.29170749e-01 2.83216001e-02
3.13307930e-04 -1.81670187e-01 5.19508107e-01 -4.18981746e-01 2.45350370e-02
3.29487697e-04 -1.90045273e-01 5.19468947e-01 -4.08197472e-01 2.15416972e-02
3.46273770e-04 -1.98244945e-01 5.19360530e-01 -3.97479497e-01 1.92303943e-02
3.63687200e-04 -2.05287553e-01 5.19164085e-01 -3.88598060e-01 1.75506653e-02
3.81749639e-04 -2.11030411e-01 5.18850952e-01 -3.81489757e-01 1.61209521e-02
4.00483341e-04 -2.15457799e-01 5.18389444e-01 -3.75074477e-01 1.44629385e-02
4.19911177e-04 -2.17889359e-01 5.17827820e-01 -3.70167004e-01 1.25280092e-02
4.40056632e-04 -2.17557420e-01 5.17348029e-01 -3.68283111e-01 1.07165382e-02
4.60943810e-04 -2.14641370e-01 5.17202424e-01 -3.69858909e-01 9.50066694e-03
4.82597440e-04 -2.10267150e-01 5.17578685e-01 -3.74467309e-01 8.90754630e-03
5.05042872e-04 -2.05650072e-01 5.18526884e-01 -3.79747814e-01 8.37402533e-03
5.28306078e-04 -2.01453438e-01 5.19903330e-01 -3.83233109e-01 7.47425766e-03
5.52413654e-04 -1.97626877e-01 5.21454415e-01 -3.86735418e-01 6.43529186e-03
5.77392808e-04 -1.93552047e-01 5.22895314e-01 -3.92678578e-01 5.53010704e-03
6.03271364e-04 -1.88695745e-01 5.24021140e-01 -3.99635015e-01 4.64276770e-03
6.30077745e-04 -1.83569159e-01 5.24807150e-01 -4.05155525e-01 3.73963264e-03
6.57840971e-04 -1.79921580e-01 5.25563506e-01 -4.08251798e-01 3.07114590e-03
6.86590641e-04 -1.79293198e-01 5.26758536e-01 -4.08748181e-01 2.74951628e-03
7.16356920e-04 -1.80976110e-01 5.28388492e-01 -4.07401439e-01 2.62001482e-03
7.47170522e-04 -1.82069857e-01 5.29605832e-01 -4.06292572e-01 2.54944314e-03
7.79062693e-04 -1.79985963e-01 5.29466487e-01 -4.07526834e-01 2.45189905e-03
8.12065183e-04 -1.74322030e-01 5.27577629e-01 -4.10624933e-01 2.10169076e-03
8.46210230e-04 -1.66622783e-01 5.24247852e-01 -4.13000665e-01 1.37078775e-03
8.81530521e-04 -1.59375360e-01 5.20179482e-01 -4.13627423e-01 6.54620324e-04
9.18059162e-04 -1.54419174e-01 5.16116589e-01 -4.14084668e-01 5.83716831e-04
9.55829636e-04 -1.51117565e-01 5.12487715e-01 -4.16875251e-01 1.14770938e-03
9.94875766e-04 -1.47188846e-01 5.09507313e-01 -4.21652210e-01 1.52840525e-03
1.03523167e-03 -1.42190960e-01 5.07941287e-01 -4.24502328e-01 1.16319473e-03
1.07693171e-03 -1.38910735e-01 5.08715630e-01 -4.24826757e-01 5.91801613e-04
1.12001043e-03 -1.41061499e-01 5.11617302e-01 -4.25312973e-01 6.55066954e-04
1.16450251e-03 -1.50935005e-01 5.15021541e-01 -4.23101272e-01 1.16417700e-03
1.21044271e-03 -1.68647769e-01 5.17101103e-01 -4.09730149e-01 1.16872301e-03
1.25786576e-03 -1.91086841e-01 5.17522586e-01 -3.84024394e-01 4.69964214e-04
1.30680630e-03 -2.10967281e-01 5.17803049e-01 -3.60661300e-01 -1.75317398e-05
1.35729882e-03 -2.19992207e-01 5.19096713e-01 -3.55212167e-01 3.60658096e-04
1.40937752e-03 -2.16106550e-01 5.20347357e-01 -3.63637340e-01 1.10446708e-03
1.46307629e-03 -2.05983731e-01 5.19861480e-01 -3.71187335e-01 1.42208519e-03
1.51842859e-03 -1.97264513e-01 5.17920983e-01 -3.74478277e-01 1.26309355e-03
1.57546732e-03 -1.90617931e-01 5.15569480e-01 -3.76121152e-01 1.14437650e-03
1.63422477e-03 -1.82344690e-01 5.13191019e-01 -3.80397837e-01 1.39211452e-03
1.69473244e-03 -1.71269602e-01 5.10709278e-01 -3.90043865e-01 1.72253172e-03
1.75702099e-03 -1.60855684e-01 5.07800627e-01 -3.97777868e-01 1.55037780e-03
1.82112008e-03 -1.58849211e-01 5.05130762e-01 -3.93492213e-01 7.76460406e-04
1.88705827e-03 -1.73209382e-01 5.04798059e-01 -3.76692651e-01 -1.26413776e-06
1.95486277e-03 -2.00226749e-01 5.07370859e-01 -3.55525041e-01 -2.18558394e-04
2.02455959e-03 -2.21173468e-01 5.12287104e-01 -3.42432505e-01 8.36310408e-05
2.09617313e-03 -2.21923769e-01 5.19464658e-01 -3.48974283e-01 5.17035993e-04
2.16972585e-03 -2.10326321e-01 5.26125383e-01 -3.67850489e-01 7.84328139e-04
2.24523878e-03 -2.05341619e-01 5.28556327e-01 -3.75698449e-01 7.92716149e-04
2.32273127e-03 -2.17274118e-01 5.28050073e-01 -3.62466696e-01 5.88064856e-04
2.40221932e-03 -2.43234264e-01 5.28988700e-01 -3.39551916e-01 2.17599300e-04
2.48371710e-03 -2.71965574e-01 5.32479408e-01 -3.16311541e-01 -3.01213107e-04
2.56723862e-03 -2.91680813e-01 5.36964126e-01 -2.97769878e-01 -7.71113213e-04
2.65279261e-03 -2.99593329e-01 5.40473090e-01 -2.91116017e-01 -8.11417730e-04
2.74038181e-03 -3.00951270e-01 5.43813429e-01 -2.94569256e-01 -2.94519202e-04
2.83001421e-03 -2.99102444e-01 5.48423593e-01 -3.04061946e-01 3.87282912e-04
2.92169691e-03 -2.96477582e-01 5.49143367e-01 -3.08128286e-01 6.95466217e-04
3.01541505e-03 -3.01693625e-01 5.41661386e-01 -2.91743103e-01 5.23643515e-04
3.11115449e-03 -3.19778962e-01 5.31105507e-01 -2.63170814e-01 2.12664023e-04
3.20893657e-03 -3.36802331e-01 5.25708170e-01 -2.42254126e-01 5.76809721e-05
3.30875768e-03 -3.30742488e-01 5.24942230e-01 -2.46261052e-01 3.05521469e-05
3.41053255e-03 -3.00103254e-01 5.24093877e-01 -2.78879767e-01 -1.09549949e-04
3.51423180e-03 -2.68386907e-01 5.24196256e-01 -3.12622006e-01 -5.38521994e-04
3.61998950e-03 -2.57679643e-01 5.27683576e-01 -3.19544340e-01 -1.03244712e-03
3.72779657e-03 -2.69462791e-01 5.31755733e-01 -3.04806818e-01 -1.04769005e-03
3.83709607e-03 -2.90862070e-01 5.34456400e-01 -2.91073658e-01 -3.54148461e-04
3.94699215e-03 -3.08668184e-01 5.37736245e-01 -2.89273604e-01 5.44928087e-04
4.05691894e-03 -3.16792555e-01 5.43903020e-01 -2.84318227e-01 8.76689993e-04
4.16687220e-03 -3.12753423e-01 5.50865385e-01 -2.79640999e-01 5.69929203e-04
4.27701072e-03 -2.93316737e-01 5.51731208e-01 -3.00553116e-01 1.74805570e-04
4.38733132e-03 -2.65973400e-01 5.47871668e-01 -3.35591633e-01 7.77180734e-05
4.49776359e-03 -2.58087003e-01 5.39437262e-01 -3.38754351e-01 1.68215104e-04
4.60831298e-03 -2.86402709e-01 5.28284056e-01 -2.97141242e-01 1.66306740e-04
4.71900987e-03 -3.30239383e-01 5.21311384e-01 -2.41613757e-01 1.39815527e-04
4.82984628e-03 -3.53679661e-01 5.19988114e-01 -2.16437272e-01 2.89145527e-04
4.94080846e-03 -3.45319623e-01 5.24972051e-01 -2.36287595e-01 4.87489918e-04
5.05190143e-03 -3.28194615e-01 5.32834705e-01 -2.62342904e-01 3.88401797e-04
5.16312885e-03 -3.32257576e-01 5.40378137e-01 -2.61728838e-01 -5.41441647e-05
5.27448606e-03 -3.63192637e-01 5.42374537e-01 -2.34271415e-01 -4.98516069e-04
5.38597133e-03 -4.00363296e-01 5.36554692e-01 -1.91643077e-01 -5.86331327e-04
5.49758578e-03 -4.18968852e-01 5.28159985e-01 -1.62403490e-01 -2.06993478e-04
5.60932832e-03 -4.10180483e-01 5.22352477e-01 -1.72200720e-01 3.87739766e-04
5.72119730e-03 -3.85913528e-01 5.20597259e-01 -1.99974538e-01 7.08050170e-04
5.83319229e-03 -3.68898192e-01 5.21485846e-01 -2.11681989e-01 5.49937509e-04
5.94531261e-03 -3.74236710e-01 5.22371965e-01 -2.02397792e-01 2.26591377e-04
6.05755714e-03 -3.98906939e-01 5.24961823e-01 -1.80867621e-01 6.92241720e-05
6.16992506e-03 -4.29878779e-01 5.33262729e-01 -1.58983387e-01 1.36472282e-05
6.28241558e-03 -4.54980636e-01 5.47034824e-01 -1.46633818e-01 -1.65655450e-04
6.39502778e-03 -4.65250142e-01 5.58963858e-01 -1.45282612e-01 -4.83234594e-04
6.50776077e-03 -4.62058713e-01 5.60681706e-01 -1.46558313e-01 -7.19554283e-04
6.62061369e-03 -4.61510867e-01 5.54299364e-01 -1.36920041e-01 -6.40205078e-04
6.73358565e-03 -4.73619510e-01 5.49682267e-01 -1.18162852e-01 -2.05761160e-04
6.84667575e-03 -4.81098738e-01 5.48998866e-01 -1.12282404e-01 3.58306894e-04
6.95988311e-03 -4.58203283e-01 5.49404896e-01 -1.35473890e-01 7.28539289e-04
7.07320684e-03 -4.08029181e-01 5.50783216e-01 -1.83921793e-01 7.52259982e-04
7.18664602e-03 -3.65247255e-01 5.53394632e-01 -2.32481941e-01 4.77128616e-04
7.30019976e-03 -3.59493522e-01 5.56021390e-01 -2.40976748e-01 3.62094689e-05
7.41386714e-03 -3.85086196e-01 5.55543902e-01 -2.10561834e-01 -3.49101801e-04
7.52764726e-03 -4.13268690e-01 5.49637336e-01 -1.76970255e-01 -4.60910736e-04
7.64153920e-03 -4.24279908e-01 5.41691876e-01 -1.57943159e-01 -2.93701960e-04
7.75554204e-03 -4.14199016e-01 5.37723903e-01 -1.65093921e-01 -6.37845535e-05
7.86965485e-03 -3.85014524e-01 5.38902758e-01 -1.96787808e-01 -2.42076805e-05
7.98387671e-03 -3.48735077e-01 5.43965901e-01 -2.34800254e-01 -2.49023097e-04
8.09820668e-03 -3.29161928e-01 5.49228837e-01 -2.60145561e-01 -5.62487972e-04
8.21264384e-03 -3.39448603e-01 5.49991375e-01 -2.48197854e-01 -6.87676005e-04
8.32718724e-03 -3.66982232e-01 5.45095725e-01 -2.12003406e-01 -4.88139088e-04
8.44183594e-03 -3.93607830e-01 5.38590257e-01 -1.87985317e-01 -1.73734493e-04
8.55658900e-03 -4.15736161e-01 5.37590968e-01 -1.64484697e-01 -9.53596295e-05
8.67144547e-03 -4.33986634e-01 5.40846925e-01 -1.39698413e-01 -2.06783690e-04
8.78640440e-03 -4.42821148e-01 5.40718035e-01 -1.33064278e-01 -1.43672026e-04
8.90146482e-03 -4.41725080e-01 5.36556516e-01 -1.34464300e-01 1.65002355e-04
9.01662578e-03 -4.40191920e-01 5.36067818e-01 -1.32233978e-01 4.35170147e-04
9.13188631e-03 -4.41159199e-01 5.39546692e-01 -1.31774464e-01 4.37975735e-04
9.24724546e-03 -4.32152392e-01 5.37852604e-01 -1.37206991e-01 1.68683326e-04
9.36270223e-03 -4.04403563e-01 5.30509397e-01 -1.54833128e-01 -2.34170425e-04
9.47825568e-03 -3.69528034e-01 5.28575311e-01 -1.86569866e-01 -6.03032272e-04
9.59390480e-03 -3.46894826e-01 5.33778424e-01 -2.11322291e-01 -8.19970747e-04
9.70964864e-03 -3.47360777e-01 5.37956401e-01 -2.12563048e-01 -8.41433840e-04
9.82548619e-03 -3.71411341e-01 5.38464171e-01 -1.91821681e-01 -7.24938932e-04
9.94141648e-03 -4.06933753e-01 5.37649134e-01 -1.55923564e-01 -5.77318493e-04
1.00574385e-02 -4.34347758e-01 5.36205349e-01 -1.24660804e-01 -4.15290583e-04
1.01735513e-02 -4.43848223e-01 5.35969588e-01 -1.18681498e-01 -2.02365355e-04
1.02897538e-02 -4.38614470e-01 5.32980485e-01 -1.24064135e-01 2.01938512e-05
1.04060451e-02 -4.23416171e-01 5.24745288e-01 -1.28453156e-01 2.10112193e-04
1.05224241e-02 -4.01814319e-01 5.21054750e-01 -1.45957607e-01 3.99203293e-04
1.06388899e-02 -3.81365900e-01 5.25796460e-01 -1.71666481e-01 5.57165147e-04
1.07554414e-02 -3.71367248e-01 5.28858912e-01 -1.88051107e-01 5.14448528e-04
1.08720776e-02 -3.75980387e-01 5.30977209e-01 -1.86138212e-01 1.72439511e-04
1.09887975e-02 -3.93605472e-01 5.37385386e-01 -1.65288789e-01 -1.95001800e-04
1.11056001e-02 -4.16248977e-01 5.41442304e-01 -1.42938235e-01 -1.22257237e-04
1.12224843e-02 -4.29544212e-01 5.39166275e-01 -1.37946753e-01 3.70830834e-04
1.13394492e-02 -4.26569467e-01 5.35498523e-01 -1.41035439e-01 6.75253532e-04
1.14564937e-02 -4.19375020e-01 5.35736475e-01 -1.40050375e-01 4.07860383e-04
1.15736168e-02 -4.22637607e-01 5.37893148e-01 -1.36208766e-01 -1.21076965e-04
1.16908174e-02 -4.34320558e-01 5.37820995e-01 -1.32339459e-01 -4.33065839e-04
1.18080945e-02 -4.45890391e-01 5.39256358e-01 -1.23048708e-01 -3.97630540e-04
1.19254470e-02 -4.54756888e-01 5.42913082e-01 -1.11113711e-01 -1.40780367e-04
1.20428740e-02 -4.57254435e-01 5.40508209e-01 -1.11924244e-01 7.20755151e-05
1.21603744e-02 -4.50565247e-01 5.35384092e-01 -1.15872303e-01 -5.93720442e-05
1.22779470e-02 -4.44263334e-01 5.35650319e-01 -1.10378997e-01 -4.43165025e-04
1.23955910e-02 -4.51134824e-01 5.35114824e-01 -9.92902569e-02 -5.70767033e-04
1.25133052e-02 -4.66092933e-01 5.26419384e-01 -8.13667640e-02 -2.17938948e-04
1.26310885e-02 -4.68761420e-01 5.16929105e-01 -7.14793527e-02 2.45289321e-04
1.27489400e-02 -4.49214251e-01 5.14049165e-01 -8.28379342e-02 3.98742511e-04
1.28668585e-02 -4.19210698e-01 5.16650222e-01 -1.14488798e-01 2.17121380e-04
1.29848430e-02 -3.98262817e-01 5.21764966e-01 -1.50945714e-01 -1.20580463e-04
1.31028924e-02 -3.97007925e-01 5.27216672e-01 -1.60050442e-01 -4.25802342e-04
1.32210056e-02 -4.10167688e-01 5.35849522e-01 -1.49183516e-01 -4.28380645e-04
1.33391816e-02 -4.23308616e-01 5.44641392e-01 -1.52424545e-01 -2.85992467e-05
1.34574194e-02 -4.25495446e-01 5.45344058e-01 -1.63214286e-01 3.80227483e-04
1.35757178e-02 -4.13769662e-01 5.40761699e-01 -1.65757972e-01 3.60712377e-04
1.36940757e-02 -3.97438814e-01 5.36703583e-01 -1.73007979e-01 4.13286819e-05
1.38124921e-02 -3.98668931e-01 5.30743738e-01 -1.71785937e-01 -1.31050746e-04
1.39309659e-02 -4.30868018e-01 5.21989981e-01 -1.29954984e-01 4.21561542e-05
1.40494960e-02 -4.77559429e-01 5.17707440e-01 -7.96969117e-02 3.58826029e-04
1.41680813e-02 -5.06100515e-01 5.20700424e-01 -6.33227609e-02 3.60405291e-04
1.42867207e-02 -5.02633171e-01 5.26491520e-01 -6.93883911e-02 -1.96509101e-04
1.44054132e-02 -4.87924554e-01 5.32359684e-01 -8.01910079e-02 -8.77063015e-04
1.45241577e-02 -4.91854936e-01 5.35002053e-01 -8.10547621e-02 -9.88557233e-04
1.46429530e-02 -5.13738270e-01 5.29593730e-01 -6.68560887e-02 -4.74302994e-04
1.47617981e-02 -5.24081923e-01 5.21633456e-01 -4.96073656e-02 9.31579178e-05
1.48806918e-02 -5.05854110e-01 5.19097279e-01 -5.58922839e-02 3.43188840e-04
1.49996331e-02 -4.74670075e-01 5.21957790e-01 -9.13943615e-02 3.96319937e-04
1.51186209e-02 -4.53425391e-01 5.25471631e-01 -1.22664432e-01 4.14006554e-04
1.52376540e-02 -4.39115616e-01 5.24936116e-01 -1.39631088e-01 3.77109532e-04
1.53567314e-02 -4.11749038e-01 5.21599198e-01 -1.62378872e-01 2.82322837e-04
1.54758519e-02 -3.75792029e-01 5.19238574e-01 -1.92912357e-01 2.25165156e-04
1.55950144e-02 -3.64293004e-01 5.18416949e-01 -2.04695904e-01 2.20593965e-04
1.57142179e-02 -3.91836230e-01 5.16543456e-01 -1.78752039e-01 8.82828580e-05
1.58334612e-02 -4.31384732e-01 5.13904744e-01 -1.33749295e-01 -2.95653516e-04
1.59527432e-02 -4.51460618e-01 5.09077157e-01 -9.96946791e-02 -6.97119866e-04
1.60720628e-02 -4.55033417e-01 5.01732252e-01 -8.41649688e-02 -6.94809153e-04
1.61914189e-02 -4.65983761e-01 4.97441604e-01 -7.94894380e-02 -3.30848363e-04
1.63108104e-02 -4.86829397e-01 4.98828578e-01 -7.77121506e-02 -9.44646151e-05
1.64302360e-02 -5.05108526e-01 5.01145681e-01 -5.94097639e-02 -1.07664873e-04
1.65496948e-02 -5.22557794e-01 4.98693808e-01 -1.85100978e-02 -3.16697108e-04
1.66691856e-02 -5.41084134e-01 4.98050955e-01 1.16850663e-02 -5.66956536e-04
1.67887073e-02 -5.54468854e-01 5.01377258e-01 1.64180972e-02 -4.52622150e-04
1.69082587e-02 -5.53091475e-01 5.08559994e-01 4.53683610e-04 -2.55670893e-05
1.70278388e-02 -5.28187700e-01 5.17439989e-01 -3.19037583e-02 2.92387382e-04
1.71474463e-02 -4.92614793e-01 5.21791165e-01 -6.62548533e-02 3.39655049e-04
1.72670803e-02 -4.78106967e-01 5.23312174e-01 -8.46432089e-02 2.50774859e-04
1.73867395e-02 -5.03633212e-01 5.24988156e-01 -6.71698109e-02 1.41953893e-04
1.75064228e-02 -5.56543947e-01 5.26410798e-01 -1.24014841e-02 7.25772043e-05
1.76261291e-02 -6.06201306e-01 5.25161313e-01 4.33431734e-02 1.95320036e-04
1.77458572e-02 -6.33748842e-01 5.21737447e-01 7.10639244e-02 5.41476338e-04
1.78656061e-02 -6.43864388e-01 5.18688762e-01 7.77615701e-02 7.74731606e-04
1.79853746e-02 -6.42810181e-01 5.17996552e-01 7.86027398e-02 5.21305443e-04
1.81051616e-02 -6.24383808e-01 5.20404571e-01 6.68251450e-02 -8.55480060e-05
1.82249658e-02 -5.92077961e-01 5.23128062e-01 3.78755100e-02 -4.85193767e-04
1.83447863e-02 -5.67734641e-01 5.22124600e-01 8.52137133e-03 -3.75192655e-04
1.84646219e-02 -5.65355456e-01 5.16738969e-01 8.50964427e-03 -5.20467053e-05
1.85844713e-02 -5.80368607e-01 5.10693151e-01 3.49017937e-02 3.93893943e-05
1.87043336e-02 -6.03118321e-01 5.06223407e-01 6.42298772e-02 -1.79696857e-04
1.88242075e-02 -6.26245542e-01 5.04676426e-01 9.22320887e-02 -4.29723979e-04
1.89440920e-02 -6.48063935e-01 5.09647523e-01 1.13385753e-01 -3.87787553e-04
1.90639858e-02 -6.73484482e-01 5.16882778e-01 1.28132927e-01 -2.12677813e-05
1.91838878e-02 -6.99605294e-01 5.19601746e-01 1.48048410e-01 3.42912578e-04
1.93037970e-02 -7.08185635e-01 5.20731580e-01 1.58228361e-01 3.77188171e-04
1.94237122e-02 -6.90685491e-01 5.22510056e-01 1.41397654e-01 1.05808247e-04
1.95436321e-02 -6.66912048e-01 5.22493465e-01 1.18005068e-01 -1.77572526e-04
1.96635558e-02 -6.58291833e-01 5.21821511e-01 1.08224762e-01 -2.47284000e-04
1.97834820e-02 -6.62301968e-01 5.23422107e-01 1.04856987e-01 -1.49208777e-04
1.99034097e-02 -6.69949689e-01 5.24927970e-01 1.12385028e-01 -4.54837543e-05
2.00233376e-02 -6.78623463e-01 5.23883015e-01 1.25769476e-01 5.59265674e-05
2.01432646e-02 -6.77582216e-01 5.20594137e-01 1.23765561e-01 2.23678272e-04
2.02631897e-02 -6.58926553e-01 5.16635905e-01 1.09138298e-01 3.96417273e-04
2.03831116e-02 -6.40788178e-01 5.15010060e-01 9.69875797e-02 4.64088504e-04
2.05030292e-02 -6.40734697e-01 5.16261337e-01 9.56565809e-02 3.87426383e-04
2.06229414e-02 -6.45343526e-01 5.21223398e-01 9.63504845e-02 1.81695290e-04
2.07428471e-02 -6.42070520e-01 5.28389137e-01 8.99664690e-02 -6.47200001e-05
2.08627450e-02 -6.49283394e-01 5.31455264e-01 9.25584041e-02 -2.34513376e-04
2.09826341e-02 -6.79460644e-01 5.27882790e-01 1.25977808e-01 -2.90719047e-04
2.11025133e-02 -7.02484437e-01 5.19415064e-01 1.63968078e-01 -2.34392463e-04
2.12223814e-02 -6.80173342e-01 5.11613083e-01 1.49416771e-01 -8.55765560e-05
2.13422372e-02 -6.25506701e-01 5.08271717e-01 9.45772178e-02 2.58298007e-05
2.14620796e-02 -5.96573939e-01 5.07534345e-01 7.14375456e-02 -3.89145385e-06
2.15819076e-02 -6.24927585e-01 5.07349436e-01 1.04622387e-01 -7.00473764e-05
2.17017198e-02 -6.79374348e-01 5.08684518e-01 1.56715084e-01 -3.42161176e-05
2.18215154e-02 -7.14584395e-01 5.10957298e-01 1.94346169e-01 9.20583780e-05
2.19412929e-02 -7.21780867e-01 5.13387072e-01 2.02161651e-01 2.21758171e-04
2.20610515e-02 -7.14485008e-01 5.15510547e-01 1.89318664e-01 2.55290222e-04
2.21807898e-02 -6.98826858e-01 5.16814925e-01 1.75380031e-01 1.53585718e-04
2.23005069e-02 -6.79128343e-01 5.17222136e-01 1.58898713e-01 2.94566177e-05
2.24202015e-02 -6.69048564e-01 5.16376799e-01 1.45435708e-01 -1.31100926e-05
2.25398725e-02 -6.81280957e-01 5.16362638e-01 1.54985750e-01 -3.88590199e-05
2.26595188e-02 -7.14479869e-01 5.16362565e-01 1.94469579e-01 -7.82369018e-05
2.27791393e-02 -7.49121101e-01 5.11868248e-01 2.39616623e-01 6.09688569e-06
2.28987329e-02 -7.56766547e-01 5.05553905e-01 2.47239450e-01 2.11124327e-04
2.30182983e-02 -7.29483594e-01 5.03175109e-01 2.17629747e-01 2.61745544e-04
2.31378346e-02 -6.97149568e-01 5.02410304e-01 1.99553305e-01 8.95137923e-05
2.32573405e-02 -6.94111493e-01 4.99552194e-01 2.06871315e-01 2.30302866e-05
2.33768149e-02 -7.13487159e-01 4.97505847e-01 2.13948345e-01 1.67458404e-04
2.34962568e-02 -7.19524736e-01 4.97129842e-01 2.19757863e-01 1.97889292e-04
2.36156650e-02 -6.99961151e-01 4.93984705e-01 2.16560124e-01 3.52543377e-05
2.37350384e-02 -6.80128703e-01 4.91490197e-01 1.99905654e-01 2.13675595e-06
2.38543758e-02 -6.84472767e-01 4.94346907e-01 1.94397115e-01 1.77021902e-04
2.39736762e-02 -7.05334672e-01 4.98907327e-01 2.07759545e-01 2.39864021e-04
2.40929384e-02 -7.19939799e-01 5.02197015e-01 2.24581774e-01 3.78187978e-05
2.42121614e-02 -7.20009580e-01 5.05727345e-01 2.25043981e-01 -1.48903848e-04
2.43313439e-02 -7.09687482e-01 5.08198571e-01 2.05868098e-01 -5.78202968e-05
2.44504850e-02 -6.93697346e-01 5.09017714e-01 1.86111446e-01 1.70134632e-04
2.45695834e-02 -6.78601335e-01 5.09523013e-01 1.77060603e-01 2.63104992e-04
2.46886381e-02 -6.69612559e-01 5.09329283e-01 1.70535335e-01 1.68011350e-04
2.48076480e-02 -6.66084769e-01 5.08083101e-01 1.67475022e-01 -1.68194611e-05
2.49266120e-02 -6.69186755e-01 5.05769910e-01 1.76086211e-01 -1.71893762e-04
2.50455289e-02 -6.84306260e-01 5.04159188e-01 1.94908132e-01 -1.89738533e-04
2.51643978e-02 -7.06870641e-01 5.04862019e-01 2.15785845e-01 -7.97869141e-05
2.52832173e-02 -7.16869004e-01 5.04836370e-01 2.25629421e-01 1.82951845e-06
2.54019866e-02 -7.02173466e-01 5.01270068e-01 2.17279522e-01 -7.15300545e-05
2.55207044e-02 -6.79231743e-01 4.97484703e-01 2.01564815e-01 -2.47701367e-04
2.56393698e-02 -6.74159140e-01 4.97428806e-01 1.99121493e-01 -3.66916543e-04
2.57579815e-02 -6.90619248e-01 5.00184906e-01 2.12660125e-01 -3.34943007e-04
2.58765385e-02 -7.11042472e-01 5.03049785e-01 2.28622277e-01 -1.77606650e-04
2.59950397e-02 -7.22806218e-01 5.05520656e-01 2.39001774e-01 6.13253959e-05
2.61134841e-02 -7.26824889e-01 5.07870891e-01 2.39821204e-01 3.60954715e-04
2.62318705e-02 -7.23906356e-01 5.08863778e-01 2.31973768e-01 5.98821972e-04
2.63501979e-02 -7.14050245e-01 5.09073871e-01 2.19125226e-01 5.43795269e-04
2.64684652e-02 -7.08816824e-01 5.11074252e-01 2.14231721e-01 1.26796135e-04
2.65866713e-02 -7.21466769e-01 5.14178757e-01 2.30615260e-01 -3.66685832e-04
2.67048151e-02 -7.45785337e-01 5.14522771e-01 2.55153504e-01 -5.56925638e-04
2.68228957e-02 -7.64777285e-01 5.12372161e-01 2.71614228e-01 -3.91708724e-04
2.69409118e-02 -7.74586287e-01 5.11676274e-01 2.84527739e-01 -1.11529798e-04
2.70588624e-02 -7.80213610e-01 5.12927596e-01 2.91383199e-01 9.73670075e-05
2.71767465e-02 -7.81086306e-01 5.14419694e-01 2.86662085e-01 1.80973929e-04
2.72945630e-02 -7.81461563e-01 5.15673563e-01 2.86763656e-01 1.47277860e-04
2.74123109e-02 -7.93937275e-01 5.14924974e-01 3.03530655e-01 9.27875441e-05
2.75299890e-02 -8.16900247e-01 5.11647772e-01 3.25935406e-01 8.22206260e-05
2.76475964e-02 -8.32877029e-01 5.06720423e-01 3.43028780e-01 1.59241753e-05
2.77651320e-02 -8.34559041e-01 5.01518219e-01 3.53070549e-01 -1.55045766e-04
2.78825947e-02 -8.31606907e-01 4.98856355e-01 3.56012050e-01 -2.40259518e-04
2.79999835e-02 -8.32514655e-01 4.98187073e-01 3.52393445e-01 -7.78623849e-05
2.81172973e-02 -8.33759197e-01 4.98206649e-01 3.48279900e-01 1.85137263e-04
2.82345351e-02 -8.30232270e-01 4.98081986e-01 3.45601956e-01 2.99900905e-04
2.83516959e-02 -8.26614589e-01 4.97266096e-01 3.45547212e-01 2.64858601e-04
2.84687787e-02 -8.26570105e-01 4.95632340e-01 3.48455096e-01 2.81969350e-04
2.85857823e-02 -8.20849204e-01 4.95330763e-01 3.38069486e-01 4.08114536e-04
2.87027058e-02 -8.05730813e-01 4.98256886e-01 3.14846424e-01 4.34534465e-04
2.88195481e-02 -7.99463299e-01 4.99729789e-01 3.08563889e-01 2.13957021e-04
2.89363082e-02 -8.16659075e-01 4.99389886e-01 3.30641672e-01 -5.77127187e-05
2.90529852e-02 -8.48910032e-01 4.98696617e-01 3.60507927e-01 -8.65023139e-05
2.91695779e-02 -8.75681330e-01 4.97994823e-01 3.82774127e-01 1.22768723e-04
2.92860854e-02 -8.82075477e-01 4.97131944e-01 3.91406019e-01 3.22669080e-04
2.94025066e-02 -8.68234356e-01 4.97374920e-01 3.78793356e-01 3.66780006e-04
2.95188405e-02 -8.48406978e-01 5.00976606e-01 3.54613144e-01 3.08433894e-04
2.96350863e-02 -8.40434280e-01 5.04047413e-01 3.41711907e-01 2.57327197e-04
2.97512427e-02 -8.48596467e-01 5.04939891e-01 3.45643385e-01 2.59267178e-04
2.98673089e-02 -8.60366510e-01 5.05213506e-01 3.54246446e-01 2.73097772e-04
2.99832838e-02 -8.64744194e-01 5.04975390e-01 3.58294708e-01 2.36682751e-04
3.00991664e-02 -8.66706855e-01 5.03879471e-01 3.60221420e-01 1.28958202e-04
3.02149559e-02 -8.77709241e-01 5.02889411e-01 3.72002703e-01 -2.58396588e-05
3.03306511e-02 -8.98315436e-01 5.04012686e-01 3.92863567e-01 -1.68548113e-04
3.04462510e-02 -9.18675774e-01 5.06321182e-01 4.10474660e-01 -2.37067244e-04
3.05617548e-02 -9.31589413e-01 5.08027348e-01 4.21576464e-01 -2.03785258e-04
3.06771615e-02 -9.35638876e-01 5.09169124e-01 4.24253588e-01 -7.31097553e-05
3.07924700e-02 -9.30245283e-01 5.08472297e-01 4.17528379e-01 1.07666120e-04
3.09076794e-02 -9.16989806e-01 5.06831550e-01 4.03362404e-01 2.30777864e-04
3.10227887e-02 -9.02388716e-01 5.07253845e-01 3.86878176e-01 2.03277841e-04
3.11377970e-02 -8.93295461e-01 5.07653855e-01 3.79354929e-01 7.02721729e-05
3.12527033e-02 -8.91077684e-01 5.05731441e-01 3.81380687e-01 -3.08568912e-06
3.13675067e-02 -8.91979447e-01 5.03091105e-01 3.84053640e-01 7.37222747e-05
3.14822062e-02 -8.91583479e-01 5.00819824e-01 3.84767037e-01 2.06594295e-04
3.15968008e-02 -8.88240244e-01 4.99851563e-01 3.84261560e-01 2.62551399e-04
3.17112897e-02 -8.83316657e-01 5.00803966e-01 3.79724251e-01 2.25890423e-04
3.18256718e-02 -8.80641795e-01 5.01967085e-01 3.74487367e-01 1.45091492e-04
3.19399463e-02 -8.85303007e-01 5.02242577e-01 3.82010958e-01 6.68618197e-05
3.20541122e-02 -8.97719783e-01 5.01791116e-01 3.99879066e-01 6.54678217e-05
3.21681686e-02 -9.10493785e-01 5.00946036e-01 4.11913439e-01 1.69104039e-04
3.22821145e-02 -9.17102138e-01 5.00587942e-01 4.16955919e-01 2.80407546e-04
3.23959491e-02 -9.18075879e-01 5.00651384e-01 4.19440492e-01 3.12746624e-04
3.25096714e-02 -9.14121887e-01 5.00097120e-01 4.15623296e-01 2.98612501e-04
3.26232805e-02 -9.03296631e-01 4.99905665e-01 4.02797665e-01 2.83733060e-04
3.27367755e-02 -8.88226939e-01 5.01414532e-01 3.86017431e-01 2.58621900e-04
3.28501556e-02 -8.77264201e-01 5.02762592e-01 3.73965258e-01 2.20200338e-04
3.29634197e-02 -8.76822696e-01 5.02373056e-01 3.73376754e-01 1.94085719e-04
3.30765670e-02 -8.84821471e-01 5.02249733e-01 3.81168914e-01 2.03560093e-04
3.31895967e-02 -8.90813706e-01 5.03559510e-01 3.86572230e-01 2.59562094e-04
3.33025077e-02 -8.85063652e-01 5.05337546e-01 3.78365120e-01 3.37979671e-04
3.34152993e-02 -8.70219412e-01 5.06865829e-01 3.60081142e-01 3.59068013e-04
3.35279706e-02 -8.60126808e-01 5.07518774e-01 3.50374691e-01 2.73675407e-04
3.36405207e-02 -8.63607425e-01 5.07806155e-01 3.55287442e-01 1.62542240e-04
3.37529486e-02 -8.74362853e-01 5.08319226e-01 3.64816983e-01 1.50623786e-04
3.38652536e-02 -8.81177646e-01 5.08351441e-01 3.69934198e-01 2.43482326e-04
3.39774348e-02 -8.82544551e-01 5.08050234e-01 3.70631912e-01 3.30855039e-04
3.40894913e-02 -8.85348023e-01 5.08117166e-01 3.74103645e-01 3.35993934e-04
3.42014223e-02 -8.91800346e-01 5.08508380e-01 3.81270673e-01 2.96792339e-04
3.43132269e-02 -8.93991908e-01 5.09055904e-01 3.82191423e-01 2.86249164e-04
3.44249043e-02 -8.83385080e-01 5.10114140e-01 3.69814692e-01 3.14653589e-04
3.45364536e-02 -8.61473229e-01 5.11485378e-01 3.46698434e-01 3.49210773e-04
3.46478740e-02 -8.37390391e-01 5.12624315e-01 3.21045660e-01 3.72681194e-04
3.47591647e-02 -8.18308923e-01 5.13404551e-01 3.00393968e-01 3.80682201e-04
3.48703247e-02 -8.06903031e-01 5.13596704e-01 2.87041780e-01 3.55913183e-04
3.49813535e-02 -8.05454406e-01 5.13659235e-01 2.83864939e-01 2.91218138e-04
3.50922499e-02 -8.13991861e-01 5.15052248e-01 2.92014297e-01 2.49282547e-04
3.52030134e-02 -8.22787927e-01 5.17485522e-01 2.98561099e-01 3.24792091e-04
3.53136430e-02 -8.16939419e-01 5.19211627e-01 2.87969562e-01 4.86976263e-04
3.54241380e-02 -7.93900213e-01 5.19484390e-01 2.63156869e-01 5.64974293e-04
3.55344976e-02 -7.68280608e-01 5.18290558e-01 2.40640181e-01 4.67282868e-04
3.56447209e-02 -7.54656561e-01 5.16694815e-01 2.30121186e-01 3.01104766e-04
3.57548072e-02 -7.52680477e-01 5.16730623e-01 2.27478041e-01 2.11742414e-04
3.58647557e-02 -7.52525680e-01 5.19026591e-01 2.24933966e-01 2.17134031e-04
3.59745654e-02 -7.48010507e-01 5.22155568e-01 2.18644493e-01 2.50423457e-04
3.60842359e-02 -7.40301816e-01 5.24554457e-01 2.08746496e-01 2.65882376e-04
3.61937664e-02 -7.32994592e-01 5.26287590e-01 1.99659579e-01 2.64502331e-04
3.63031556e-02 -7.26558526e-01 5.27915716e-01 1.92435324e-01 2.75789661e-04
3.64124029e-02 -7.17945260e-01 5.29290041e-01 1.82471761e-01 3.15321072e-04
3.65215089e-02 -7.06304067e-01 5.30448808e-01 1.69174644e-01 3.44217066e-04
3.66304713e-02 -6.96400121e-01 5.31597322e-01 1.58768685e-01 3.14766141e-04
3.67392876e-02 -6.92907651e-01 5.32234610e-01 1.55990613e-01 2.50039481e-04
3.68479609e-02 -6.93551611e-01 5.32339335e-01 1.56403327e-01 2.13837476e-04
3.69564929e-02 -6.92322696e-01 5.32751531e-01 1.53619286e-01 2.14390971e-04
3.70648733e-02 -6.87831550e-01 5.33672441e-01 1.48818851e-01 2.09225978e-04
3.71730992e-02 -6.83650086e-01 5.34506518e-01 1.44837138e-01 1.84440787e-04
3.72811911e-02 -6.82081079e-01 5.35210342e-01 1.42414621e-01 1.59424875e-04
3.73891496e-02 -6.81708282e-01 5.36378463e-01 1.41067159e-01 1.44841072e-04
3.74969252e-02 -6.79696509e-01 5.37767250e-01 1.38187045e-01 1.41282514e-04
3.76045169e-02 -6.74758229e-01 5.38975489e-01 1.31864626e-01 1.44316749e-04
3.77120976e-02 -6.68808599e-01 5.40071719e-01 1.25329530e-01 1.45919426e-04
3.78199460e-02 -6.64949400e-01 5.40957046e-01 1.21674284e-01 1.54968791e-04
3.79282387e-02 -6.63367677e-01 5.41666384e-01 1.19021110e-01 1.82870759e-04
3.80369806e-02 -6.61405660e-01 5.42622853e-01 1.15464190e-01 2.07318616e-04
3.81461277e-02 -6.57313989e-01 5.43964057e-01 1.10710842e-01 2.00086461e-04
3.82556860e-02 -6.51758364e-01 5.45331706e-01 1.04490082e-01 1.73258931e-04
3.83656817e-02 -6.46701178e-01 5.46605360e-01 9.80551589e-02 1.56108282e-04
3.84761174e-02 -6.43745900e-01 5.47801425e-01 9.36826420e-02 1.51320364e-04
3.85869888e-02 -6.42572620e-01 5.48673957e-01 9.17169020e-02 1.43339000e-04
3.86983031e-02 -6.41334272e-01 5.49274676e-01 9.01125215e-02 1.28942301e-04
3.88100694e-02 -6.38705174e-01 5.49956194e-01 8.66539859e-02 1.16783881e-04
3.89222910e-02 -6.34497979e-01 5.50694062e-01 8.15112644e-02 1.08632114e-04
3.90349718e-02 -6.29025821e-01 5.51260045e-01 7.56810189e-02 9.96736562e-05
3.91481182e-02 -6.23355664e-01 5.51620610e-01 6.96459091e-02 8.85021848e-05
3.92617359e-02 -6.19519254e-01 5.52013229e-01 6.51902170e-02 7.61384954e-05
3.93758297e-02 -6.18794718e-01 5.52594390e-01 6.38959813e-02 6.60508495e-05
3.94904051e-02 -6.19783321e-01 5.53350527e-01 6.42904555e-02 6.71555451e-05
3.96054679e-02 -6.19331161e-01 5.54270477e-01 6.28410064e-02 8.38174904e-05
3.97210237e-02 -6.15454524e-01 5.55237789e-01 5.76587072e-02 1.03085012e-04
3.98370780e-02 -6.08941553e-01 5.56091218e-01 5.01971340e-02 1.04467913e-04
3.99536367e-02 -6.02283438e-01 5.56760204e-01 4.30518433e-02 8.35370893e-05
4.00707057e-02 -5.97409720e-01 5.57126937e-01 3.78663675e-02 5.51595410e-05
4.01882908e-02 -5.94544343e-01 5.57385621e-01 3.45180771e-02 3.32665738e-05
4.03063979e-02 -5.93057448e-01 5.57887663e-01 3.22596272e-02 1.86830441e-05
4.04250333e-02 -5.92910761e-01 5.58567240e-01 3.16992967e-02 1.08758983e-05
4.05442029e-02 -5.94355080e-01 5.59148978e-01 3.26472919e-02 1.42403409e-05
4.06639130e-02 -5.96075312e-01 5.59563441e-01 3.30630482e-02 2.45180981e-05
4.07841699e-02 -5.96160759e-01 5.59918471e-01 3.24127046e-02 3.01266871e-05
4.09049800e-02 -5.95202362e-01 5.60340479e-01 3.16698874e-02 2.42812580e-05
4.10263497e-02 -5.94739373e-01 5.60765932e-01 3.11214437e-02 1.89265123e-05
4.11482855e-02 -5.94627191e-01 5.60959988e-01 3.03269881e-02 3.07219612e-05
4.12707942e-02 -5.94000807e-01 5.60925123e-01 2.91258038e-02 4.83830308e-05
4.13938823e-02 -5.92624750e-01 5.60960071e-01 2.77109656e-02 5.11839239e-05
4.15175568e-02 -5.90800255e-01 5.61261328e-01 2.59298467e-02 4.28619089e-05
4.16418244e-02 -5.88403321e-01 5.61745148e-01 2.29636735e-02 4.18932528e-05
4.17666923e-02 -5.85150122e-01 5.62228905e-01 1.86181955e-02 4.83238713e-05
4.18921674e-02 -5.81823735e-01 5.62643480e-01 1.45886406e-02 4.25084000e-05
4.20182570e-02 -5.80008962e-01 5.63013085e-01 1.26467713e-02 1.80116919e-05
4.21449682e-02 -5.80152290e-01 5.63347259e-01 1.26856425e-02 -5.11840951e-06
4.22723086e-02 -5.80944436e-01 5.63616085e-01 1.29047261e-02 -7.56992898e-06
4.24002855e-02 -5.81111547e-01 5.63817805e-01 1.22961769e-02 3.98501499e-06
4.25289065e-02 -5.80886843e-01 5.63960811e-01 1.19378815e-02 1.09112246e-05
4.26581794e-02 -5.81086854e-01 5.64018125e-01 1.23759245e-02 9.75365287e-06
4.27881118e-02 -5.81595974e-01 5.64032808e-01 1.26218170e-02 8.82603569e-06
4.29187117e-02 -5.81700322e-01 5.64151036e-01 1.21739792e-02 8.37053093e-06
4.30499871e-02 -5.81354274e-01 5.64390167e-01 1.15706941e-02 3.05469554e-06
4.31819461e-02 -5.81243098e-01 5.64680649e-01 1.13035211e-02 -3.19674339e-06
4.33145969e-02 -5.81798034e-01 5.65001690e-01 1.14300538e-02 -9.14806838e-07
4.34479479e-02 -5.82646247e-01 5.65263013e-01 1.16596687e-02 9.50833513e-06
4.35820076e-02 -5.83054440e-01 5.65348487e-01 1.17676710e-02 1.73719338e-05
4.37167844e-02 -5.82669193e-01 5.65354532e-01 1.14673900e-02 1.65523231e-05
4.38522873e-02 -5.81702877e-01 5.65391835e-01 1.04658650e-02 1.18715995e-05
4.39885248e-02 -5.80650706e-01 5.65442902e-01 9.07721532e-03 9.05941307e-06
4.41255062e-02 -5.80043835e-01 5.65529832e-01 8.17140886e-03 7.40617059e-06
4.42632403e-02 -5.80136047e-01 5.65638455e-01 8.20424577e-03 5.53915750e-06
4.44017366e-02 -5.80518341e-01 5.65748323e-01 8.45127985e-03 5.76548277e-06
4.45410042e-02 -5.80404130e-01 5.65889378e-01 7.93364546e-03 8.40856065e-06
4.46810528e-02 -5.79594152e-01 5.66044321e-01 6.77559126e-03 9.04369618e-06
4.48218919e-02 -5.78774367e-01 5.66176777e-01 5.82098650e-03 5.36898543e-06
4.49635314e-02 -5.78583393e-01 5.66288357e-01 5.51260025e-03 1.39423805e-06
4.51059811e-02 -5.78779568e-01 5.66395559e-01 5.43538186e-03 1.43605126e-06
4.52492512e-02 -5.78696281e-01 5.66497294e-01 5.00946232e-03 3.83005624e-06
4.53933520e-02 -5.78221926e-01 5.66558678e-01 4.38387142e-03 4.12297958e-06
4.55382936e-02 -5.77843642e-01 5.66579721e-01 3.99431358e-03 1.94046819e-06
4.56840869e-02 -5.77851121e-01 5.66609009e-01 3.86663018e-03 6.14929413e-07
4.58307423e-02 -5.78002292e-01 5.66651364e-01 3.77899078e-03 1.44497409e-06
4.59782709e-02 -5.77996955e-01 5.66680786e-01 3.61698683e-03 2.37261023e-06
4.61266836e-02 -5.77869751e-01 5.66692376e-01 3.42199948e-03 1.84639314e-06
4.62759916e-02 -5.77805448e-01 5.66690572e-01 3.27516876e-03 7.71596902e-07
4.64262064e-02 -5.77837411e-01 5.66678681e-01 3.18681337e-03 4.80568626e-07
4.65773396e-02 -5.77868111e-01 5.66659726e-01 3.10793272e-03 8.89241501e-07
4.67294027e-02 -5.77848398e-01 5.66634311e-01 3.01481546e-03 1.16743433e-06
4.68824079e-02 -5.77814864e-01 5.66602785e-01 2.92078881e-03 1.04713478e-06
4.70363671e-02 -5.77801318e-01 5.66565723e-01 2.83766501e-03 8.66015264e-07
4.71912928e-02 -5.77796750e-01 5.66523511e-01 2.76179878e-03 8.63733829e-07
4.73471974e-02 -5.77781771e-01 5.66476495e-01 2.68701764e-03 9.44644224e-07
4.75040936e-02 -5.77757904e-01 5.66424919e-01 2.61352923e-03 9.67217532e-07
4.76619944e-02 -5.77734965e-01 5.66368998e-01 2.54370997e-03 9.38471887e-07
4.78209128e-02 -5.77714021e-01 5.66308886e-01 2.47752320e-03 9.24468567e-07
4.79808623e-02 -5.77690562e-01 5.66244732e-01 2.41367253e-03 9.38084328e-07
4.81418564e-02 -5.77663310e-01 5.66176670e-01 2.35177772e-03 9.53928205e-07
4.83039088e-02 -5.77634099e-01 5.66104811e-01 2.29215563e-03 9.60817826e-07
4.84670336e-02 -5.77603726e-01 5.66029261e-01 2.23482981e-03 9.66083286e-07
4.86312450e-02 -5.77571456e-01 5.65950110e-01 2.17949799e-03 9.75096600e-07
4.87965576e-02 -5.77536834e-01 5.65867442e-01 2.12595963e-03 9.86202446e-07
4.89629859e-02 -5.77500112e-01 5.65781331e-01 2.07417886e-03 9.97347453e-07
4.91305451e-02 -5.77461468e-01 5.65691844e-01 2.02410569e-03 1.00833548e-06
4.92992502e-02 -5.77420757e-01 5.65599043e-01 1.97563041e-03 1.01910584e-06
4.94691169e-02 -5.77377851e-01 5.65502979e-01 1.92865460e-03 1.02965235e-06
4.96401608e-02 -5.77332803e-01 5.65403697e-01 1.88311422e-03 1.04049245e-06
4.98123980e-02 -5.77285687e-01 5.65301243e-01 1.83894703e-03 1.05167548e-06
4.99858448e-02 -5.77236463e-01 5.65195649e-01 1.79608034e-03 1.06198548e-06
5.01605177e-02 -5.77184948e-01 5.65086945e-01 1.75445196e-03 1.07037501e-06
5.03364337e-02 -5.77131035e-01 5.64975177e-01 1.71401876e-03 1.07867152e-06
5.05136097e-02 -5.77075008e-01 5.64860372e-01 1.67473164e-03 1.08962186e-06
5.06920634e-02 -5.77017172e-01 5.64742535e-01 1.63652158e-03 1.09970558e-06
5.08718127e-02 -5.76956940e-01 5.64621733e-01 1.59933551e-03 1.10259353e-06
5.10528752e-02 -5.76893536e-01 5.64498000e-01 1.56316307e-03 1.10396020e-06
5.12352696e-02 -5.76827798e-01 5.64371259e-01 1.52798739e-03 1.11527921e-06
5.14190152e-02 -5.76761170e-01 5.64241620e-01 1.49372925e-03 1.12998384e-06
5.16041300e-02 -5.76692823e-01 5.64109220e-01 1.46029450e-03 1.13006900e-06
5.17906332e-02 -5.76620153e-01 5.63973779e-01 1.42769004e-03 1.11440290e-06
5.19785471e-02 -5.76542401e-01 5.63835358e-01 1.39601832e-03 1.10809023e-06
5.21678902e-02 -5.76463968e-01 5.63694555e-01 1.36523229e-03 1.14481408e-06
5.23586784e-02 -5.76390984e-01 5.63550789e-01 1.33502195e-03 1.19149848e-06
5.25509408e-02 -5.76315826e-01 5.63403371e-01 1.30531974e-03 1.12730699e-06
5.27447020e-02 -5.76218805e-01 5.63254058e-01 1.27664859e-03 9.95343344e-07
5.29399625e-02 -5.76112688e-01 5.63102921e-01 1.24913288e-03 1.10270864e-06
5.31367526e-02 -5.76044972e-01 5.62946434e-01 1.22176848e-03 1.39559303e-06
5.33351364e-02 -5.75995974e-01 5.62786761e-01 1.19421242e-03 1.22986584e-06
5.35350924e-02 -5.75868457e-01 5.62629217e-01 1.16805719e-03 6.52080615e-07
5.37365766e-02 -5.75686344e-01 5.62466895e-01 1.14386990e-03 8.37851178e-07
5.39397461e-02 -5.75624273e-01 5.62293228e-01 1.11919469e-03 1.81321052e-06
5.41447147e-02 -5.75668027e-01 5.62123135e-01 1.09302211e-03 1.70298773e-06
5.43511797e-02 -5.75542821e-01 5.61963049e-01 1.06867229e-03 2.29690919e-07
5.45590680e-02 -5.75218124e-01 5.61785789e-01 1.04775068e-03 2.92773796e-08
5.47691446e-02 -5.75066608e-01 5.61586704e-01 1.02615582e-03 1.83137446e-06
5.49815333e-02 -5.75203582e-01 5.61406616e-01 1.00148543e-03 2.53987526e-06
5.51945530e-02 -5.75218320e-01 5.61249616e-01 9.77993845e-04 7.32190119e-07
5.54080969e-02 -5.74882352e-01 5.61063636e-01 9.58803289e-04 -4.51868583e-07
5.56283010e-02 -5.74577020e-01 5.60838178e-01 9.39605190e-04 9.49225340e-07
5.58657320e-02 -5.74568624e-01 5.60623783e-01 9.16420568e-04 1.96335751e-06
5.61283435e-02 -5.74567180e-01 5.60416112e-01 8.91597953e-04 1.26019268e-06
5.64186834e-02 -5.74357608e-01 5.60159118e-01 8.67066814e-04 6.38575112e-07
5.67377920e-02 -5.74074796e-01 5.59849196e-01 8.41107672e-04 8.03682392e-07
5.70886140e-02 -5.73852140e-01 5.59521717e-01 8.12691530e-04 1.05130485e-06
5.74751158e-02 -5.73644327e-01 5.59175116e-01 7.83241341e-04 1.03100573e-06
5.79008231e-02 -5.73390631e-01 5.58777267e-01 7.53515660e-04 9.52227820e-07
5.83693510e-02 -5.73084611e-01 5.58322345e-01 7.22293032e-04 8.82428009e-07
5.88851030e-02 -5.72713819e-01 5.57830195e-01 6.88506439e-04 7.73910567e-07
5.94529866e-02 -5.72275497e-01 5.57282246e-01 6.52938592e-04 7.26483566e-07
6.00781977e-02 -5.71809504e-01 5.56654601e-01 6.17388900e-04 7.63176188e-07
6.07664740e-02 -5.71326277e-01 5.55965573e-01 5.82429073e-04 7.68106069e-07
6.15242227e-02 -5.70783337e-01 5.55209000e-01 5.47312613e-04 7.18771831e-07
6.23584653e-02 -5.70151945e-01 5.54351190e-01 5.11638159e-04 6.57255652e-07
6.32769003e-02 -5.69425771e-01 5.53389579e-01 4.75580355e-04 5.92543651e-07
6.42880282e-02 -5.68597156e-01 5.52321320e-01 4.39410675e-04 5.13912611e-07
6.54012129e-02 -5.67654346e-01 5.51126644e-01 4.03451826e-04 4.23191921e-07
6.66267503e-02 -5.66584812e-01 5.49792703e-01 3.68111441e-04 3.28925298e-07
6.79759780e-02 -5.65375015e-01 5.48304044e-01 3.33789233e-04 2.37095926e-07
6.94613825e-02 -5.64007559e-01 5.46640926e-01 3.00802632e-04 1.47761255e-07
7.10967076e-02 -5.62460588e-01 5.44785680e-01 2.69377455e-04 5.77030188e-08
7.28970833e-02 -5.60709528e-01 5.42717804e-01 2.39667627e-04 -3.57199977e-08
7.48791683e-02 -5.58729394e-01 5.40411224e-01 2.11798963e-04 -1.31869418e-07
7.70613021e-02 -5.56495685e-01 5.37839924e-01 1.85903116e-04 -2.26601447e-07
7.94636747e-02 -5.53982970e-01 5.34980374e-01 1.62108698e-04 -3.13483713e-07
8.21085142e-02 -5.51162541e-01 5.31806148e-01 1.40504393e-04 -3.85145409e-07
