VARIABLES="Y/c","convection","viscous",pressure gradient",Reynolds stress"
0.00000000e+00 0.00000000e+00 5.47629462e+00 3.33786236e+00 -4.43522050e+00
1.20443098e-06 -1.51361151e-02 5.46801077e+00 -6.11416523e+00 7.09595853e-01
2.45397893e-06 -1.96418384e-02 5.46636909e+00 -1.79448754e+01 1.19741485e+01
3.75020532e-06 -5.17154775e-02 5.46691507e+00 -4.30800821e+01 3.85138594e+01
5.09471495e-06 -7.98443415e-02 5.46567982e+00 -7.45076615e+01 6.83664164e+01
6.48915621e-06 -1.28275415e-01 5.46570757e+00 -1.08594538e+02 1.04033211e+02
7.93522119e-06 -1.76239796e-01 5.46457045e+00 -1.38996819e+02 1.33481531e+02
9.43464579e-06 -2.40379544e-01 5.46417800e+00 -1.61500587e+02 1.56803553e+02
1.09892096e-05 -3.11129176e-01 5.46305916e+00 -1.73934711e+02 1.69042569e+02
1.26007355e-05 -4.00138719e-01 5.46233584e+00 -1.76628791e+02 1.72023755e+02
1.42710899e-05 -5.02799989e-01 5.46125439e+00 -1.71150842e+02 1.66674447e+02
1.60021812e-05 -6.23475979e-01 5.46034165e+00 -1.59978259e+02 1.55609047e+02
1.77959599e-05 -7.57214435e-01 5.45936959e+00 -1.45276949e+02 1.41107006e+02
1.96544174e-05 -9.02636849e-01 5.45844092e+00 -1.29142880e+02 1.25058288e+02
2.15795847e-05 -1.05455686e+00 5.45766852e+00 -1.12862637e+02 1.08964840e+02
2.35735311e-05 -1.20917516e+00 5.45686873e+00 -9.75035702e+01 9.37040792e+01
2.56383623e-05 -1.36209556e+00 5.45634655e+00 -8.34857263e+01 7.98415580e+01
2.77762188e-05 -1.50955495e+00 5.45577938e+00 -7.11193798e+01 6.75797233e+01
2.99892734e-05 -1.64944005e+00 5.45558645e+00 -6.03731599e+01 5.69577861e+01
3.22797283e-05 -1.78066193e+00 5.45537886e+00 -5.11926761e+01 4.78781756e+01
3.46498125e-05 -1.90465337e+00 5.45552838e+00 -4.34062404e+01 4.01924074e+01
3.71017779e-05 -2.02306693e+00 5.45556013e+00 -3.68426203e+01 3.37260156e+01
3.96378957e-05 -2.13803100e+00 5.45577755e+00 -3.13364546e+01 2.83103007e+01
4.22604518e-05 -2.24843250e+00 5.45579696e+00 -2.67190564e+01 2.37880997e+01
4.49717421e-05 -2.35167893e+00 5.45594219e+00 -2.28683710e+01 2.00177925e+01
4.77740668e-05 -2.44537808e+00 5.45589861e+00 -1.96417427e+01 1.68729285e+01
5.06697243e-05 -2.52996504e+00 5.45582765e+00 -1.69486161e+01 1.42452786e+01
5.36610047e-05 -2.60505771e+00 5.45540990e+00 -1.46827429e+01 1.20454792e+01
5.67501820e-05 -2.67108187e+00 5.45479817e+00 -1.27857473e+01 1.01998850e+01
5.99395059e-05 -2.73152554e+00 5.45391249e+00 -1.11806173e+01 8.64815991e+00
6.32311933e-05 -2.79077704e+00 5.45299323e+00 -9.82608886e+00 7.34191563e+00
6.66274177e-05 -2.84793935e+00 5.45219216e+00 -8.67470693e+00 6.24192371e+00
7.01302986e-05 -2.90125628e+00 5.45175792e+00 -7.70130301e+00 5.31283787e+00
7.37418900e-05 -2.95433067e+00 5.45171361e+00 -6.86908190e+00 4.52752230e+00
7.74641672e-05 -3.01140333e+00 5.45181047e+00 -6.16239928e+00 3.86996213e+00
8.12990129e-05 -3.06900192e+00 5.45184673e+00 -5.56401783e+00 3.32332168e+00
8.52482019e-05 -3.11934740e+00 5.45162298e+00 -5.06039447e+00 2.86310722e+00
8.93133850e-05 -3.16050659e+00 5.45120316e+00 -4.63248337e+00 2.47252443e+00
9.34960710e-05 -3.19731900e+00 5.45057801e+00 -4.27029347e+00 2.14188145e+00
9.77976101e-05 -3.23804783e+00 5.45001066e+00 -3.95286020e+00 1.85973820e+00
1.02219644e-04 -3.29497811e+00 5.44931624e+00 -3.65693652e+00 1.61806967e+00
1.06764776e-04 -3.37122648e+00 5.44839817e+00 -3.38215768e+00 1.41486926e+00
1.11435898e-04 -3.45688715e+00 5.44705217e+00 -3.13249214e+00 1.24581899e+00
1.16236083e-04 -3.55054810e+00 5.44558804e+00 -2.89480831e+00 1.10122021e+00
1.21168667e-04 -3.64564060e+00 5.44431232e+00 -2.67962235e+00 9.78480799e-01
1.26237261e-04 -3.72070484e+00 5.44369808e+00 -2.50644963e+00 8.75036380e-01
1.31445810e-04 -3.77295521e+00 5.44363667e+00 -2.36454544e+00 7.83380834e-01
1.36798689e-04 -3.80661266e+00 5.44396401e+00 -2.25347649e+00 7.02718600e-01
1.42300737e-04 -3.81374874e+00 5.44458051e+00 -2.18274863e+00 6.33146516e-01
1.47957310e-04 -3.80423830e+00 5.44537534e+00 -2.13303820e+00 5.70662336e-01
1.53774442e-04 -3.79748864e+00 5.44582889e+00 -2.08663279e+00 5.14574479e-01
1.59759004e-04 -3.80178310e+00 5.44571152e+00 -2.03851130e+00 4.67460899e-01
1.65918645e-04 -3.82432781e+00 5.44545681e+00 -1.97957424e+00 4.29563776e-01
1.72261856e-04 -3.86557961e+00 5.44536299e+00 -1.90806617e+00 3.96273383e-01
1.78798522e-04 -3.92156287e+00 5.44529938e+00 -1.82008544e+00 3.62469069e-01
1.85540219e-04 -3.99222558e+00 5.44480263e+00 -1.71734880e+00 3.29868806e-01
1.92499046e-04 -4.06809652e+00 5.44395512e+00 -1.61578160e+00 3.03464354e-01
1.99685651e-04 -4.14645195e+00 5.44276468e+00 -1.51769049e+00 2.82413059e-01
2.07108594e-04 -4.24148865e+00 5.44195396e+00 -1.40374289e+00 2.62682630e-01
2.14775636e-04 -4.33343578e+00 5.44173832e+00 -1.29379983e+00 2.45681931e-01
2.22695133e-04 -4.37652027e+00 5.44220982e+00 -1.24118663e+00 2.32295617e-01
2.30876261e-04 -4.38191126e+00 5.44348683e+00 -1.22329015e+00 2.17271628e-01
2.39328753e-04 -4.39996066e+00 5.44515478e+00 -1.18735576e+00 2.00141241e-01
2.48062896e-04 -4.43594014e+00 5.44616080e+00 -1.13919459e+00 1.84010582e-01
2.57089610e-04 -4.47170767e+00 5.44606193e+00 -1.08673644e+00 1.68114729e-01
2.66420570e-04 -4.50771616e+00 5.44531702e+00 -1.03448375e+00 1.53821926e-01
2.76068628e-04 -4.54230544e+00 5.44416924e+00 -9.91851044e-01 1.42412727e-01
2.86047717e-04 -4.58158543e+00 5.44189192e+00 -9.39219860e-01 1.32036899e-01
2.96371446e-04 -4.63250506e+00 5.43855461e+00 -8.77195739e-01 1.22958248e-01
3.07051441e-04 -4.67601184e+00 5.43544634e+00 -8.27241952e-01 1.15338818e-01
3.18097271e-04 -4.70807524e+00 5.43340973e+00 -7.85541334e-01 1.08993908e-01
3.29517760e-04 -4.75006831e+00 5.43179438e+00 -7.39800637e-01 1.03835966e-01
3.41321927e-04 -4.81714516e+00 5.42916351e+00 -6.65604438e-01 9.65359656e-02
3.53518856e-04 -4.91304770e+00 5.42483515e+00 -5.53016671e-01 8.71513658e-02
3.66117355e-04 -5.01774179e+00 5.42040048e+00 -4.39753465e-01 8.06265646e-02
3.79125945e-04 -5.10872275e+00 5.41770639e+00 -3.45583476e-01 7.65691029e-02
3.92552919e-04 -5.19114048e+00 5.41629404e+00 -2.55637207e-01 7.12524858e-02
4.06406361e-04 -5.27387315e+00 5.41522433e+00 -1.66246875e-01 6.57580009e-02
4.20694236e-04 -5.35651823e+00 5.41399938e+00 -8.06785645e-02 6.21942583e-02
4.35424456e-04 -5.44172381e+00 5.41253121e+00 7.68113380e-03 5.91097239e-02
4.50604776e-04 -5.53587613e+00 5.41083294e+00 1.08279978e-01 5.50196979e-02
4.66242610e-04 -5.63204403e+00 5.40909946e+00 2.09311517e-01 5.08151995e-02
4.82344856e-04 -5.71315114e+00 5.40742009e+00 2.94509674e-01 4.78722585e-02
4.98917882e-04 -5.78108122e+00 5.40680868e+00 3.64300983e-01 4.60455102e-02
5.15967706e-04 -5.84322994e+00 5.40833542e+00 4.25108159e-01 4.32162437e-02
5.33499773e-04 -5.89634423e+00 5.40877062e+00 4.82537760e-01 3.80693409e-02
5.51518242e-04 -5.95254683e+00 5.40596984e+00 5.46675815e-01 3.27490213e-02
5.70025999e-04 -6.03231007e+00 5.40223480e+00 6.30895844e-01 2.99220424e-02
5.89025028e-04 -6.12590169e+00 5.40036358e+00 7.24508039e-01 2.90909612e-02
6.08515585e-04 -6.20852796e+00 5.39913484e+00 8.06807671e-01 2.81172890e-02
6.28496315e-04 -6.28706458e+00 5.39701730e+00 8.87373020e-01 2.62319367e-02
6.48966408e-04 -6.37208133e+00 5.39401304e+00 9.79078068e-01 2.44378086e-02
6.69923786e-04 -6.42626539e+00 5.39095760e+00 1.04056701e+00 2.37767463e-02
6.91361272e-04 -6.42989793e+00 5.38862911e+00 1.04205304e+00 2.28922326e-02
7.13273732e-04 -6.45421115e+00 5.38655896e+00 1.07371384e+00 1.97552033e-02
7.35666183e-04 -6.56300658e+00 5.38315984e+00 1.19647823e+00 1.65924811e-02
7.58538287e-04 -6.70589345e+00 5.37932379e+00 1.33787635e+00 1.74226986e-02
7.81871235e-04 -6.80200336e+00 5.37566420e+00 1.42255303e+00 2.12924266e-02
8.05660411e-04 -6.84881465e+00 5.37185701e+00 1.47092152e+00 2.29384441e-02
8.29937938e-04 -6.88884896e+00 5.36820795e+00 1.52404872e+00 2.01857704e-02
8.54697798e-04 -6.94336281e+00 5.36454286e+00 1.59447366e+00 1.73538019e-02
8.79803256e-04 -7.01054142e+00 5.36162526e+00 1.64161034e+00 1.76520314e-02
9.05041254e-04 -7.08346004e+00 5.35937593e+00 1.72260933e+00 1.90557753e-02
9.30280179e-04 -7.16491462e+00 5.35579614e+00 1.81373146e+00 1.93764872e-02
9.55520418e-04 -7.25807431e+00 5.35001019e+00 1.90802347e+00 1.84096852e-02
9.80798896e-04 -7.33790133e+00 5.34630884e+00 2.01356217e+00 1.72831219e-02
1.00611429e-03 -7.38913048e+00 5.34538249e+00 2.03454075e+00 1.70005933e-02
1.03145030e-03 -7.43641167e+00 5.34245336e+00 2.09105786e+00 1.56283105e-02
1.05680847e-03 -7.49185381e+00 5.33761499e+00 2.16945568e+00 1.33886607e-02
1.08219570e-03 -7.53297971e+00 5.33474861e+00 2.19592862e+00 1.40346630e-02
1.10760982e-03 -7.56077697e+00 5.33289159e+00 2.22375208e+00 1.57462563e-02
1.13304743e-03 -7.60472495e+00 5.32932380e+00 2.27765350e+00 1.54246418e-02
1.15850949e-03 -7.66494081e+00 5.32484487e+00 2.34198280e+00 1.46240225e-02
1.18399658e-03 -7.72546204e+00 5.32024459e+00 2.40144711e+00 1.40322489e-02
1.20950739e-03 -7.79513637e+00 5.31580784e+00 2.47870148e+00 1.26724212e-02
1.23504125e-03 -7.87721637e+00 5.31166783e+00 2.56753280e+00 1.15336710e-02
1.26059819e-03 -7.94651056e+00 5.30733509e+00 2.63638848e+00 1.23130836e-02
1.28617774e-03 -7.98611151e+00 5.30250569e+00 2.67767697e+00 1.42543958e-02
1.31177946e-03 -8.00458894e+00 5.29848079e+00 2.70061239e+00 1.54971708e-02
1.33740324e-03 -8.01714944e+00 5.29517472e+00 2.71659475e+00 1.55963666e-02
1.36304895e-03 -8.04225497e+00 5.29295285e+00 2.74470807e+00 1.53150826e-02
1.38871634e-03 -8.09189791e+00 5.29122073e+00 2.79518388e+00 1.52511061e-02
1.41440522e-03 -8.14406145e+00 5.28813355e+00 2.85051131e+00 1.54202885e-02
1.44011542e-03 -8.16867597e+00 5.28441975e+00 2.87701941e+00 1.55940877e-02
1.46584675e-03 -8.17983243e+00 5.28154638e+00 2.88928261e+00 1.54784487e-02
1.49159900e-03 -8.20656608e+00 5.27880725e+00 2.91904916e+00 1.52011306e-02
1.51737198e-03 -8.23565828e+00 5.27556278e+00 2.95000629e+00 1.53316424e-02
1.54316550e-03 -8.23845999e+00 5.27221625e+00 2.95370192e+00 1.56969764e-02
1.56897936e-03 -8.22271289e+00 5.26918743e+00 2.94125112e+00 1.54731912e-02
1.59481333e-03 -8.21868798e+00 5.26642062e+00 2.94185511e+00 1.47946592e-02
1.62066723e-03 -8.23534126e+00 5.26388145e+00 2.96115714e+00 1.46766030e-02
1.64654083e-03 -8.25068136e+00 5.26128659e+00 2.97694411e+00 1.53147224e-02
1.67243392e-03 -8.24892187e+00 5.25888934e+00 2.97580397e+00 1.58434302e-02
1.69834631e-03 -8.24404521e+00 5.25700762e+00 2.97409719e+00 1.58302144e-02
1.72427777e-03 -8.24650907e+00 5.25515822e+00 2.97738099e+00 1.56745862e-02
1.75022810e-03 -8.24867919e+00 5.25238010e+00 2.97840957e+00 1.55024092e-02
1.77619708e-03 -8.25097852e+00 5.24969573e+00 2.98358698e+00 1.53175249e-02
1.80218451e-03 -8.25421696e+00 5.24801186e+00 2.98642025e+00 1.55766571e-02
1.82819017e-03 -8.24597893e+00 5.24622665e+00 2.97606777e+00 1.62545033e-02
1.85421386e-03 -8.22408455e+00 5.24394858e+00 2.95644881e+00 1.69964977e-02
1.88025539e-03 -8.20075986e+00 5.24180243e+00 2.93395822e+00 1.80176104e-02
1.90631455e-03 -8.18098362e+00 5.23982074e+00 2.91148538e+00 1.90571172e-02
1.93239114e-03 -8.15932559e+00 5.23793171e+00 2.89099001e+00 1.92929736e-02
1.95848495e-03 -8.12900745e+00 5.23651269e+00 2.86249418e+00 1.90506398e-02
1.98459578e-03 -8.09083811e+00 5.23518472e+00 2.82144922e+00 1.91690144e-02
2.01072343e-03 -8.05192133e+00 5.23329568e+00 2.78216061e+00 1.95298541e-02
2.03686769e-03 -8.00998942e+00 5.23102448e+00 2.74228422e+00 2.00211477e-02
2.06302836e-03 -7.95652674e+00 5.22865923e+00 2.68883631e+00 2.09644853e-02
2.08920523e-03 -7.89384869e+00 5.22661160e+00 2.62505210e+00 2.19362895e-02
2.11539810e-03 -7.83061888e+00 5.22502766e+00 2.56202410e+00 2.21992908e-02
2.14160675e-03 -7.76869001e+00 5.22390007e+00 2.50010213e+00 2.20983901e-02
2.16783097e-03 -7.70203684e+00 5.22292151e+00 2.43146434e+00 2.24778209e-02
2.19407057e-03 -7.62353460e+00 5.22195135e+00 2.35047644e+00 2.32215562e-02
2.22032533e-03 -7.53331285e+00 5.22113901e+00 2.25997510e+00 2.36105096e-02
2.24659504e-03 -7.44034846e+00 5.22054962e+00 2.16693579e+00 2.35384881e-02
2.27287949e-03 -7.35364599e+00 5.22007241e+00 2.07943516e+00 2.34205856e-02
2.29917847e-03 -7.27245084e+00 5.21946005e+00 1.99863211e+00 2.35289155e-02
2.32549178e-03 -7.18623440e+00 5.21875666e+00 1.91222682e+00 2.37777128e-02
2.35181919e-03 -7.08716390e+00 5.21809866e+00 1.81255845e+00 2.37452192e-02
2.37816049e-03 -6.98037585e+00 5.21750118e+00 1.70716294e+00 2.32259397e-02
2.40451548e-03 -6.87559670e+00 5.21717105e+00 1.60310703e+00 2.26137745e-02
2.43088394e-03 -6.77611543e+00 5.21716800e+00 1.50234978e+00 2.21428871e-02
2.45726565e-03 -6.68275179e+00 5.21717983e+00 1.40867331e+00 2.14815957e-02
2.48366041e-03 -6.59672361e+00 5.21708803e+00 1.32347544e+00 2.05368664e-02
2.51006800e-03 -6.51441672e+00 5.21692860e+00 1.24168357e+00 1.97498326e-02
2.53648820e-03 -6.42995861e+00 5.21685072e+00 1.15632233e+00 1.92859189e-02
2.56292081e-03 -6.34437395e+00 5.21684711e+00 1.07024348e+00 1.86985906e-02
2.58936560e-03 -6.26408563e+00 5.21691206e+00 9.91175462e-01 1.77165459e-02
2.61582236e-03 -6.19069179e+00 5.21695263e+00 9.18859959e-01 1.66870029e-02
2.64229088e-03 -6.12011472e+00 5.21696199e+00 8.48453392e-01 1.59158175e-02
2.66877093e-03 -6.05073599e+00 5.21694902e+00 7.79325003e-01 1.52175990e-02
2.69526232e-03 -5.98506362e+00 5.21692705e+00 7.14251543e-01 1.43492069e-02
2.72176480e-03 -5.92462918e+00 5.21696471e+00 6.54193414e-01 1.33805830e-02
2.74827818e-03 -5.86874925e+00 5.21711553e+00 5.98417284e-01 1.25061396e-02
2.77480222e-03 -5.81650305e+00 5.21730249e+00 5.46114159e-01 1.17569441e-02
2.80133672e-03 -5.76668234e+00 5.21744083e+00 4.96290865e-01 1.09801449e-02
2.82788146e-03 -5.71859641e+00 5.21748787e+00 4.48712385e-01 1.00674165e-02
2.85443621e-03 -5.67390750e+00 5.21743084e+00 4.04727366e-01 9.13501999e-03
2.88100076e-03 -5.63426607e+00 5.21731181e+00 3.65409044e-01 8.37155468e-03
2.90757489e-03 -5.59832569e+00 5.21716854e+00 3.29476091e-01 7.78016168e-03
2.93415837e-03 -5.56420732e+00 5.21701066e+00 2.95717343e-01 7.22912425e-03
2.96075100e-03 -5.53213682e+00 5.21684357e+00 2.64228164e-01 6.66003355e-03
2.98735254e-03 -5.50325248e+00 5.21668209e+00 2.35641843e-01 6.07564169e-03
3.01396278e-03 -5.47844513e+00 5.21646185e+00 2.11457845e-01 5.46314555e-03
3.04058150e-03 -5.45738609e+00 5.21616750e+00 1.91198422e-01 4.85666656e-03
3.06720848e-03 -5.43826399e+00 5.21587858e+00 1.72341681e-01 4.31030541e-03
3.09384349e-03 -5.42032053e+00 5.21558369e+00 1.54788237e-01 3.82884055e-03
3.12048631e-03 -5.40419373e+00 5.21519377e+00 1.39275171e-01 3.44430160e-03
3.14713672e-03 -5.38923628e+00 5.21473369e+00 1.24442601e-01 3.17452716e-03
3.17379451e-03 -5.37459788e+00 5.21426235e+00 1.10002748e-01 2.90939355e-03
3.20045944e-03 -5.36152302e+00 5.21374743e+00 9.76273834e-02 2.57173012e-03
3.22713129e-03 -5.35109052e+00 5.21316768e+00 8.78200217e-02 2.26593527e-03
3.25380984e-03 -5.34191822e+00 5.21254162e+00 7.89945381e-02 2.09536494e-03
3.28049487e-03 -5.33205028e+00 5.21190211e+00 6.93745708e-02 1.98109638e-03
3.30718616e-03 -5.32167693e+00 5.21124526e+00 5.94654832e-02 1.77540851e-03
3.33388348e-03 -5.31281221e+00 5.21054964e+00 5.13289450e-02 1.47386898e-03
3.36058660e-03 -5.30638874e+00 5.20982223e+00 4.56083284e-02 1.21884584e-03
3.38729531e-03 -5.30096189e+00 5.20908116e+00 4.05684260e-02 1.09436272e-03
3.41400937e-03 -5.29514756e+00 5.20832194e+00 3.51282877e-02 1.02281455e-03
3.44072857e-03 -5.28947570e+00 5.20753040e+00 3.01851030e-02 9.16867147e-04
3.46745268e-03 -5.28454079e+00 5.20671123e+00 2.58883267e-02 7.96327334e-04
3.49418148e-03 -5.27978125e+00 5.20586367e+00 2.16059737e-02 6.88175985e-04
3.52091474e-03 -5.27510044e+00 5.20498262e+00 1.76542787e-02 5.73140445e-04
3.54765223e-03 -5.27127940e+00 5.20408075e+00 1.45938443e-02 4.59851509e-04
3.57439373e-03 -5.26856344e+00 5.20317520e+00 1.24698705e-02 3.75794743e-04
3.60113902e-03 -5.26644842e+00 5.20227041e+00 1.10103350e-02 3.20319987e-04
3.62788787e-03 -5.26451936e+00 5.20134744e+00 9.76548105e-03 2.88709979e-04
3.65464005e-03 -5.26270771e+00 5.20038017e+00 8.57785388e-03 2.79267364e-04
3.68139535e-03 -5.26099635e+00 5.19936765e+00 7.56532537e-03 2.66727630e-04
3.70815352e-03 -5.25923395e+00 5.19832771e+00 6.54481985e-03 2.35925048e-04
3.73491435e-03 -5.25732915e+00 5.19727475e+00 5.40596110e-03 2.07618128e-04
3.76167762e-03 -5.25549223e+00 5.19621477e+00 4.36475098e-03 1.79593851e-04
3.78844309e-03 -5.25404559e+00 5.19514881e+00 3.73026618e-03 1.31470339e-04
3.81521054e-03 -5.25299857e+00 5.19406938e+00 3.52619536e-03 8.09454975e-05
3.84197974e-03 -5.25203835e+00 5.19297565e+00 3.37042918e-03 6.09803359e-05
3.86875047e-03 -5.25089767e+00 5.19187682e+00 2.98837627e-03 7.34633874e-05
3.89552250e-03 -5.24958145e+00 5.19077381e+00 2.44132246e-03 8.70198864e-05
3.92229560e-03 -5.24830207e+00 5.18966562e+00 1.99059229e-03 7.42004295e-05
3.94906955e-03 -5.24726141e+00 5.18855259e+00 1.80284836e-03 4.13648321e-05
3.97584413e-03 -5.24646430e+00 5.18743484e+00 1.85081971e-03 1.51804114e-05
4.00261910e-03 -5.24573394e+00 5.18631044e+00 1.93656721e-03 1.13465719e-05
4.02939424e-03 -5.24488541e+00 5.18517794e+00 1.90245901e-03 2.24180757e-05
4.05616932e-03 -5.24385982e+00 5.18403636e+00 1.71515107e-03 3.18517528e-05
4.08294411e-03 -5.24273659e+00 5.18288683e+00 1.44093183e-03 3.03839407e-05
4.10971840e-03 -5.24165844e+00 5.18173119e+00 1.23349501e-03 1.97895603e-05
4.13649195e-03 -5.24069510e+00 5.18057192e+00 1.15344047e-03 8.71079670e-06
4.16326454e-03 -5.23979730e+00 5.17941141e+00 1.11091516e-03 2.62470188e-06
4.19003594e-03 -5.23891793e+00 5.17824752e+00 1.10272111e-03 -5.33607672e-07
4.21680592e-03 -5.23805453e+00 5.17707891e+00 1.12853698e-03 -1.30125047e-06
4.24357426e-03 -5.23716273e+00 5.17590762e+00 1.10042951e-03 2.74657757e-06
4.27034073e-03 -5.23618443e+00 5.17473423e+00 9.94040045e-04 9.24208325e-06
4.29710511e-03 -5.23513798e+00 5.17355803e+00 8.33481273e-04 1.32849956e-05
4.32386717e-03 -5.23409767e+00 5.17237901e+00 6.76640913e-04 1.23859434e-05
4.35062668e-03 -5.23313027e+00 5.17119711e+00 6.07411099e-04 6.54925168e-06
4.37738342e-03 -5.23225277e+00 5.17001263e+00 6.35411642e-04 -7.07906080e-07
4.40413716e-03 -5.23141786e+00 5.16882609e+00 7.00667432e-04 -4.18687820e-06
4.43088768e-03 -5.23055622e+00 5.16763806e+00 7.36413580e-04 -2.37549150e-06
4.45763475e-03 -5.22963610e+00 5.16644902e+00 7.09976871e-04 9.91553825e-07
4.48437815e-03 -5.22868072e+00 5.16525838e+00 6.59438379e-04 1.19657805e-06
4.51111764e-03 -5.22773264e+00 5.16406497e+00 6.23562993e-04 -2.67158462e-06
4.53785301e-03 -5.22681077e+00 5.16286888e+00 6.13034930e-04 -8.04586648e-06
4.56458403e-03 -5.22590947e+00 5.16167151e+00 6.29596268e-04 -1.13556141e-05
4.59131047e-03 -5.22501185e+00 5.16047307e+00 6.44410887e-04 -9.85957149e-06
4.61803212e-03 -5.22409876e+00 5.15927251e+00 6.37028458e-04 -4.69408983e-06
4.64474874e-03 -5.22316745e+00 5.15806932e+00 6.20671499e-04 -5.17121902e-07
4.67146011e-03 -5.22223522e+00 5.15686459e+00 6.09323667e-04 -2.89652391e-07
4.69816601e-03 -5.22131972e+00 5.15565981e+00 6.16791083e-04 -2.59711255e-06
4.72486621e-03 -5.22041694e+00 5.15445495e+00 6.39104024e-04 -3.60935346e-06
4.75156048e-03 -5.21949830e+00 5.15324960e+00 6.38174232e-04 -1.18850932e-06
4.77824862e-03 -5.21854186e+00 5.15204389e+00 5.97094445e-04 2.28212449e-06
4.80493038e-03 -5.21756052e+00 5.15083782e+00 5.39040151e-04 2.87231283e-06
4.83160556e-03 -5.21658339e+00 5.14963127e+00 4.90824223e-04 4.80575928e-07
4.85827392e-03 -5.21562149e+00 5.14842406e+00 4.55959451e-04 -1.37435768e-06
4.88493524e-03 -5.21466291e+00 5.14721600e+00 4.20417029e-04 -4.21617212e-07
4.91158930e-03 -5.21369209e+00 5.14600717e+00 3.73080798e-04 1.95176548e-06
4.93823588e-03 -5.21270847e+00 5.14479786e+00 3.15222185e-04 2.84482290e-06
4.96487475e-03 -5.21172993e+00 5.14358812e+00 2.66879833e-04 1.11175042e-06
4.99150570e-03 -5.21077476e+00 5.14237784e+00 2.45034241e-04 -1.53342578e-06
5.01812850e-03 -5.20983878e+00 5.14116703e+00 2.38885531e-04 -2.73352766e-06
5.04474294e-03 -5.20890192e+00 5.13995571e+00 2.29567316e-04 -2.40420862e-06
5.07134878e-03 -5.20795611e+00 5.13874402e+00 2.14655713e-04 -2.17121961e-06
5.09794581e-03 -5.20701060e+00 5.13753210e+00 2.01994568e-04 -2.72528921e-06
5.12453381e-03 -5.20607286e+00 5.13631996e+00 1.95577189e-04 -3.48869192e-06
5.15111255e-03 -5.20513938e+00 5.13510740e+00 1.93841100e-04 -3.95294493e-06
5.17768183e-03 -5.20420299e+00 5.13389428e+00 1.90474214e-04 -3.92107230e-06
5.20424141e-03 -5.20325933e+00 5.13268060e+00 1.79051679e-04 -3.32175679e-06
5.23079109e-03 -5.20230907e+00 5.13146656e+00 1.60713958e-04 -2.55048296e-06
5.25733063e-03 -5.20135765e+00 5.13025248e+00 1.42484938e-04 -2.27700521e-06
5.28385983e-03 -5.20041086e+00 5.12903853e+00 1.29550349e-04 -2.70384256e-06
5.31037846e-03 -5.19947087e+00 5.12782454e+00 1.23417161e-04 -3.41863811e-06
5.33688631e-03 -5.19853621e+00 5.12661020e+00 1.22939133e-04 -3.84245961e-06
5.36338316e-03 -5.19760291e+00 5.12539542e+00 1.23477177e-04 -3.70412273e-06
5.38986879e-03 -5.19666678e+00 5.12418029e+00 1.20824090e-04 -3.28684601e-06
5.41634298e-03 -5.19572709e+00 5.12296493e+00 1.15551899e-04 -3.11480440e-06
5.44280552e-03 -5.19478658e+00 5.12174943e+00 1.10381785e-04 -3.32073390e-06
5.46925620e-03 -5.19384728e+00 5.12053386e+00 1.06224667e-04 -3.58967619e-06
5.49569479e-03 -5.19290877e+00 5.11931828e+00 1.02486235e-04 -3.67962481e-06
5.52212108e-03 -5.19197023e+00 5.11810272e+00 9.88854331e-05 -3.65333831e-06
5.54853487e-03 -5.19103176e+00 5.11688721e+00 9.55475185e-05 -3.64323108e-06
5.57493592e-03 -5.19009367e+00 5.11567178e+00 9.25225150e-05 -3.67738026e-06
5.60132403e-03 -5.18915588e+00 5.11445640e+00 8.98081621e-05 -3.72582280e-06
5.62769899e-03 -5.18821825e+00 5.11324108e+00 8.73036763e-05 -3.75228158e-06
5.65406058e-03 -5.18728073e+00 5.11202579e+00 8.48101716e-05 -3.73219601e-06
5.68040859e-03 -5.18634323e+00 5.11081049e+00 8.22637397e-05 -3.68369107e-06
5.70674281e-03 -5.18540571e+00 5.10959516e+00 7.97452622e-05 -3.65251492e-06
5.73306302e-03 -5.18446823e+00 5.10837978e+00 7.73101171e-05 -3.65466212e-06
5.75936902e-03 -5.18353088e+00 5.10716437e+00 7.49619222e-05 -3.66732539e-06
5.78566060e-03 -5.18259368e+00 5.10594894e+00 7.26959465e-05 -3.67046223e-06
5.81193753e-03 -5.18165662e+00 5.10473355e+00 7.05097270e-05 -3.66689187e-06
5.83819962e-03 -5.18071969e+00 5.10351826e+00 6.83998609e-05 -3.66563140e-06
5.86444666e-03 -5.17978295e+00 5.10230315e+00 6.63619666e-05 -3.66741542e-06
5.89067843e-03 -5.17884641e+00 5.10108828e+00 6.43924985e-05 -3.66870158e-06
5.91689473e-03 -5.17791008e+00 5.09987371e+00 6.24890695e-05 -3.66860076e-06
5.94309535e-03 -5.17697399e+00 5.09865949e+00 6.06491008e-05 -3.66837969e-06
5.96928008e-03 -5.17603812e+00 5.09744562e+00 5.88695805e-05 -3.66851982e-06
5.99544872e-03 -5.17510249e+00 5.09623211e+00 5.71477597e-05 -3.66845196e-06
6.02160106e-03 -5.17416709e+00 5.09501893e+00 5.54817045e-05 -3.66775643e-06
6.04773690e-03 -5.17323190e+00 5.09380602e+00 5.38690343e-05 -3.66652792e-06
6.07385602e-03 -5.17229693e+00 5.09259334e+00 5.23076465e-05 -3.66499708e-06
6.09995823e-03 -5.17136216e+00 5.09138084e+00 5.07954363e-05 -3.66329572e-06
6.12604332e-03 -5.17042759e+00 5.09016849e+00 4.93305778e-05 -3.66142363e-06
6.15211109e-03 -5.16949322e+00 5.08895629e+00 4.79108546e-05 -3.65932528e-06
6.17816133e-03 -5.16855906e+00 5.08774425e+00 4.65347210e-05 -3.65698435e-06
6.20419385e-03 -5.16762512e+00 5.08653242e+00 4.52005223e-05 -3.65445689e-06
6.23020844e-03 -5.16669142e+00 5.08532084e+00 4.39068493e-05 -3.65171379e-06
6.25620490e-03 -5.16575796e+00 5.08410955e+00 4.26524552e-05 -3.64852217e-06
6.28218302e-03 -5.16482477e+00 5.08289861e+00 4.14357817e-05 -3.64475566e-06
6.30814262e-03 -5.16389185e+00 5.08168804e+00 4.02560306e-05 -3.64081864e-06
6.33408349e-03 -5.16295922e+00 5.08047788e+00 3.91120330e-05 -3.63723665e-06
6.36000542e-03 -5.16202687e+00 5.07926817e+00 3.80017605e-05 -3.63359733e-06
6.38590823e-03 -5.16109484e+00 5.07805893e+00 3.69225188e-05 -3.62879926e-06
6.41179172e-03 -5.16016311e+00 5.07685019e+00 3.58734299e-05 -3.62285797e-06
6.43765569e-03 -5.15923169e+00 5.07564193e+00 3.48573806e-05 -3.61755145e-06
6.46349994e-03 -5.15830058e+00 5.07443415e+00 3.38754106e-05 -3.61356348e-06
6.48932427e-03 -5.15736977e+00 5.07322681e+00 3.29161882e-05 -3.60923309e-06
6.51512850e-03 -5.15643925e+00 5.07201986e+00 3.19778413e-05 -3.60344909e-06
6.54091242e-03 -5.15550903e+00 5.07081327e+00 3.10678367e-05 -3.59672904e-06
6.56667585e-03 -5.15457908e+00 5.06960701e+00 3.01848253e-05 -3.58994976e-06
6.59241859e-03 -5.15364943e+00 5.06840109e+00 2.93280888e-05 -3.58336511e-06
6.61814044e-03 -5.15272007e+00 5.06719553e+00 2.84947203e-05 -3.57672575e-06
6.64384123e-03 -5.15179102e+00 5.06599040e+00 2.76840750e-05 -3.56981962e-06
6.66952074e-03 -5.15086230e+00 5.06478575e+00 2.68955526e-05 -3.56262093e-06
6.69517880e-03 -5.14993394e+00 5.06358167e+00 2.61279194e-05 -3.55524278e-06
6.72081521e-03 -5.14900593e+00 5.06237818e+00 2.53812362e-05 -3.54774157e-06
6.74642978e-03 -5.14807829e+00 5.06117532e+00 2.46541328e-05 -3.54008608e-06
6.77202233e-03 -5.14715103e+00 5.05997307e+00 2.39463942e-05 -3.53222391e-06
6.79759267e-03 -5.14622413e+00 5.05877140e+00 2.32571257e-05 -3.52412433e-06
6.82314061e-03 -5.14529760e+00 5.05757026e+00 2.25860503e-05 -3.51575976e-06
6.84866596e-03 -5.14437142e+00 5.05636961e+00 2.19323795e-05 -3.50710415e-06
6.87416854e-03 -5.14344561e+00 5.05516943e+00 2.12956152e-05 -3.49814316e-06
6.89964816e-03 -5.14252015e+00 5.05396972e+00 2.06752157e-05 -3.48893344e-06
6.92510464e-03 -5.14159507e+00 5.05277052e+00 2.00703645e-05 -3.47956737e-06
6.95053779e-03 -5.14067037e+00 5.05157186e+00 1.94809322e-05 -3.47009218e-06
6.97594743e-03 -5.13974607e+00 5.05037381e+00 1.89063289e-05 -3.46048888e-06
7.00133338e-03 -5.13882219e+00 5.04917642e+00 1.83463574e-05 -3.45072231e-06
7.02669546e-03 -5.13789874e+00 5.04797974e+00 1.78003325e-05 -3.44079948e-06
7.05203349e-03 -5.13697573e+00 5.04678382e+00 1.72679285e-05 -3.43075446e-06
7.07734729e-03 -5.13605317e+00 5.04558865e+00 1.67487068e-05 -3.42057117e-06
7.10263667e-03 -5.13513106e+00 5.04439423e+00 1.62422319e-05 -3.41018007e-06
7.12790146e-03 -5.13420940e+00 5.04320053e+00 1.57481906e-05 -3.39951795e-06
7.15314148e-03 -5.13328817e+00 5.04200751e+00 1.52659287e-05 -3.38860425e-06
7.17835656e-03 -5.13236739e+00 5.04081514e+00 1.47950289e-05 -3.37750981e-06
7.20354652e-03 -5.13144704e+00 5.03962340e+00 1.43352811e-05 -3.36627118e-06
7.22871118e-03 -5.13052714e+00 5.03843227e+00 1.38863469e-05 -3.35485998e-06
7.25385037e-03 -5.12960768e+00 5.03724177e+00 1.34479569e-05 -3.34325153e-06
7.27896391e-03 -5.12868867e+00 5.03605192e+00 1.30200028e-05 -3.33146964e-06
7.30405164e-03 -5.12777013e+00 5.03486274e+00 1.26018881e-05 -3.31957708e-06
7.32911338e-03 -5.12685206e+00 5.03367426e+00 1.21935384e-05 -3.30758803e-06
7.35414895e-03 -5.12593448e+00 5.03248651e+00 1.17947177e-05 -3.29542231e-06
7.37915819e-03 -5.12501738e+00 5.03129950e+00 1.14050627e-05 -3.28301155e-06
7.40414093e-03 -5.12410078e+00 5.03011325e+00 1.10242742e-05 -3.27039207e-06
7.42909700e-03 -5.12318469e+00 5.02892776e+00 1.06520399e-05 -3.25766321e-06
7.45402623e-03 -5.12226910e+00 5.02774306e+00 1.02881551e-05 -3.24487909e-06
7.47892846e-03 -5.12135404e+00 5.02655917e+00 9.93254209e-06 -3.23199326e-06
7.50380351e-03 -5.12043951e+00 5.02537611e+00 9.58488300e-06 -3.21896473e-06
7.52865124e-03 -5.11952552e+00 5.02419391e+00 9.24510528e-06 -3.20582478e-06
7.55347146e-03 -5.11861208e+00 5.02301258e+00 8.91274845e-06 -3.19261738e-06
7.57826402e-03 -5.11769920e+00 5.02183213e+00 8.58777231e-06 -3.17931448e-06
7.60302876e-03 -5.11678688e+00 5.02065256e+00 8.26972439e-06 -3.16581349e-06
7.62776551e-03 -5.11587511e+00 5.01947386e+00 7.95853173e-06 -3.15205298e-06
7.65247412e-03 -5.11496392e+00 5.01829602e+00 7.65382202e-06 -3.13807050e-06
7.67715442e-03 -5.11405328e+00 5.01711900e+00 7.35539239e-06 -3.12396413e-06
7.70180626e-03 -5.11314320e+00 5.01594281e+00 7.06324635e-06 -3.10978822e-06
7.72642948e-03 -5.11223369e+00 5.01476741e+00 6.77724620e-06 -3.09551387e-06
7.75102392e-03 -5.11132475e+00 5.01359283e+00 6.49730684e-06 -3.08112928e-06
7.77558943e-03 -5.11041638e+00 5.01241905e+00 6.22337838e-06 -3.06667349e-06
7.80012584e-03 -5.10950859e+00 5.01124612e+00 5.95519592e-06 -3.05221051e-06
7.82463301e-03 -5.10860140e+00 5.01007406e+00 5.69266366e-06 -3.03776985e-06
7.84911079e-03 -5.10769483e+00 5.00890291e+00 5.43563932e-06 -3.02313962e-06
7.87355901e-03 -5.10678888e+00 5.00773272e+00 5.18391738e-06 -3.00812422e-06
7.89797753e-03 -5.10588357e+00 5.00656353e+00 4.93726252e-06 -2.99310816e-06
7.92236619e-03 -5.10497892e+00 5.00539538e+00 4.69554171e-06 -2.97835872e-06
7.94672486e-03 -5.10407494e+00 5.00422830e+00 4.45869916e-06 -2.96321555e-06
7.97105336e-03 -5.10317163e+00 5.00306230e+00 4.22656529e-06 -2.94754564e-06
7.99535157e-03 -5.10226901e+00 5.00189739e+00 3.99921177e-06 -2.93217946e-06
8.01961933e-03 -5.10136707e+00 5.00073355e+00 3.77633306e-06 -2.91699086e-06
8.04385650e-03 -5.10046582e+00 4.99957079e+00 3.55760371e-06 -2.90239804e-06
8.06806290e-03 -5.09956525e+00 4.99840907e+00 3.34350841e-06 -2.88878055e-06
8.09223843e-03 -5.09866535e+00 4.99724833e+00 3.13427892e-06 -2.87029511e-06
8.11638298e-03 -5.09776615e+00 4.99608857e+00 2.92827231e-06 -2.84696371e-06
8.14049627e-03 -5.09686762e+00 4.99492975e+00 2.72482378e-06 -2.83917495e-06
8.16457822e-03 -5.09596972e+00 4.99377180e+00 2.52762168e-06 -2.84436952e-06
8.18862890e-03 -5.09507248e+00 4.99261472e+00 2.33661054e-06 -2.81025569e-06
8.21264794e-03 -5.09417603e+00 4.99145864e+00 2.14407603e-06 -2.74407300e-06
8.23663482e-03 -5.09328030e+00 4.99030346e+00 1.95062268e-06 -2.75773363e-06
8.26059017e-03 -5.09238507e+00 4.98914909e+00 1.77039788e-06 -2.84319570e-06
8.28451428e-03 -5.09149045e+00 4.98799585e+00 1.60156017e-06 -2.79507908e-06
8.30840520e-03 -5.09059693e+00 4.98684397e+00 1.41997809e-06 -2.60226691e-06
8.33226238e-03 -5.08970443e+00 4.98569300e+00 1.22714532e-06 -2.58673407e-06
8.35608977e-03 -5.08881217e+00 4.98454276e+00 1.05882623e-06 -2.81814821e-06
8.37988748e-03 -5.08792018e+00 4.98339404e+00 9.17983467e-07 -2.87582419e-06
8.40364599e-03 -5.08702963e+00 4.98224731e+00 7.59072162e-07 -2.59340959e-06
8.42736515e-03 -5.08614067e+00 4.98110156e+00 5.70073338e-07 -2.42069182e-06
8.45107819e-03 -5.08525127e+00 4.97995516e+00 3.97492882e-07 -2.61496531e-06
8.47483871e-03 -5.08435906e+00 4.97880663e+00 2.61988858e-07 -2.78318496e-06
8.49868083e-03 -5.08346339e+00 4.97765432e+00 1.24718267e-07 -2.64344880e-06
8.52260567e-03 -5.08256460e+00 4.97649709e+00 -3.77420225e-08 -2.47672215e-06
8.54660499e-03 -5.08166257e+00 4.97533529e+00 -2.00149355e-07 -2.51731172e-06
8.57068013e-03 -5.08075694e+00 4.97416966e+00 -3.43831199e-07 -2.59108820e-06
8.59483629e-03 -5.07984774e+00 4.97299987e+00 -4.82619114e-07 -2.54494530e-06
8.61907420e-03 -5.07893511e+00 4.97182535e+00 -6.28346334e-07 -2.48261114e-06
8.64339321e-03 -5.07801893e+00 4.97064619e+00 -7.73371825e-07 -2.48283429e-06
8.66779492e-03 -5.07709907e+00 4.96946263e+00 -9.12537979e-07 -2.48326035e-06
8.69228126e-03 -5.07617551e+00 4.96827446e+00 -1.05001636e-06 -2.45307288e-06
8.71685308e-03 -5.07524825e+00 4.96708148e+00 -1.18761086e-06 -2.42894170e-06
8.74151132e-03 -5.07431721e+00 4.96588375e+00 -1.32301539e-06 -2.41782304e-06
8.76625744e-03 -5.07338232e+00 4.96468125e+00 -1.45591045e-06 -2.40036251e-06
8.79109271e-03 -5.07244356e+00 4.96347384e+00 -1.58756432e-06 -2.37867722e-06
8.81601828e-03 -5.07150088e+00 4.96226149e+00 -1.71757440e-06 -2.36121756e-06
8.84103542e-03 -5.07055421e+00 4.96104418e+00 -1.84579093e-06 -2.34413617e-06
8.86614547e-03 -5.06960352e+00 4.95982187e+00 -1.97218272e-06 -2.32465193e-06
8.89134968e-03 -5.06864876e+00 4.95859449e+00 -2.09722928e-06 -2.30532144e-06
8.91664937e-03 -5.06768987e+00 4.95736203e+00 -2.22042910e-06 -2.28633915e-06
8.94204587e-03 -5.06672682e+00 4.95612444e+00 -2.34212770e-06 -2.26669316e-06
8.96754053e-03 -5.06575953e+00 4.95488164e+00 -2.46232862e-06 -2.24706655e-06
8.99313470e-03 -5.06478794e+00 4.95363356e+00 -2.58112892e-06 -2.22786625e-06
9.01882976e-03 -5.06381200e+00 4.95238009e+00 -2.69842195e-06 -2.20820866e-06
9.04462709e-03 -5.06283164e+00 4.95112110e+00 -2.81454381e-06 -2.18827775e-06
9.07052812e-03 -5.06184676e+00 4.94985646e+00 -2.92833113e-06 -2.16828533e-06
9.09653427e-03 -5.06085730e+00 4.94858603e+00 -3.04135000e-06 -2.14901558e-06
9.12264699e-03 -5.05986319e+00 4.94730967e+00 -3.15349438e-06 -2.12985597e-06
9.14886774e-03 -5.05886435e+00 4.94602728e+00 -3.26337164e-06 -2.10904652e-06
9.17519800e-03 -5.05786072e+00 4.94473881e+00 -3.37218036e-06 -2.08824615e-06
9.20163929e-03 -5.05685225e+00 4.94344420e+00 -3.47918490e-06 -2.06778453e-06
9.22819311e-03 -5.05583889e+00 4.94214344e+00 -3.58515306e-06 -2.04716371e-06
9.25486102e-03 -5.05482059e+00 4.94083653e+00 -3.68979773e-06 -2.02660899e-06
9.28164457e-03 -5.05379729e+00 4.93952345e+00 -3.79334738e-06 -2.00593614e-06
9.30854536e-03 -5.05276895e+00 4.93820416e+00 -3.89593275e-06 -1.98521690e-06
9.33556498e-03 -5.05173549e+00 4.93687858e+00 -3.99734845e-06 -1.96436084e-06
9.36270506e-03 -5.05069683e+00 4.93554660e+00 -4.09769892e-06 -1.94335341e-06
9.38996725e-03 -5.04965290e+00 4.93420807e+00 -4.19691343e-06 -1.92216753e-06
9.41735321e-03 -5.04860360e+00 4.93286283e+00 -4.29489181e-06 -1.90079069e-06
9.44486465e-03 -5.04754885e+00 4.93151072e+00 -4.39180629e-06 -1.87918802e-06
9.47250328e-03 -5.04648856e+00 4.93015159e+00 -4.48749972e-06 -1.85732459e-06
9.50027085e-03 -5.04542264e+00 4.92878532e+00 -4.58191065e-06 -1.83522095e-06
9.52816910e-03 -5.04435103e+00 4.92741184e+00 -4.67527547e-06 -1.81293834e-06
9.55619984e-03 -5.04327366e+00 4.92603109e+00 -4.76745081e-06 -1.79052760e-06
9.58436488e-03 -5.04219046e+00 4.92464305e+00 -4.85843666e-06 -1.76802495e-06
9.61266605e-03 -5.04110137e+00 4.92324768e+00 -4.94831956e-06 -1.74546350e-06
9.64110523e-03 -5.04000632e+00 4.92184491e+00 -5.03692479e-06 -1.72289128e-06
9.66968430e-03 -5.03890522e+00 4.92043467e+00 -5.12449395e-06 -1.70029824e-06
9.69840519e-03 -5.03779797e+00 4.91901681e+00 -5.21093425e-06 -1.67761136e-06
9.72726983e-03 -5.03668449e+00 4.91759120e+00 -5.29664590e-06 -1.65475356e-06
9.75628021e-03 -5.03556468e+00 4.91615764e+00 -5.38154124e-06 -1.63168390e-06
9.78543832e-03 -5.03443842e+00 4.91471599e+00 -5.46572344e-06 -1.60841563e-06
9.81474621e-03 -5.03330564e+00 4.91326611e+00 -5.54919049e-06 -1.58498875e-06
9.84420593e-03 -5.03216623e+00 4.91180789e+00 -5.63184601e-06 -1.56146372e-06
9.87381958e-03 -5.03102012e+00 4.91034124e+00 -5.71346567e-06 -1.53788987e-06
9.90358928e-03 -5.02986722e+00 4.90886610e+00 -5.79416923e-06 -1.51429227e-06
9.93351719e-03 -5.02870744e+00 4.90738236e+00 -5.87377472e-06 -1.49066697e-06
9.96360551e-03 -5.02754068e+00 4.90588992e+00 -5.95235762e-06 -1.46696139e-06
9.99385645e-03 -5.02636685e+00 4.90438864e+00 -6.02995079e-06 -1.44309953e-06
1.00242723e-02 -5.02518583e+00 4.90287837e+00 -6.10674200e-06 -1.41902889e-06
1.00548553e-02 -5.02399752e+00 4.90135898e+00 -6.18272258e-06 -1.39474549e-06
1.00856078e-02 -5.02280181e+00 4.89983034e+00 -6.25783318e-06 -1.37028291e-06
1.01165322e-02 -5.02159862e+00 4.89829233e+00 -6.33224349e-06 -1.34569222e-06
1.01476308e-02 -5.02038782e+00 4.89674486e+00 -6.40570658e-06 -1.32100446e-06
1.01789062e-02 -5.01916933e+00 4.89518780e+00 -6.47832230e-06 -1.29624670e-06
1.02103607e-02 -5.01794304e+00 4.89362102e+00 -6.55009279e-06 -1.27142607e-06
1.02419970e-02 -5.01670883e+00 4.89204438e+00 -6.62106820e-06 -1.24652690e-06
1.02738175e-02 -5.01546657e+00 4.89045770e+00 -6.69117229e-06 -1.22149766e-06
1.03058249e-02 -5.01421614e+00 4.88886082e+00 -6.76069426e-06 -1.19627974e-06
1.03380217e-02 -5.01295741e+00 4.88725353e+00 -6.82958380e-06 -1.17084836e-06
1.03704108e-02 -5.01169025e+00 4.88563565e+00 -6.89774605e-06 -1.14522431e-06
1.04029948e-02 -5.01041452e+00 4.88400701e+00 -6.96534605e-06 -1.11944909e-06
1.04357765e-02 -5.00913011e+00 4.88236744e+00 -7.03226010e-06 -1.09357240e-06
1.04687586e-02 -5.00783690e+00 4.88071681e+00 -7.09850746e-06 -1.06764438e-06
1.05019442e-02 -5.00653477e+00 4.87905505e+00 -7.16405540e-06 -1.04168924e-06
1.05353360e-02 -5.00522360e+00 4.87738204e+00 -7.22869982e-06 -1.01568805e-06
1.05689371e-02 -5.00390328e+00 4.87569769e+00 -7.29245982e-06 -9.89600117e-07
1.06027505e-02 -5.00257366e+00 4.87400182e+00 -7.35532627e-06 -9.63379829e-07
1.06367792e-02 -5.00123459e+00 4.87229421e+00 -7.41742678e-06 -9.36990416e-07
1.06710263e-02 -4.99988591e+00 4.87057461e+00 -7.47903889e-06 -9.10383700e-07
1.07054950e-02 -4.99852746e+00 4.86884275e+00 -7.54017678e-06 -8.83523392e-07
1.07401886e-02 -4.99715910e+00 4.86709844e+00 -7.60086719e-06 -8.56501235e-07
1.07751103e-02 -4.99578066e+00 4.86534151e+00 -7.66109517e-06 -8.29563618e-07
1.08102634e-02 -4.99439204e+00 4.86357186e+00 -7.72070487e-06 -8.02779532e-07
1.08456514e-02 -4.99299307e+00 4.86178940e+00 -7.77939272e-06 -7.75797341e-07
1.08812777e-02 -4.99158362e+00 4.85999399e+00 -7.83727869e-06 -7.48253267e-07
1.09171459e-02 -4.99016352e+00 4.85818538e+00 -7.89438294e-06 -7.20545747e-07
1.09532594e-02 -4.98873257e+00 4.85636328e+00 -7.95083716e-06 -6.93602458e-07
1.09896220e-02 -4.98729055e+00 4.85452731e+00 -8.00701248e-06 -6.67158888e-07
1.10262374e-02 -4.98583729e+00 4.85267715e+00 -8.06286382e-06 -6.38975318e-07
1.10631094e-02 -4.98437262e+00 4.85081256e+00 -8.11844007e-06 -6.08365905e-07
1.11002417e-02 -4.98289639e+00 4.84893342e+00 -8.17346876e-06 -5.79531821e-07
1.11376384e-02 -4.98140843e+00 4.84703966e+00 -8.22768284e-06 -5.55962520e-07
1.11753035e-02 -4.97990858e+00 4.84513124e+00 -8.28095749e-06 -5.32251590e-07
1.12132409e-02 -4.97839670e+00 4.84320800e+00 -8.33305969e-06 -4.99174536e-07
1.12514548e-02 -4.97687262e+00 4.84126963e+00 -8.38431338e-06 -4.59177140e-07
1.12899496e-02 -4.97533610e+00 4.83931580e+00 -8.43547628e-06 -4.31426813e-07
1.13287294e-02 -4.97378676e+00 4.83734607e+00 -8.48700556e-06 -4.27799198e-07
1.13677985e-02 -4.97222436e+00 4.83535997e+00 -8.53799502e-06 -4.14695589e-07
1.14071618e-02 -4.97064888e+00 4.83335727e+00 -8.58789214e-06 -3.44229530e-07
1.14468234e-02 -4.96906033e+00 4.83133803e+00 -8.63749401e-06 -2.62218618e-07
1.14867879e-02 -4.96745823e+00 4.82930169e+00 -8.68781046e-06 -2.81358586e-07
1.15270607e-02 -4.96584187e+00 4.82724817e+00 -8.73788848e-06 -3.68717287e-07
1.15676462e-02 -4.96421128e+00 4.82517799e+00 -8.78575005e-06 -3.32462539e-07
1.16085481e-02 -4.96256721e+00 4.82309010e+00 -8.82990931e-06 -1.17186579e-07
1.16497735e-02 -4.96090961e+00 4.82098326e+00 -8.87415465e-06 6.08513750e-08
1.16913284e-02 -4.95923690e+00 4.81885911e+00 -8.92584626e-06 -9.92485617e-08
1.17332128e-02 -4.95754716e+00 4.81671788e+00 -8.97905164e-06 -5.80587455e-07
1.17754339e-02 -4.95584096e+00 4.81455426e+00 -9.01511347e-06 -6.04047119e-07
1.18180075e-02 -4.95412261e+00 4.81237075e+00 -9.04387373e-06 5.42402268e-07
1.18609282e-02 -4.95239388e+00 4.81017389e+00 -9.10317610e-06 1.41741967e-06
1.19041850e-02 -4.95064553e+00 4.80795573e+00 -9.17783039e-06 -3.54889722e-07
1.19478163e-02 -4.94886783e+00 4.80570563e+00 -9.20064057e-06 -2.81728535e-06
1.19918504e-02 -4.94707384e+00 4.80344181e+00 -9.19246370e-06 -8.13565681e-07
1.20362131e-02 -4.94528654e+00 4.80117603e+00 -9.25992744e-06 4.17548701e-06
1.20808852e-02 -4.94349200e+00 4.79887335e+00 -9.38576792e-06 3.35411551e-06
1.21260541e-02 -4.94164658e+00 4.79652054e+00 -9.41527349e-06 -3.78677561e-06
1.21717535e-02 -4.93975588e+00 4.79416609e+00 -9.34343135e-06 -5.71725973e-06
1.22175705e-02 -4.93788579e+00 4.79183877e+00 -9.35446581e-06 2.36143702e-06
1.22634694e-02 -4.93604995e+00 4.78946706e+00 -9.50470231e-06 7.82957553e-06
1.23109491e-02 -4.93413165e+00 4.78697402e+00 -9.61342383e-06 7.43816701e-07
1.23626235e-02 -4.93199014e+00 4.78429487e+00 -9.59963567e-06 -6.06854451e-06
1.24205031e-02 -4.92958923e+00 4.78133309e+00 -9.59188513e-06 -2.71112209e-06
1.24852976e-02 -4.92694792e+00 4.77798256e+00 -9.64367600e-06 4.01311365e-06
1.25573598e-02 -4.92403750e+00 4.77421315e+00 -9.70130728e-06 5.51040024e-06
1.26375248e-02 -4.92076504e+00 4.77004736e+00 -9.76778717e-06 6.33745773e-07
1.27269010e-02 -4.91704692e+00 4.76540411e+00 -9.86970977e-06 -4.69281443e-06
1.28265143e-02 -4.91287303e+00 4.76021968e+00 -9.96261276e-06 -4.14111961e-06
1.29374390e-02 -4.90827973e+00 4.75440985e+00 -9.99332446e-06 2.33462891e-06
1.30609734e-02 -4.90324661e+00 4.74794248e+00 -9.97926526e-06 8.41535267e-06
1.31985751e-02 -4.89763916e+00 4.74073976e+00 -9.95040382e-06 8.01792107e-06
1.33518117e-02 -4.89127924e+00 4.73264244e+00 -1.00705261e-05 3.01692919e-06
1.35224278e-02 -4.88408703e+00 4.72364143e+00 -1.02551979e-05 -3.05823250e-07
1.37123816e-02 -4.87604379e+00 4.71361504e+00 -1.04275623e-05 -1.30943218e-06
1.39238367e-02 -4.86707125e+00 4.70236810e+00 -1.05979626e-05 -1.98593428e-06
1.41591825e-02 -4.85705102e+00 4.68981195e+00 -1.07063232e-05 -1.92240806e-06
1.44210709e-02 -4.84586094e+00 4.67577944e+00 -1.07820041e-05 -5.92576526e-07
1.47124370e-02 -4.83336309e+00 4.66007836e+00 -1.08397176e-05 1.41097067e-06
1.50365214e-02 -4.81938407e+00 4.64252256e+00 -1.09055874e-05 2.99167604e-06
1.53969009e-02 -4.80371154e+00 4.62287270e+00 -1.09922469e-05 3.38899600e-06
1.57975220e-02 -4.78610897e+00 4.60087556e+00 -1.10942470e-05 2.70396456e-06
1.62427368e-02 -4.76632918e+00 4.57623828e+00 -1.11961201e-05 1.65550140e-06
1.67373395e-02 -4.74411128e+00 4.54862453e+00 -1.12836107e-05 9.89799415e-07
1.72866042e-02 -4.71916031e+00 4.51765672e+00 -1.13505388e-05 1.01088756e-06
1.78963230e-02 -4.69112210e+00 4.48290110e+00 -1.13978259e-05 1.52047449e-06
1.85728492e-02 -4.65956628e+00 4.44386372e+00 -1.14285898e-05 2.08206325e-06
1.93231464e-02 -4.62398157e+00 4.39997785e+00 -1.14442800e-05 2.35266861e-06
