VARIABLES="Y/c","convection","viscous",pressure gradient",Reynolds stress"
0.00000000e+00 0.00000000e+00 7.25933731e+00 6.77207832e+00 -4.62993315e+00
1.15306955e-06 -3.74871390e-02 7.25941289e+00 -1.26450459e+01 5.61006775e+00
2.34903200e-06 -5.75416469e-02 7.25914875e+00 -3.68716303e+01 2.84997332e+01
3.58934649e-06 -1.50396101e-01 7.25875027e+00 -8.71188895e+01 8.17726173e+01
4.87551033e-06 -2.35785890e-01 7.25830372e+00 -1.47331779e+02 1.38793603e+02
6.20905899e-06 -3.71174978e-01 7.25788483e+00 -2.08571024e+02 2.03377486e+02
7.59156595e-06 -5.04772685e-01 7.25758129e+00 -2.57731849e+02 2.50671454e+02
9.02464242e-06 -6.73667776e-01 7.25743916e+00 -2.87993563e+02 2.82708032e+02
1.05099369e-05 -8.53365671e-01 7.25749701e+00 -2.97640141e+02 2.91990066e+02
1.20491347e-05 -1.06644383e+00 7.25775257e+00 -2.89948065e+02 2.84924047e+02
1.36439569e-05 -1.30004700e+00 7.25823628e+00 -2.69742780e+02 2.64975866e+02
1.52961597e-05 -1.56212884e+00 7.25897135e+00 -2.42573734e+02 2.38013157e+02
1.70075333e-05 -1.84195058e+00 7.26004835e+00 -2.12457347e+02 2.08278882e+02
1.87799000e-05 -2.13747610e+00 7.26151976e+00 -1.82763748e+02 1.78723503e+02
2.06151132e-05 -2.43982314e+00 7.26343711e+00 -1.55042160e+02 1.51350360e+02
2.25150550e-05 -2.74371561e+00 7.26576414e+00 -1.30478871e+02 1.26952066e+02
2.44816340e-05 -3.04183371e+00 7.26846158e+00 -1.09135634e+02 1.05895379e+02
2.65167832e-05 -3.32694578e+00 7.27141248e+00 -9.10796199e+01 8.80247178e+01
2.86224563e-05 -3.59466907e+00 7.27453233e+00 -7.59058004e+01 7.30750177e+01
3.08006252e-05 -3.84373134e+00 7.27769087e+00 -6.33094932e+01 6.06603009e+01
3.30532756e-05 -4.07706669e+00 7.28078794e+00 -5.28826989e+01 5.04114709e+01
3.53824031e-05 -4.29534544e+00 7.28364936e+00 -4.42638187e+01 4.19644946e+01
3.77900086e-05 -4.50067631e+00 7.28611777e+00 -3.71469584e+01 3.49979435e+01
4.02780930e-05 -4.69664393e+00 7.28798261e+00 -3.12212449e+01 2.92349407e+01
4.28486511e-05 -4.89014409e+00 7.28913920e+00 -2.62985182e+01 2.44582861e+01
4.55036658e-05 -5.08016355e+00 7.28958459e+00 -2.21754164e+01 2.04997983e+01
4.82451003e-05 -5.25763252e+00 7.28947172e+00 -1.87547749e+01 1.72176008e+01
5.10748910e-05 -5.41755831e+00 7.28898650e+00 -1.58861053e+01 1.44876845e+01
5.39949385e-05 -5.57226098e+00 7.28830630e+00 -1.34854473e+01 1.22104861e+01
5.70070981e-05 -5.73235831e+00 7.28742926e+00 -1.14504466e+01 1.03171386e+01
6.01131701e-05 -5.89029189e+00 7.28624251e+00 -9.74947784e+00 8.74823803e+00
6.33148880e-05 -6.03256846e+00 7.28493806e+00 -8.31678416e+00 7.44189491e+00
6.66139068e-05 -6.15726876e+00 7.28382663e+00 -7.11388064e+00 6.34401434e+00
7.00117891e-05 -6.26816835e+00 7.28311869e+00 -6.09248638e+00 5.41824743e+00
7.35099914e-05 -6.36922157e+00 7.28276634e+00 -5.23107411e+00 4.64067725e+00
7.71098481e-05 -6.46515026e+00 7.28288949e+00 -4.49920611e+00 3.99046975e+00
8.08125546e-05 -6.56480187e+00 7.28337801e+00 -3.86915804e+00 3.44385185e+00
8.46191490e-05 -6.67396015e+00 7.28416757e+00 -3.31218680e+00 2.98478249e+00
8.85304929e-05 -6.78261201e+00 7.28490782e+00 -2.83256814e+00 2.60009043e+00
9.25472532e-05 -6.88196710e+00 7.28553980e+00 -2.42098757e+00 2.27493199e+00
9.66704716e-05 -6.98217450e+00 7.28608122e+00 -2.05314241e+00 1.99900887e+00
1.00902374e-04 -7.08435415e+00 7.28704559e+00 -1.72775367e+00 1.76355721e+00
1.05245566e-04 -7.17559596e+00 7.28861538e+00 -1.44758913e+00 1.56262785e+00
1.09702879e-04 -7.25579415e+00 7.29082924e+00 -1.20674998e+00 1.39257675e+00
1.14277498e-04 -7.33434706e+00 7.29323280e+00 -9.97101648e-01 1.24923319e+00
1.18972966e-04 -7.41970813e+00 7.29551240e+00 -7.96320170e-01 1.12401515e+00
1.23793266e-04 -7.51284442e+00 7.29763029e+00 -6.02136186e-01 1.01346499e+00
1.28742948e-04 -7.59865743e+00 7.29969870e+00 -4.32138408e-01 9.18446265e-01
1.33827176e-04 -7.67086818e+00 7.30152223e+00 -2.82659960e-01 8.33931901e-01
1.39051787e-04 -7.75258134e+00 7.30278830e+00 -1.32584321e-01 7.57520955e-01
1.44423515e-04 -7.86077402e+00 7.30366717e+00 3.41564050e-02 6.92548181e-01
1.49950198e-04 -7.97674479e+00 7.30484957e+00 1.96231633e-01 6.39282623e-01
1.55640686e-04 -8.08793620e+00 7.30611191e+00 3.46574736e-01 5.91179660e-01
1.61504909e-04 -8.21071750e+00 7.30689093e+00 5.10161636e-01 5.46144570e-01
1.67554646e-04 -8.33507331e+00 7.30676253e+00 6.65177917e-01 5.08907788e-01
1.73803922e-04 -8.43506085e+00 7.30554732e+00 7.90887133e-01 4.78821575e-01
1.80267329e-04 -8.51488474e+00 7.30382285e+00 8.96951741e-01 4.50939938e-01
1.86957172e-04 -8.57984561e+00 7.30282371e+00 9.85439287e-01 4.20343093e-01
1.93882516e-04 -8.63652387e+00 7.30288006e+00 1.07279933e+00 3.87717752e-01
2.01050967e-04 -8.70265505e+00 7.30304840e+00 1.16109752e+00 3.59945251e-01
2.08470653e-04 -8.78159610e+00 7.30259878e+00 1.25731471e+00 3.37146388e-01
2.16150509e-04 -8.87087023e+00 7.30141988e+00 1.36783287e+00 3.16243546e-01
2.24099774e-04 -8.97093739e+00 7.29981767e+00 1.48277002e+00 2.95802677e-01
2.32327935e-04 -9.07729004e+00 7.29857106e+00 1.61052689e+00 2.73869852e-01
2.40844911e-04 -9.17075274e+00 7.29848218e+00 1.72175680e+00 2.54374998e-01
2.49661124e-04 -9.23692581e+00 7.29900073e+00 1.79415355e+00 2.39125539e-01
2.58787676e-04 -9.30423890e+00 7.29844638e+00 1.87542580e+00 2.23915992e-01
2.68236280e-04 -9.40013729e+00 7.29651876e+00 1.98424793e+00 2.10601745e-01
2.78018405e-04 -9.49904443e+00 7.29439333e+00 2.09023442e+00 2.01787154e-01
2.88144236e-04 -9.57111394e+00 7.29352228e+00 2.16892574e+00 1.92675840e-01
2.98622597e-04 -9.63476787e+00 7.29248263e+00 2.24533514e+00 1.80326444e-01
3.09461742e-04 -9.72771989e+00 7.28916826e+00 2.35361539e+00 1.67285405e-01
3.20669887e-04 -9.85470933e+00 7.28389621e+00 2.49397359e+00 1.53193330e-01
3.32255120e-04 -9.99195944e+00 7.27840929e+00 2.65342858e+00 1.38188386e-01
3.44225186e-04 -1.01153133e+01 7.27455675e+00 2.79120437e+00 1.28213233e-01
3.56587397e-04 -1.02211155e+01 7.27190177e+00 2.89488885e+00 1.22619936e-01
3.69348590e-04 -1.03336990e+01 7.26749224e+00 3.01895796e+00 1.15205729e-01
3.82515251e-04 -1.04459556e+01 7.26229309e+00 3.14147360e+00 1.08608269e-01
3.96093866e-04 -1.05322496e+01 7.25823254e+00 3.22479304e+00 1.05412521e-01
4.10091077e-04 -1.06259017e+01 7.25362626e+00 3.32582048e+00 9.95941982e-02
4.24513409e-04 -1.07447907e+01 7.24850399e+00 3.45948211e+00 8.99757047e-02
4.39366941e-04 -1.08435695e+01 7.24337694e+00 3.57135483e+00 8.40792160e-02
4.54657127e-04 -1.08967248e+01 7.23875793e+00 3.62470518e+00 8.37743953e-02
4.70388765e-04 -1.09376962e+01 7.23321096e+00 3.66927088e+00 8.17902927e-02
4.86566063e-04 -1.10196227e+01 7.22575887e+00 3.76887141e+00 7.54982106e-02
5.03192554e-04 -1.11401576e+01 7.21858933e+00 3.89660154e+00 6.96243664e-02
5.20270911e-04 -1.12517792e+01 7.21108563e+00 4.01266599e+00 6.59934372e-02
5.37803367e-04 -1.13288694e+01 7.20144320e+00 4.10539229e+00 6.42829630e-02
5.55791963e-04 -1.13686610e+01 7.19122481e+00 4.15089703e+00 6.46897166e-02
5.74237296e-04 -1.13976906e+01 7.18184049e+00 4.18135289e+00 6.35838037e-02
5.93138390e-04 -1.14566923e+01 7.17402754e+00 4.25787071e+00 5.91034458e-02
6.12494919e-04 -1.15422580e+01 7.16610972e+00 4.35554247e+00 5.59290172e-02
6.32305677e-04 -1.16353048e+01 7.15748615e+00 4.44856167e+00 5.53359749e-02
6.52564621e-04 -1.17428399e+01 7.14812605e+00 4.56567649e+00 5.36506024e-02
6.73267127e-04 -1.18627014e+01 7.13834623e+00 4.69775240e+00 5.10098601e-02
6.94417795e-04 -1.19665576e+01 7.12775889e+00 4.80901696e+00 4.91807718e-02
7.16016187e-04 -1.20310001e+01 7.11634128e+00 4.88120233e+00 4.74087998e-02
7.38044143e-04 -1.20632931e+01 7.10609139e+00 4.92062076e+00 4.65014104e-02
7.60496391e-04 -1.20903045e+01 7.09942356e+00 4.95031549e+00 4.73657298e-02
7.83403032e-04 -1.21264465e+01 7.09290303e+00 4.99104791e+00 4.69787056e-02
8.06760144e-04 -1.21687061e+01 7.08472885e+00 5.04855104e+00 4.43653543e-02
8.30441359e-04 -1.22112048e+01 7.07552540e+00 5.08235939e+00 4.30218375e-02
8.54246883e-04 -1.22437722e+01 7.06614773e+00 5.12411644e+00 4.40468118e-02
8.78052043e-04 -1.22551896e+01 7.05854697e+00 5.14052338e+00 4.47355544e-02
9.01856614e-04 -1.22498719e+01 7.05128680e+00 5.15040965e+00 4.30175925e-02
9.25695583e-04 -1.22427075e+01 7.04299406e+00 5.16191658e+00 3.98242097e-02
9.49567946e-04 -1.22361728e+01 7.03413558e+00 5.13814644e+00 3.93853223e-02
9.73458240e-04 -1.22153482e+01 7.02599311e+00 5.12247778e+00 4.17611816e-02
9.97367800e-04 -1.21672847e+01 7.01775015e+00 5.08283609e+00 4.21377451e-02
1.02130324e-03 -1.20998210e+01 7.01023938e+00 5.02490510e+00 4.16567735e-02
1.04526263e-03 -1.20220646e+01 7.00302539e+00 4.94344411e+00 4.31048913e-02
1.06924284e-03 -1.19353961e+01 6.99538832e+00 4.86022462e+00 4.44390929e-02
1.09324487e-03 -1.18537778e+01 6.98752806e+00 4.79121803e+00 4.42162664e-02
1.11726936e-03 -1.17871870e+01 6.97967009e+00 4.72751353e+00 4.35142007e-02
1.14131519e-03 -1.17226397e+01 6.97258394e+00 4.66985887e+00 4.29489361e-02
1.16538182e-03 -1.16333205e+01 6.96674554e+00 4.58867944e+00 4.28750298e-02
1.18946937e-03 -1.15011281e+01 6.96146756e+00 4.45580821e+00 4.33133500e-02
1.21357750e-03 -1.13466207e+01 6.95617058e+00 4.30523837e+00 4.28553625e-02
1.23770582e-03 -1.12055804e+01 6.95085858e+00 4.17400343e+00 4.15513200e-02
1.26185421e-03 -1.10728237e+01 6.94543882e+00 4.04317761e+00 4.11066851e-02
1.28602256e-03 -1.09255206e+01 6.94030978e+00 3.89632941e+00 4.12988990e-02
1.31021062e-03 -1.07715941e+01 6.93559212e+00 3.74973872e+00 4.09105874e-02
1.33441821e-03 -1.06195332e+01 6.93125433e+00 3.60077660e+00 4.00448995e-02
1.35864517e-03 -1.04599941e+01 6.92723546e+00 3.44406258e+00 3.89076124e-02
1.38289131e-03 -1.03011699e+01 6.92319679e+00 3.29010912e+00 3.73972722e-02
1.40715644e-03 -1.01569551e+01 6.91875356e+00 3.14948337e+00 3.59650961e-02
1.43144038e-03 -1.00168196e+01 6.91407161e+00 3.01363357e+00 3.52117911e-02
1.45574294e-03 -9.87021472e+00 6.90921867e+00 2.87086595e+00 3.51966499e-02
1.48006392e-03 -9.72152353e+00 6.90411778e+00 2.72525470e+00 3.51440083e-02
1.50440314e-03 -9.57165212e+00 6.89939754e+00 2.57903726e+00 3.40596463e-02
1.52876041e-03 -9.42193047e+00 6.89544627e+00 2.43441337e+00 3.21630121e-02
1.55313553e-03 -9.28113609e+00 6.89150574e+00 2.29749312e+00 3.07535049e-02
1.57752830e-03 -9.14888497e+00 6.88697668e+00 2.16652753e+00 3.01883465e-02
1.60193854e-03 -9.01885083e+00 6.88199612e+00 2.03949213e+00 2.94097864e-02
1.62636605e-03 -8.89536748e+00 6.87706236e+00 1.92128420e+00 2.78912773e-02
1.65081062e-03 -8.78051922e+00 6.87285082e+00 1.80985480e+00 2.63917062e-02
1.67527207e-03 -8.66513175e+00 6.86907580e+00 1.69577172e+00 2.54668476e-02
1.69975020e-03 -8.54569576e+00 6.86523182e+00 1.57884242e+00 2.47326849e-02
1.72424482e-03 -8.42896351e+00 6.86144824e+00 1.46487138e+00 2.36914422e-02
1.74875573e-03 -8.32088037e+00 6.85771832e+00 1.35983227e+00 2.23461077e-02
1.77328275e-03 -8.22201943e+00 6.85416573e+00 1.26430871e+00 2.10519334e-02
1.79782567e-03 -8.13012850e+00 6.85066636e+00 1.17420848e+00 1.99644550e-02
1.82238432e-03 -8.04354896e+00 6.84706653e+00 1.09019112e+00 1.88096013e-02
1.84695849e-03 -7.96065855e+00 6.84356633e+00 1.01078536e+00 1.74649842e-02
1.87154799e-03 -7.87918153e+00 6.84017095e+00 9.32399725e-01 1.62275530e-02
1.89615264e-03 -7.79848476e+00 6.83675516e+00 8.54602468e-01 1.52554938e-02
1.92077223e-03 -7.71935976e+00 6.83325929e+00 7.78616742e-01 1.43576257e-02
1.94540657e-03 -7.64340253e+00 6.82967858e+00 7.06398475e-01 1.34186671e-02
1.97005546e-03 -7.57318333e+00 6.82593858e+00 6.39574302e-01 1.25065173e-02
1.99471871e-03 -7.51034525e+00 6.82219169e+00 5.79783445e-01 1.15853664e-02
2.01939613e-03 -7.45494871e+00 6.81851917e+00 5.28607639e-01 1.06343851e-02
2.04408751e-03 -7.40474917e+00 6.81505549e+00 4.81476948e-01 9.76319456e-03
2.06879266e-03 -7.35677722e+00 6.81172314e+00 4.36017221e-01 8.88988741e-03
2.09351137e-03 -7.31226099e+00 6.80841086e+00 3.95345135e-01 7.91534426e-03
2.11824347e-03 -7.27343763e+00 6.80514442e+00 3.59647548e-01 7.04215371e-03
2.14298873e-03 -7.23813067e+00 6.80188080e+00 3.26711443e-01 6.38275521e-03
2.16774697e-03 -7.20447205e+00 6.79852211e+00 2.96269510e-01 5.82597494e-03
2.19251798e-03 -7.17351087e+00 6.79510103e+00 2.68379846e-01 5.35911548e-03
2.21730157e-03 -7.14454898e+00 6.79168336e+00 2.41855585e-01 4.96228025e-03
2.24209753e-03 -7.11602647e+00 6.78806950e+00 2.16544694e-01 4.48453095e-03
2.26690567e-03 -7.08886763e+00 6.78434196e+00 1.92873103e-01 3.89330501e-03
2.29172577e-03 -7.06472497e+00 6.78071784e+00 1.71923416e-01 3.33923965e-03
2.31655765e-03 -7.04371771e+00 6.77718212e+00 1.53952944e-01 2.94775171e-03
2.34140110e-03 -7.02444139e+00 6.77367555e+00 1.37244896e-01 2.68335792e-03
2.36625591e-03 -7.00627380e+00 6.77018349e+00 1.22039156e-01 2.43981877e-03
2.39112189e-03 -6.98973741e+00 6.76669916e+00 1.08357553e-01 2.18557618e-03
2.41599883e-03 -6.97447821e+00 6.76317110e+00 9.57026838e-02 1.92292605e-03
2.44088652e-03 -6.96035908e+00 6.75953815e+00 8.48343014e-02 1.67500532e-03
2.46578477e-03 -6.94766035e+00 6.75587243e+00 7.50017719e-02 1.50076519e-03
2.49069338e-03 -6.93592698e+00 6.75220488e+00 6.58911247e-02 1.36265502e-03
2.51561212e-03 -6.92533133e+00 6.74845778e+00 5.85705182e-02 1.19514314e-03
2.54054081e-03 -6.91574624e+00 6.74465807e+00 5.20853001e-02 1.06007726e-03
2.56547924e-03 -6.90558508e+00 6.74083302e+00 4.47166744e-02 9.85828676e-04
2.59042720e-03 -6.89504175e+00 6.73698516e+00 3.72094173e-02 8.68638278e-04
2.61538449e-03 -6.88670288e+00 6.73316260e+00 3.21357249e-02 6.75399744e-04
2.64035089e-03 -6.88134872e+00 6.72934570e+00 2.99097639e-02 5.21629907e-04
2.66532621e-03 -6.87664930e+00 6.72548440e+00 2.81207328e-02 4.79373274e-04
2.69031024e-03 -6.87051453e+00 6.72162122e+00 2.48510617e-02 4.70160326e-04
2.71530277e-03 -6.86362066e+00 6.71775475e+00 2.11407162e-02 4.17632789e-04
2.74030359e-03 -6.85753340e+00 6.71387928e+00 1.81669405e-02 3.58812479e-04
2.76531250e-03 -6.85218629e+00 6.71000536e+00 1.56642253e-02 3.24209582e-04
2.79032929e-03 -6.84702206e+00 6.70610638e+00 1.36604020e-02 2.82383228e-04
2.81535375e-03 -6.84216193e+00 6.70218174e+00 1.19458559e-02 2.31996634e-04
2.84038567e-03 -6.83762320e+00 6.69822768e+00 1.04550194e-02 1.90139223e-04
2.86542485e-03 -6.83335167e+00 6.69426110e+00 9.33723334e-03 1.44302451e-04
2.89047107e-03 -6.82955645e+00 6.69027807e+00 8.72869912e-03 9.50747089e-05
2.91552413e-03 -6.82616265e+00 6.68628536e+00 8.51014352e-03 6.92847421e-05
2.94058382e-03 -6.82252515e+00 6.68230180e+00 7.93501173e-03 7.21857477e-05
2.96564992e-03 -6.81831089e+00 6.67830495e+00 6.85474691e-03 7.99236160e-05
2.99072224e-03 -6.81406867e+00 6.67428289e+00 5.81308177e-03 8.04031317e-05
3.01580056e-03 -6.81027583e+00 6.67027219e+00 5.13683361e-03 7.68787189e-05
3.04088466e-03 -6.80678981e+00 6.66628617e+00 4.78823209e-03 6.67863725e-05
3.06597434e-03 -6.80340171e+00 6.66229881e+00 4.56363921e-03 5.22318917e-05
3.09106940e-03 -6.80003325e+00 6.65831241e+00 4.32095461e-03 4.34645564e-05
3.11616961e-03 -6.79660544e+00 6.65435452e+00 3.99667981e-03 4.30926388e-05
3.14127477e-03 -6.79307915e+00 6.65040008e+00 3.57449942e-03 4.54809597e-05
3.16638466e-03 -6.78945619e+00 6.64641974e+00 3.07220736e-03 4.22009032e-05
3.19149908e-03 -6.78584742e+00 6.64243559e+00 2.59974073e-03 2.70457705e-05
3.21661782e-03 -6.78245162e+00 6.63846948e+00 2.36509388e-03 8.20086446e-06
3.24174066e-03 -6.77921958e+00 6.63451188e+00 2.24400044e-03 2.20642207e-06
3.26686739e-03 -6.77592022e+00 6.63055106e+00 2.01682099e-03 8.40243007e-06
3.29199780e-03 -6.77258855e+00 6.62658992e+00 1.81099560e-03 1.33638640e-05
3.31713168e-03 -6.76935790e+00 6.62263239e+00 1.69942033e-03 1.65185498e-05
3.34226881e-03 -6.76608577e+00 6.61868046e+00 1.51720915e-03 2.37755387e-05
3.36740899e-03 -6.76259768e+00 6.61473699e+00 1.10537336e-03 2.76179379e-05
3.39255201e-03 -6.75902411e+00 6.61080629e+00 6.33906631e-04 1.73010347e-05
3.41769764e-03 -6.75565568e+00 6.60688645e+00 3.79011575e-04 -1.20259920e-06
3.44284568e-03 -6.75263112e+00 6.60297128e+00 4.17425090e-04 -1.38333781e-05
3.46799592e-03 -6.74982564e+00 6.59905724e+00 6.95739761e-04 -1.54686707e-05
3.49314814e-03 -6.74694060e+00 6.59514694e+00 8.67952953e-04 -8.78992927e-06
3.51830213e-03 -6.74382001e+00 6.59124407e+00 7.70772222e-04 9.60375089e-07
3.54345768e-03 -6.74063780e+00 6.58734988e+00 6.68281677e-04 5.49120435e-06
3.56861458e-03 -6.73756405e+00 6.58346599e+00 6.47837071e-04 2.45103008e-06
3.59377261e-03 -6.73454008e+00 6.57959072e+00 6.40193665e-04 -2.84839426e-06
3.61893156e-03 -6.73151863e+00 6.57572234e+00 6.68957223e-04 -5.91599414e-06
3.64409122e-03 -6.72850127e+00 6.57186121e+00 6.78057661e-04 -1.65983998e-06
3.66925137e-03 -6.72542516e+00 6.56800719e+00 5.78120762e-04 5.80045547e-06
3.69441181e-03 -6.72230153e+00 6.56415895e+00 4.78962558e-04 5.25567443e-06
3.71957231e-03 -6.71922544e+00 6.56031781e+00 4.31611945e-04 6.96983601e-08
3.74473267e-03 -6.71619881e+00 6.55648512e+00 3.82409083e-04 -5.39487685e-08
3.76989268e-03 -6.71317595e+00 6.55266020e+00 3.41428734e-04 1.52589640e-06
3.79505211e-03 -6.71016980e+00 6.54884355e+00 3.28277687e-04 -1.56142686e-06
3.82021077e-03 -6.70720131e+00 6.54503503e+00 3.39342542e-04 -6.08408908e-06
3.84536843e-03 -6.70426001e+00 6.54123323e+00 3.60886349e-04 -6.61209515e-06
3.87052488e-03 -6.70132396e+00 6.53743864e+00 3.80883899e-04 -3.26112703e-06
3.89567992e-03 -6.69836704e+00 6.53365340e+00 3.71907228e-04 5.15153308e-07
3.92083332e-03 -6.69537860e+00 6.52987814e+00 3.20869795e-04 1.83399772e-06
3.94598487e-03 -6.69238814e+00 6.52611190e+00 2.67482304e-04 4.01034732e-07
3.97113437e-03 -6.68943216e+00 6.52235423e+00 2.39105360e-04 -1.56955715e-06
3.99628160e-03 -6.68650538e+00 6.51860535e+00 2.27183190e-04 -2.42503412e-06
4.02142635e-03 -6.68357868e+00 6.51486498e+00 2.09836693e-04 -2.70330557e-06
4.04656840e-03 -6.68064760e+00 6.51113244e+00 1.79398163e-04 -3.34194460e-06
4.07170755e-03 -6.67773656e+00 6.50740723e+00 1.63761210e-04 -4.15185062e-06
4.09684358e-03 -6.67485723e+00 6.50368955e+00 1.72247671e-04 -4.12325482e-06
4.12197628e-03 -6.67198807e+00 6.49997986e+00 1.77836193e-04 -3.21068388e-06
4.14710543e-03 -6.66911057e+00 6.49627844e+00 1.70162879e-04 -2.76582060e-06
4.17223084e-03 -6.66623396e+00 6.49258548e+00 1.58818220e-04 -3.19743245e-06
4.19735227e-03 -6.66336953e+00 6.48890062e+00 1.48775444e-04 -3.49432095e-06
4.22246953e-03 -6.66051521e+00 6.48522368e+00 1.40334067e-04 -3.35969648e-06
4.24758240e-03 -6.65766978e+00 6.48155510e+00 1.34918744e-04 -3.34560685e-06
4.27269067e-03 -6.65483561e+00 6.47789480e+00 1.32930680e-04 -3.46984374e-06
4.29779413e-03 -6.65201006e+00 6.47424235e+00 1.30398480e-04 -3.42834386e-06
4.32289257e-03 -6.64918962e+00 6.47059775e+00 1.25850553e-04 -3.33336155e-06
4.34798577e-03 -6.64637596e+00 6.46696113e+00 1.21274513e-04 -3.35703104e-06
4.37307354e-03 -6.64357103e+00 6.46333257e+00 1.17072391e-04 -3.40198949e-06
4.39815565e-03 -6.64077402e+00 6.45971210e+00 1.13012232e-04 -3.40480611e-06
4.42323189e-03 -6.63798445e+00 6.45609966e+00 1.09069832e-04 -3.41801924e-06
4.44830207e-03 -6.63520278e+00 6.45249513e+00 1.05328171e-04 -3.44021872e-06
4.47336596e-03 -6.63242896e+00 6.44889838e+00 1.01748490e-04 -3.44667248e-06
4.49842336e-03 -6.62966269e+00 6.44530934e+00 9.82999429e-05 -3.45256913e-06
4.52347405e-03 -6.62690402e+00 6.44172796e+00 9.49921100e-05 -3.46690727e-06
4.54851784e-03 -6.62415300e+00 6.43815430e+00 9.18218300e-05 -3.47943484e-06
4.57355450e-03 -6.62140955e+00 6.43458838e+00 8.87737712e-05 -3.48920451e-06
4.59858384e-03 -6.61867362e+00 6.43103025e+00 8.58415252e-05 -3.50200057e-06
4.62360564e-03 -6.61594524e+00 6.42747991e+00 8.30206002e-05 -3.51721001e-06
4.64861970e-03 -6.61322435e+00 6.42393732e+00 8.03029018e-05 -3.53163971e-06
4.67362580e-03 -6.61051090e+00 6.42040242e+00 7.76819333e-05 -3.54374506e-06
4.69862374e-03 -6.60780484e+00 6.41687516e+00 7.51550617e-05 -3.55275755e-06
4.72361332e-03 -6.60510614e+00 6.41335549e+00 7.27199917e-05 -3.55954169e-06
4.74859432e-03 -6.60241475e+00 6.40984335e+00 7.03737535e-05 -3.56635199e-06
4.77356653e-03 -6.59973062e+00 6.40633867e+00 6.81126899e-05 -3.57413331e-06
4.79852977e-03 -6.59705370e+00 6.40284141e+00 6.59323341e-05 -3.58203826e-06
4.82348380e-03 -6.59438395e+00 6.39935150e+00 6.38285712e-05 -3.58971833e-06
4.84842844e-03 -6.59172133e+00 6.39586892e+00 6.17973269e-05 -3.59822698e-06
4.87336347e-03 -6.58906581e+00 6.39239367e+00 5.98345602e-05 -3.60832230e-06
4.89828869e-03 -6.58641733e+00 6.38892572e+00 5.79364549e-05 -3.61886282e-06
4.92320389e-03 -6.58377587e+00 6.38546499e+00 5.60996649e-05 -3.62767992e-06
4.94810887e-03 -6.58114136e+00 6.38201146e+00 5.43224542e-05 -3.63383527e-06
4.97300343e-03 -6.57851379e+00 6.37856510e+00 5.26034449e-05 -3.63843630e-06
4.99788736e-03 -6.57589312e+00 6.37512594e+00 5.09411773e-05 -3.64310866e-06
5.02276046e-03 -6.57327932e+00 6.37169397e+00 4.93335890e-05 -3.64822289e-06
5.04762252e-03 -6.57067235e+00 6.36826917e+00 4.77784003e-05 -3.65307639e-06
5.07247334e-03 -6.56807217e+00 6.36485152e+00 4.62737855e-05 -3.65741393e-06
5.09731272e-03 -6.56547875e+00 6.36144100e+00 4.48173206e-05 -3.66202502e-06
5.12214046e-03 -6.56289204e+00 6.35803758e+00 4.34063500e-05 -3.66750157e-06
5.14695636e-03 -6.56031200e+00 6.35464121e+00 4.20382265e-05 -3.67293243e-06
5.17176021e-03 -6.55773858e+00 6.35125181e+00 4.07106077e-05 -3.67668361e-06
5.19655181e-03 -6.55517173e+00 6.34786933e+00 3.94219616e-05 -3.67824521e-06
5.22133097e-03 -6.55261140e+00 6.34449365e+00 3.81718057e-05 -3.67863670e-06
5.24609747e-03 -6.55005753e+00 6.34112470e+00 3.69592062e-05 -3.67891243e-06
5.27085113e-03 -6.54751008e+00 6.33776240e+00 3.57831925e-05 -3.67909497e-06
5.29559175e-03 -6.54496901e+00 6.33440673e+00 3.46427326e-05 -3.67909053e-06
5.32031912e-03 -6.54243429e+00 6.33105771e+00 3.35368313e-05 -3.67962814e-06
5.34503304e-03 -6.53990591e+00 6.32771541e+00 3.24633434e-05 -3.68145041e-06
5.36973333e-03 -6.53738384e+00 6.32437989e+00 3.14201514e-05 -3.68400028e-06
5.39441977e-03 -6.53486806e+00 6.32105116e+00 3.04059539e-05 -3.68575800e-06
5.41909218e-03 -6.53235851e+00 6.31772916e+00 2.94192910e-05 -3.68593210e-06
5.44375036e-03 -6.52985514e+00 6.31441381e+00 2.84598460e-05 -3.68502596e-06
5.46839411e-03 -6.52735791e+00 6.31110506e+00 2.75270721e-05 -3.68368611e-06
5.49302324e-03 -6.52486678e+00 6.30780285e+00 2.66205964e-05 -3.68185508e-06
5.51763755e-03 -6.52238170e+00 6.30450716e+00 2.57398058e-05 -3.67946810e-06
5.54223684e-03 -6.51990265e+00 6.30121793e+00 2.48841924e-05 -3.67723958e-06
5.56682093e-03 -6.51742957e+00 6.29793511e+00 2.40524845e-05 -3.67589558e-06
5.59138962e-03 -6.51496242e+00 6.29465861e+00 2.32431528e-05 -3.67503107e-06
5.61594271e-03 -6.51250115e+00 6.29138838e+00 2.24549074e-05 -3.67343877e-06
5.64048002e-03 -6.51004572e+00 6.28812440e+00 2.16868054e-05 -3.67053020e-06
5.66500135e-03 -6.50759611e+00 6.28486669e+00 2.09382314e-05 -3.66677222e-06
5.68950651e-03 -6.50515231e+00 6.28161530e+00 2.02087258e-05 -3.66270725e-06
5.71399531e-03 -6.50271428e+00 6.27837029e+00 1.94980798e-05 -3.65826156e-06
5.73846756e-03 -6.50028202e+00 6.27513168e+00 1.88064251e-05 -3.65335427e-06
5.76292307e-03 -6.49785548e+00 6.27189945e+00 1.81333151e-05 -3.64853710e-06
5.78736165e-03 -6.49543461e+00 6.26867351e+00 1.74780051e-05 -3.64437040e-06
5.81178311e-03 -6.49301936e+00 6.26545375e+00 1.68397507e-05 -3.64049353e-06
5.83618726e-03 -6.49060966e+00 6.26224009e+00 1.62172840e-05 -3.63601557e-06
5.86057392e-03 -6.48820549e+00 6.25903246e+00 1.56098220e-05 -3.63056123e-06
5.88494289e-03 -6.48580679e+00 6.25583084e+00 1.50172207e-05 -3.62442062e-06
5.90929400e-03 -6.48341355e+00 6.25263523e+00 1.44382574e-05 -3.61778395e-06
5.93362706e-03 -6.48102574e+00 6.24944563e+00 1.38737769e-05 -3.61062955e-06
5.95794187e-03 -6.47864333e+00 6.24626203e+00 1.33233712e-05 -3.60338198e-06
5.98223826e-03 -6.47626630e+00 6.24308440e+00 1.27870957e-05 -3.59664817e-06
6.00651605e-03 -6.47389461e+00 6.23991270e+00 1.22631002e-05 -3.59013242e-06
6.03077504e-03 -6.47152821e+00 6.23674690e+00 1.17505756e-05 -3.58274118e-06
6.05501505e-03 -6.46916709e+00 6.23358696e+00 1.12512427e-05 -3.57464625e-06
6.07923591e-03 -6.46681119e+00 6.23043290e+00 1.07695238e-05 -3.56713825e-06
6.10343743e-03 -6.46446049e+00 6.22728468e+00 1.02953598e-05 -3.56027346e-06
6.12761943e-03 -6.46211496e+00 6.22414228e+00 9.82625701e-06 -3.55225325e-06
6.15178173e-03 -6.45977457e+00 6.22100571e+00 9.37097790e-06 -3.54242634e-06
6.17592414e-03 -6.45743930e+00 6.21787496e+00 8.92625262e-06 -3.53245392e-06
6.20004650e-03 -6.45510913e+00 6.21475003e+00 8.49297243e-06 -3.52319218e-06
6.22414862e-03 -6.45278403e+00 6.21163090e+00 8.06958386e-06 -3.51459019e-06
6.24823031e-03 -6.45046396e+00 6.20851752e+00 7.65613432e-06 -3.50616400e-06
6.27229141e-03 -6.44814889e+00 6.20540984e+00 7.25220957e-06 -3.49695660e-06
6.29633174e-03 -6.44583877e+00 6.20230777e+00 6.85701799e-06 -3.48658268e-06
6.32035112e-03 -6.44353355e+00 6.19921125e+00 6.47075135e-06 -3.47545689e-06
6.34434938e-03 -6.44123319e+00 6.19612023e+00 6.09271899e-06 -3.46427017e-06
6.36832633e-03 -6.43893768e+00 6.19303470e+00 5.72286849e-06 -3.45327551e-06
6.39228181e-03 -6.43664699e+00 6.18995467e+00 5.36108663e-06 -3.44234475e-06
6.41621564e-03 -6.43436109e+00 6.18688014e+00 5.00710253e-06 -3.43135905e-06
6.44012765e-03 -6.43207997e+00 6.18381114e+00 4.66126355e-06 -3.42043094e-06
6.46401766e-03 -6.42980362e+00 6.18074769e+00 4.32322960e-06 -3.40962003e-06
6.48788551e-03 -6.42753202e+00 6.17768981e+00 3.99261981e-06 -3.39864385e-06
6.51173102e-03 -6.42526516e+00 6.17463756e+00 3.66927474e-06 -3.38707672e-06
6.53555403e-03 -6.42300301e+00 6.17159094e+00 3.35273840e-06 -3.37482496e-06
6.55935436e-03 -6.42074554e+00 6.16854992e+00 3.04296268e-06 -3.36218323e-06
6.58313184e-03 -6.41849272e+00 6.16551441e+00 2.73958380e-06 -3.34945015e-06
6.60688631e-03 -6.41624450e+00 6.16248428e+00 2.44243244e-06 -3.33661557e-06
6.63061760e-03 -6.41400080e+00 6.15945937e+00 2.15119989e-06 -3.32351856e-06
6.65432554e-03 -6.41176158e+00 6.15643955e+00 1.86567107e-06 -3.31019227e-06
6.67800997e-03 -6.40952681e+00 6.15342473e+00 1.58587051e-06 -3.29690564e-06
6.70167072e-03 -6.40729645e+00 6.15041494e+00 1.31180656e-06 -3.28383937e-06
6.72530763e-03 -6.40507052e+00 6.14741027e+00 1.04331826e-06 -3.27082737e-06
6.74892052e-03 -6.40284903e+00 6.14441086e+00 7.80321404e-07 -3.25749316e-06
6.77250925e-03 -6.40063198e+00 6.14141682e+00 5.22869057e-07 -3.24369439e-06
6.79607365e-03 -6.39841939e+00 6.13842823e+00 2.70819676e-07 -3.22959885e-06
6.81961355e-03 -6.39621122e+00 6.13544508e+00 2.41644077e-08 -3.21539262e-06
6.84312880e-03 -6.39400745e+00 6.13246731e+00 -2.17555794e-07 -3.20105846e-06
6.86661923e-03 -6.39180803e+00 6.12949483e+00 -4.54790316e-07 -3.18650361e-06
6.89008468e-03 -6.38961293e+00 6.12652755e+00 -6.87176291e-07 -3.17179270e-06
6.91352501e-03 -6.38742208e+00 6.12356539e+00 -9.15281111e-07 -3.15711759e-06
6.93694004e-03 -6.38523547e+00 6.12060826e+00 -1.13878603e-06 -3.14252278e-06
6.96032963e-03 -6.38305305e+00 6.11765612e+00 -1.35800010e-06 -3.12782264e-06
6.98369361e-03 -6.38087479e+00 6.11470892e+00 -1.57274337e-06 -3.11278564e-06
7.00703183e-03 -6.37870067e+00 6.11176664e+00 -1.78329449e-06 -3.09734457e-06
7.03034414e-03 -6.37653067e+00 6.10882930e+00 -1.98982122e-06 -3.08164742e-06
7.05363039e-03 -6.37436480e+00 6.10589694e+00 -2.19225457e-06 -3.06587041e-06
7.07689042e-03 -6.37220306e+00 6.10296962e+00 -2.39111092e-06 -3.05005579e-06
7.10012409e-03 -6.37004543e+00 6.10004738e+00 -2.58641149e-06 -3.03415786e-06
7.12333123e-03 -6.36789191e+00 6.09713023e+00 -2.77830458e-06 -3.01818787e-06
7.14651171e-03 -6.36574247e+00 6.09421816e+00 -2.96639951e-06 -3.00227275e-06
7.16966537e-03 -6.36359709e+00 6.09131112e+00 -3.15070829e-06 -2.98646379e-06
7.19279207e-03 -6.36145574e+00 6.08840909e+00 -3.33136772e-06 -2.97059530e-06
7.21589166e-03 -6.35931840e+00 6.08551201e+00 -3.50852931e-06 -2.95443788e-06
7.23896399e-03 -6.35718502e+00 6.08261982e+00 -3.68232090e-06 -2.93785422e-06
7.26200892e-03 -6.35505557e+00 6.07973242e+00 -3.85304464e-06 -2.92096629e-06
7.28502630e-03 -6.35293000e+00 6.07684973e+00 -4.02074214e-06 -2.90406700e-06
7.30801600e-03 -6.35080830e+00 6.07397169e+00 -4.18567491e-06 -2.88692222e-06
7.33097785e-03 -6.34869043e+00 6.07109827e+00 -4.34781443e-06 -2.86936863e-06
7.35391173e-03 -6.34657641e+00 6.06822957e+00 -4.50710669e-06 -2.85247826e-06
7.37681750e-03 -6.34446624e+00 6.06536569e+00 -4.66338978e-06 -2.83614412e-06
7.39969500e-03 -6.34235996e+00 6.06250678e+00 -4.81680612e-06 -2.81859160e-06
7.42254411e-03 -6.34025758e+00 6.05965292e+00 -4.96717506e-06 -2.80123447e-06
7.44536468e-03 -6.33815908e+00 6.05680414e+00 -5.11496202e-06 -2.78540890e-06
7.46815657e-03 -6.33606444e+00 6.05396040e+00 -5.26008112e-06 -2.76771224e-06
7.49091965e-03 -6.33397362e+00 6.05112159e+00 -5.40271587e-06 -2.75086469e-06
7.51365378e-03 -6.33188656e+00 6.04828756e+00 -5.54260220e-06 -2.73625014e-06
7.53635884e-03 -6.32980321e+00 6.04545816e+00 -5.68010298e-06 -2.70811120e-06
7.55903467e-03 -6.32772357e+00 6.04263329e+00 -5.81566434e-06 -2.68291918e-06
7.58168113e-03 -6.32564752e+00 6.03981284e+00 -5.94873848e-06 -2.70352214e-06
7.60429813e-03 -6.32357496e+00 6.03699681e+00 -6.07771695e-06 -2.69429780e-06
7.62688554e-03 -6.32150618e+00 6.03418529e+00 -6.20482619e-06 -2.56973456e-06
7.64944312e-03 -6.31944129e+00 6.03137839e+00 -6.33284824e-06 -2.55050470e-06
7.67197080e-03 -6.31737961e+00 6.02857608e+00 -6.45802848e-06 -2.77888408e-06
7.69446865e-03 -6.31532105e+00 6.02577849e+00 -6.57619411e-06 -2.74079525e-06
7.71693631e-03 -6.31326710e+00 6.02298588e+00 -6.69391257e-06 -2.22109422e-06
7.73937332e-03 -6.31121784e+00 6.02019802e+00 -6.81831582e-06 -2.24427792e-06
7.76178025e-03 -6.30917041e+00 6.01741461e+00 -6.93839858e-06 -3.14431948e-06
7.78415739e-03 -6.30712456e+00 6.01463607e+00 -7.04342478e-06 -3.13606609e-06
7.80650291e-03 -6.30508512e+00 6.01186268e+00 -7.14915483e-06 -1.63143900e-06
7.82881631e-03 -6.30305282e+00 6.00909348e+00 -7.26967105e-06 -1.33564509e-06
7.85110125e-03 -6.30102044e+00 6.00632790e+00 -7.38635699e-06 -3.33291479e-06
7.87335787e-03 -6.29898585e+00 6.00356729e+00 -7.48112805e-06 -4.13972095e-06
7.89557727e-03 -6.29695811e+00 6.00081270e+00 -7.57429372e-06 -1.95753980e-06
7.91775933e-03 -6.29494126e+00 5.99806235e+00 -7.68619989e-06 -5.27689939e-07
7.93993502e-03 -6.29292439e+00 5.99531249e+00 -7.79879939e-06 -2.27506318e-06
7.96215435e-03 -6.29089750e+00 5.99255897e+00 -7.89222267e-06 -3.85762745e-06
7.98444913e-03 -6.28886399e+00 5.98979782e+00 -7.98163357e-06 -2.75155407e-06
8.00682039e-03 -6.28682905e+00 5.98702702e+00 -8.08392489e-06 -1.43513772e-06
8.02926045e-03 -6.28478937e+00 5.98424745e+00 -8.18792818e-06 -1.97470817e-06
8.05177057e-03 -6.28274081e+00 5.98146027e+00 -8.28151766e-06 -2.76191290e-06
8.07435557e-03 -6.28068519e+00 5.97866469e+00 -8.37127901e-06 -2.44095751e-06
8.09701617e-03 -6.27862473e+00 5.97585962e+00 -8.46441387e-06 -2.00706253e-06
8.11975172e-03 -6.27655813e+00 5.97304538e+00 -8.55755917e-06 -2.16867009e-06
8.14256373e-03 -6.27448421e+00 5.97022242e+00 -8.64767731e-06 -2.32415526e-06
8.16545399e-03 -6.27240363e+00 5.96739043e+00 -8.73698207e-06 -2.19409299e-06
8.18842330e-03 -6.27031670e+00 5.96454915e+00 -8.82638975e-06 -2.12475894e-06
8.21147252e-03 -6.26822287e+00 5.96169864e+00 -8.91425137e-06 -2.17190659e-06
8.23460302e-03 -6.26612191e+00 5.95883876e+00 -9.00038877e-06 -2.15381224e-06
8.25781598e-03 -6.26401390e+00 5.95596908e+00 -9.08568656e-06 -2.09779278e-06
8.28111246e-03 -6.26189865e+00 5.95308932e+00 -9.17033484e-06 -2.08464423e-06
8.30449366e-03 -6.25977593e+00 5.95019929e+00 -9.25411327e-06 -2.07625207e-06
8.32796080e-03 -6.25764563e+00 5.94729877e+00 -9.33665020e-06 -2.04765753e-06
8.35151506e-03 -6.25550767e+00 5.94438758e+00 -9.41879213e-06 -2.02468747e-06
8.37515766e-03 -6.25336190e+00 5.94146566e+00 -9.49948466e-06 -2.00873266e-06
8.39888985e-03 -6.25120820e+00 5.93853293e+00 -9.57940773e-06 -1.98770013e-06
8.42271286e-03 -6.24904647e+00 5.93558929e+00 -9.65787763e-06 -1.96589454e-06
8.44662797e-03 -6.24687659e+00 5.93263462e+00 -9.73561214e-06 -1.94634284e-06
8.47063644e-03 -6.24469842e+00 5.92966879e+00 -9.81190758e-06 -1.92496682e-06
8.49473958e-03 -6.24251183e+00 5.92669161e+00 -9.88862888e-06 -1.90209434e-06
8.51893869e-03 -6.24031668e+00 5.92370288e+00 -9.96242410e-06 -1.87950403e-06
8.54323510e-03 -6.23811280e+00 5.92070235e+00 -1.00364427e-05 -1.85882822e-06
8.56763016e-03 -6.23590003e+00 5.91768974e+00 -1.01115871e-05 -1.83822920e-06
8.59212523e-03 -6.23367820e+00 5.91466475e+00 -1.01834557e-05 -1.81521476e-06
8.61672169e-03 -6.23144714e+00 5.91162705e+00 -1.02552669e-05 -1.79237836e-06
8.64142093e-03 -6.22920666e+00 5.90857640e+00 -1.03258560e-05 -1.76953212e-06
8.66622436e-03 -6.22695662e+00 5.90551261e+00 -1.03954940e-05 -1.74645912e-06
8.69113342e-03 -6.22469689e+00 5.90243560e+00 -1.04644353e-05 -1.72372619e-06
8.71614956e-03 -6.22242733e+00 5.89934532e+00 -1.05328258e-05 -1.70100961e-06
8.74127426e-03 -6.22014783e+00 5.89624174e+00 -1.06007599e-05 -1.67843708e-06
8.76650899e-03 -6.21785826e+00 5.89312474e+00 -1.06681310e-05 -1.65575449e-06
8.79185528e-03 -6.21555845e+00 5.88999411e+00 -1.07347452e-05 -1.63283170e-06
8.81731464e-03 -6.21324822e+00 5.88684956e+00 -1.08007046e-05 -1.60962475e-06
8.84288864e-03 -6.21092739e+00 5.88369075e+00 -1.08656562e-05 -1.58624732e-06
8.86857885e-03 -6.20859576e+00 5.88051738e+00 -1.09296787e-05 -1.56279166e-06
8.89438685e-03 -6.20625313e+00 5.87732915e+00 -1.09924697e-05 -1.53931322e-06
8.92031426e-03 -6.20389932e+00 5.87412579e+00 -1.10541329e-05 -1.51581829e-06
8.94636273e-03 -6.20153413e+00 5.87090701e+00 -1.11150219e-05 -1.49228363e-06
8.97253391e-03 -6.19915736e+00 5.86767256e+00 -1.11754983e-05 -1.46860655e-06
8.99882948e-03 -6.19676881e+00 5.86442218e+00 -1.12358176e-05 -1.44467470e-06
9.02525116e-03 -6.19436832e+00 5.86115568e+00 -1.12957385e-05 -1.42049451e-06
9.05180066e-03 -6.19195572e+00 5.85787290e+00 -1.13553988e-05 -1.39618608e-06
9.07847976e-03 -6.18953083e+00 5.85457367e+00 -1.14142999e-05 -1.37185825e-06
9.10529022e-03 -6.18709348e+00 5.85125782e+00 -1.14721250e-05 -1.34752122e-06
9.13223386e-03 -6.18464349e+00 5.84792510e+00 -1.15289143e-05 -1.32314759e-06
9.15931249e-03 -6.18218064e+00 5.84457526e+00 -1.15848995e-05 -1.29871351e-06
9.18652799e-03 -6.17970471e+00 5.84120800e+00 -1.16400574e-05 -1.27417496e-06
9.21388224e-03 -6.17721548e+00 5.83782298e+00 -1.16947064e-05 -1.24945263e-06
9.24137715e-03 -6.17471271e+00 5.83441984e+00 -1.17488005e-05 -1.22447017e-06
9.26901466e-03 -6.17219614e+00 5.83099822e+00 -1.18021951e-05 -1.19921004e-06
9.29679675e-03 -6.16966556e+00 5.82755776e+00 -1.18552643e-05 -1.17372946e-06
9.32472541e-03 -6.16712072e+00 5.82409817e+00 -1.19079327e-05 -1.14814031e-06
9.35280267e-03 -6.16456143e+00 5.82061925e+00 -1.19604025e-05 -1.12257052e-06
9.38103060e-03 -6.16198748e+00 5.81712089e+00 -1.20124482e-05 -1.09707531e-06
9.40941129e-03 -6.15939870e+00 5.81360294e+00 -1.20636214e-05 -1.07162467e-06
9.43794686e-03 -6.15679484e+00 5.81006515e+00 -1.21134653e-05 -1.04610488e-06
9.46663947e-03 -6.15417563e+00 5.80650710e+00 -1.21618677e-05 -1.02040357e-06
9.49549132e-03 -6.15154079e+00 5.80292826e+00 -1.22091972e-05 -9.94439565e-07
9.52450462e-03 -6.14889000e+00 5.79932810e+00 -1.22561487e-05 -9.68186164e-07
9.55368165e-03 -6.14622299e+00 5.79570618e+00 -1.23032775e-05 -9.41703494e-07
9.58302469e-03 -6.14353949e+00 5.79206223e+00 -1.23507025e-05 -9.15106365e-07
9.61253607e-03 -6.14083928e+00 5.78839607e+00 -1.23981168e-05 -8.88485702e-07
9.64221817e-03 -6.13812211e+00 5.78470748e+00 -1.24450396e-05 -8.61883001e-07
9.67207340e-03 -6.13538772e+00 5.78099617e+00 -1.24909529e-05 -8.35260053e-07
9.70210420e-03 -6.13263581e+00 5.77726175e+00 -1.25358867e-05 -8.08570889e-07
9.73231305e-03 -6.12986609e+00 5.77350378e+00 -1.25797565e-05 -7.81788104e-07
9.76270249e-03 -6.12707826e+00 5.76972185e+00 -1.26228774e-05 -7.54905873e-07
9.79327508e-03 -6.12427203e+00 5.76591561e+00 -1.26655411e-05 -7.27893886e-07
9.82403343e-03 -6.12144711e+00 5.76208470e+00 -1.27079189e-05 -7.00697109e-07
9.85498020e-03 -6.11860319e+00 5.75822874e+00 -1.27501516e-05 -6.73280692e-07
9.88611808e-03 -6.11573993e+00 5.75434727e+00 -1.27923018e-05 -6.45712302e-07
9.91744982e-03 -6.11285701e+00 5.75043986e+00 -1.28338545e-05 -6.18110180e-07
9.94897821e-03 -6.10995410e+00 5.74650611e+00 -1.28749005e-05 -5.90460563e-07
9.98070607e-03 -6.10703086e+00 5.74254564e+00 -1.29148789e-05 -5.62696525e-07
1.00126363e-02 -6.10408697e+00 5.73855805e+00 -1.29539612e-05 -5.34950445e-07
1.00447718e-02 -6.10112205e+00 5.73454280e+00 -1.29923479e-05 -5.07323307e-07
1.00771157e-02 -6.09813574e+00 5.73049931e+00 -1.30302554e-05 -4.79472640e-07
1.01096708e-02 -6.09512765e+00 5.72642701e+00 -1.30681906e-05 -4.50910695e-07
1.01424403e-02 -6.09209741e+00 5.72232547e+00 -1.31062830e-05 -4.21977616e-07
1.01754274e-02 -6.08904468e+00 5.71819439e+00 -1.31442343e-05 -3.94091719e-07
1.02086353e-02 -6.08596912e+00 5.71403347e+00 -1.31817402e-05 -3.67222471e-07
1.02420672e-02 -6.08287035e+00 5.70984229e+00 -1.32185222e-05 -3.38107225e-07
1.02757264e-02 -6.07974797e+00 5.70562027e+00 -1.32543167e-05 -3.06028859e-07
1.03096163e-02 -6.07660153e+00 5.70136672e+00 -1.32895553e-05 -2.77391096e-07
1.03437403e-02 -6.07343055e+00 5.69708096e+00 -1.33244530e-05 -2.54996388e-07
1.03781020e-02 -6.07023459e+00 5.69276248e+00 -1.33587792e-05 -2.29183043e-07
1.04127048e-02 -6.06701331e+00 5.68841087e+00 -1.33921816e-05 -1.90610574e-07
1.04475526e-02 -6.06376637e+00 5.68402576e+00 -1.34249556e-05 -1.47790177e-07
1.04826488e-02 -6.06049329e+00 5.67960669e+00 -1.34579865e-05 -1.29161716e-07
1.05179973e-02 -6.05719340e+00 5.67515304e+00 -1.34912520e-05 -1.40147366e-07
1.05536019e-02 -6.05386622e+00 5.67066386e+00 -1.35235412e-05 -1.07334528e-07
1.05894666e-02 -6.05051162e+00 5.66613837e+00 -1.35547907e-05 1.13532609e-08
1.06255953e-02 -6.04712915e+00 5.66157577e+00 -1.35868148e-05 5.86392670e-08
1.06619919e-02 -6.04371742e+00 5.65697543e+00 -1.36202215e-05 -7.39370015e-08
1.06986609e-02 -6.04027567e+00 5.65233711e+00 -1.36526533e-05 -1.20540664e-07
1.07356062e-02 -6.03680497e+00 5.64766087e+00 -1.36810360e-05 1.32584015e-07
1.07728320e-02 -6.03330579e+00 5.64294547e+00 -1.37075205e-05 3.90564609e-07
1.08103432e-02 -6.02977600e+00 5.63819024e+00 -1.37382403e-05 2.71152895e-07
1.08481440e-02 -6.02621247e+00 5.63339556e+00 -1.37735024e-05 -2.74565728e-07
1.08862379e-02 -6.02261407e+00 5.62855889e+00 -1.38009804e-05 -5.69479315e-07
1.09246312e-02 -6.01898600e+00 5.62367789e+00 -1.38173365e-05 7.46106293e-07
1.09633296e-02 -6.01533564e+00 5.61875541e+00 -1.38443400e-05 2.45768689e-06
1.10023330e-02 -6.01165006e+00 5.61379228e+00 -1.38929488e-05 -5.80085169e-08
1.10416482e-02 -6.00790231e+00 5.60877909e+00 -1.39271077e-05 -4.72573573e-06
1.10812897e-02 -6.00411469e+00 5.60371984e+00 -1.39235678e-05 -3.75956722e-07
1.11212526e-02 -6.00035053e+00 5.59862564e+00 -1.39363943e-05 1.00829410e-05
1.11615265e-02 -5.99657432e+00 5.59348222e+00 -1.40042965e-05 4.22960111e-06
1.12021472e-02 -5.99265553e+00 5.58827048e+00 -1.40532300e-05 -1.54276549e-05
1.12431409e-02 -5.98863085e+00 5.58302154e+00 -1.40254294e-05 -1.04934727e-05
1.12844385e-02 -5.98472466e+00 5.57775783e+00 -1.40139559e-05 2.14413491e-05
1.13260221e-02 -5.98092837e+00 5.57241753e+00 -1.40994075e-05 2.31466290e-05
1.13680664e-02 -5.97690760e+00 5.56697373e+00 -1.41786516e-05 -1.85790568e-05
1.14106022e-02 -5.97259510e+00 5.56150955e+00 -1.41468277e-05 -3.39779750e-05
1.14532450e-02 -5.96839791e+00 5.55608623e+00 -1.40932832e-05 9.53849534e-06
1.14959625e-02 -5.96450370e+00 5.55057890e+00 -1.41425405e-05 3.96437118e-05
1.15401524e-02 -5.96041380e+00 5.54481048e+00 -1.42444050e-05 4.74393154e-06
1.15882507e-02 -5.95563077e+00 5.53858985e+00 -1.42917118e-05 -2.52666382e-05
1.16421300e-02 -5.95024300e+00 5.53168458e+00 -1.42930329e-05 -1.03959192e-05
1.17024516e-02 -5.94442551e+00 5.52388760e+00 -1.42722137e-05 1.09498958e-05
1.17695441e-02 -5.93805285e+00 5.51513149e+00 -1.42476053e-05 1.32382661e-05
1.18441854e-02 -5.93085625e+00 5.50543202e+00 -1.42778955e-05 2.12161437e-06
1.19274077e-02 -5.92264969e+00 5.49460805e+00 -1.43707369e-05 -8.90652386e-06
1.20201657e-02 -5.91339386e+00 5.48251490e+00 -1.44513307e-05 -9.31611098e-06
1.21234592e-02 -5.90317420e+00 5.46896531e+00 -1.44517681e-05 3.20761207e-06
1.22384958e-02 -5.89201245e+00 5.45386100e+00 -1.44067522e-05 1.67936882e-05
1.23666304e-02 -5.87962727e+00 5.43701247e+00 -1.43998940e-05 1.52979882e-05
1.25093197e-02 -5.86550840e+00 5.41808287e+00 -1.45134555e-05 1.87573423e-06
1.26681832e-02 -5.84941003e+00 5.39699077e+00 -1.46535949e-05 -5.98257321e-06
1.28450377e-02 -5.83136219e+00 5.37344066e+00 -1.47632688e-05 -5.49944206e-06
1.30418887e-02 -5.81124291e+00 5.34701414e+00 -1.48416518e-05 -3.22270441e-06
1.32609484e-02 -5.78876305e+00 5.31745270e+00 -1.48664940e-05 -5.64223746e-07
1.35046690e-02 -5.76358307e+00 5.28435137e+00 -1.48806473e-05 2.18832146e-06
1.37757612e-02 -5.73531844e+00 5.24725152e+00 -1.49093957e-05 4.02769238e-06
1.40772124e-02 -5.70353859e+00 5.20568080e+00 -1.49630643e-05 4.34877882e-06
1.44123137e-02 -5.66777191e+00 5.15906353e+00 -1.50325542e-05 3.35942883e-06
1.47846891e-02 -5.62750949e+00 5.10678024e+00 -1.51039110e-05 1.96357256e-06
1.51983261e-02 -5.58219235e+00 5.04812727e+00 -1.51686967e-05 1.03916164e-06
1.56576088e-02 -5.53119150e+00 4.98231907e+00 -1.52274701e-05 9.56572400e-07
1.61673481e-02 -5.47379530e+00 4.90849687e+00 -1.52865419e-05 1.51691945e-06
1.67328113e-02 -5.40921072e+00 4.82571665e+00 -1.53512497e-05 2.23901418e-06
1.73597553e-02 -5.33657593e+00 4.73296430e+00 -1.54223539e-05 2.70434193e-06
1.80544657e-02 -5.25497671e+00 4.62915963e+00 -1.54993693e-05 2.75684964e-06
