VARIABLES="Y/c","convection","viscous",pressure gradient",Reynolds stress"
0.00000000e+00 0.00000000e+00 1.31388590e+01 3.52447538e+00 -1.11770169e+01
1.10109387e-06 5.02935490e-02 1.31387123e+01 -6.18395171e+00 -6.62674677e+00
2.24303857e-06 2.61396978e-01 1.31370191e+01 -1.64358391e+01 2.61995776e+00
3.42721456e-06 5.88598707e-01 1.31333868e+01 -3.50351704e+01 2.22044440e+01
4.65503759e-06 1.09056015e+00 1.31255624e+01 -5.30972190e+01 3.85267400e+01
5.92795857e-06 1.72793612e+00 1.31131426e+01 -6.76655898e+01 5.35841055e+01
7.24746330e-06 2.53057339e+00 1.30949935e+01 -7.70760347e+01 6.14456982e+01
8.61507214e-06 3.45505169e+00 1.30710504e+01 -8.13580484e+01 6.55269455e+01
1.00323394e-05 4.50919784e+00 1.30411140e+01 -8.26379334e+01 6.53234822e+01
1.15008528e-05 5.65438891e+00 1.30054088e+01 -8.13795555e+01 6.32348580e+01
1.30222324e-05 6.88849605e+00 1.29642083e+01 -7.92398454e+01 5.97499363e+01
1.45981296e-05 8.18500261e+00 1.29177490e+01 -7.64594536e+01 5.57545135e+01
1.62302260e-05 9.53961122e+00 1.28664514e+01 -7.36145334e+01 5.15436453e+01
1.79202319e-05 1.09356633e+01 1.28106294e+01 -7.06744791e+01 4.72696117e+01
1.96698841e-05 1.23668246e+01 1.27508751e+01 -6.78555101e+01 4.30320929e+01
2.14809444e-05 1.38199114e+01 1.26876269e+01 -6.50321583e+01 3.88083468e+01
2.33551968e-05 1.52830041e+01 1.26214651e+01 -6.22829654e+01 3.46340614e+01
2.52944453e-05 1.67418491e+01 1.25526873e+01 -5.95687947e+01 3.05137108e+01
2.73005104e-05 1.81795152e+01 1.24815961e+01 -5.69353470e+01 2.64941034e+01
2.93752258e-05 1.95793560e+01 1.24084171e+01 -5.44075067e+01 2.26287818e+01
3.15204345e-05 2.09210044e+01 1.23336554e+01 -5.20315037e+01 1.89779862e+01
3.37379848e-05 2.21863013e+01 1.22578598e+01 -4.98491995e+01 1.56016285e+01
3.60297249e-05 2.33534444e+01 1.21816665e+01 -4.78904785e+01 1.25497118e+01
3.83974982e-05 2.44062124e+01 1.21055212e+01 -4.61817123e+01 9.85858049e+00
4.08431368e-05 2.53311165e+01 1.20299089e+01 -4.47225211e+01 7.54763760e+00
4.33684554e-05 2.61245664e+01 1.19552853e+01 -4.35100459e+01 5.61582264e+00
4.59752437e-05 2.67835209e+01 1.18822791e+01 -4.25224824e+01 4.04272234e+00
4.86652588e-05 2.73095596e+01 1.18116550e+01 -4.17241296e+01 2.79067102e+00
5.14402165e-05 2.77022897e+01 1.17443049e+01 -4.10776288e+01 1.81762722e+00
5.43017816e-05 2.79633803e+01 1.16804862e+01 -4.05384373e+01 1.08344364e+00
5.72515575e-05 2.80947009e+01 1.16197724e+01 -4.00778607e+01 5.52317609e-01
6.02910752e-05 2.81042624e+01 1.15611890e+01 -3.96588153e+01 1.84069327e-01
6.34217807e-05 2.79988950e+01 1.15039538e+01 -3.92509838e+01 -6.07758962e-02
6.66450216e-05 2.77899614e+01 1.14473816e+01 -3.88297077e+01 -2.14314716e-01
6.99620330e-05 2.74887219e+01 1.13911708e+01 -3.83890384e+01 -2.99004630e-01
7.33739211e-05 2.71014904e+01 1.13349979e+01 -3.79173944e+01 -3.29669976e-01
7.68816471e-05 2.66313725e+01 1.12789929e+01 -3.74005522e+01 -3.26146982e-01
8.04860081e-05 2.60833964e+01 1.12231244e+01 -3.68213166e+01 -2.96722870e-01
8.41876176e-05 2.54521570e+01 1.11679821e+01 -3.61783881e+01 -2.50170412e-01
8.79868889e-05 2.47270515e+01 1.11146535e+01 -3.54618135e+01 -1.89631070e-01
9.18846600e-05 2.39130688e+01 1.10647707e+01 -3.46683144e+01 -1.16288935e-01
9.58830637e-05 2.30177379e+01 1.10179955e+01 -3.37925039e+01 -4.98025943e-02
9.99846590e-05 2.20360712e+01 1.09730892e+01 -3.28288175e+01 1.68572384e-02
1.04192267e-04 2.09606567e+01 1.09281237e+01 -3.17752792e+01 8.67286729e-02
1.08509115e-04 1.97871681e+01 1.08813919e+01 -3.06149298e+01 1.52949490e-01
1.12938840e-04 1.85274745e+01 1.08320656e+01 -2.93706911e+01 2.22772209e-01
1.17485586e-04 1.71908150e+01 1.07791320e+01 -2.80492584e+01 2.92550638e-01
1.22154139e-04 1.57599924e+01 1.07236114e+01 -2.66167189e+01 3.55106984e-01
1.26949989e-04 1.42184432e+01 1.06674067e+01 -2.50674712e+01 4.11866430e-01
1.31879383e-04 1.25559605e+01 1.06138925e+01 -2.34038755e+01 4.69403478e-01
1.36949586e-04 1.07600803e+01 1.05633676e+01 -2.16177739e+01 5.30000593e-01
1.42169119e-04 8.83007368e+00 1.05161830e+01 -1.96876474e+01 5.87045432e-01
1.47547636e-04 6.75494464e+00 1.04725672e+01 -1.76095669e+01 6.41492316e-01
1.53095991e-04 4.51842053e+00 1.04350558e+01 -1.53939937e+01 7.03590946e-01
1.58827133e-04 2.14075077e+00 1.04036336e+01 -1.30466744e+01 7.71120840e-01
1.64756563e-04 -3.84817509e-01 1.03785806e+01 -1.05602007e+01 8.39872404e-01
1.70900334e-04 -3.10105325e+00 1.03580449e+01 -7.89076845e+00 9.16119365e-01
1.77271675e-04 -5.98252325e+00 1.03419480e+01 -5.07817198e+00 9.96266970e-01
1.83879820e-04 -9.03778829e+00 1.03258979e+01 -2.07094714e+00 1.07541430e+00
1.90732073e-04 -1.23083164e+01 1.03076460e+01 1.14108458e+00 1.16166906e+00
1.97836145e-04 -1.57095711e+01 1.02906167e+01 4.45966085e+00 1.25577510e+00
2.05200467e-04 -1.91924966e+01 1.02725247e+01 7.87498363e+00 1.35648017e+00
2.12833509e-04 -2.27675046e+01 1.02624654e+01 1.13481255e+01 1.46255681e+00
2.20743682e-04 -2.64444646e+01 1.02605481e+01 1.49307539e+01 1.56599428e+00
2.28939607e-04 -3.02599626e+01 1.02615651e+01 1.86478816e+01 1.66977698e+00
2.37430130e-04 -3.41516767e+01 1.02667603e+01 2.24160483e+01 1.77554981e+00
2.46224237e-04 -3.80355984e+01 1.02771565e+01 2.61973724e+01 1.87734414e+00
2.55331031e-04 -4.18509614e+01 1.02826372e+01 2.99072511e+01 1.97543497e+00
2.64759512e-04 -4.55463755e+01 1.02797669e+01 3.35131006e+01 2.06647150e+00
2.74518254e-04 -4.91110134e+01 1.02777031e+01 3.70045058e+01 2.14807277e+00
2.84615347e-04 -5.24157813e+01 1.02946771e+01 4.02130502e+01 2.22169334e+00
2.95058576e-04 -5.53008702e+01 1.03247982e+01 4.30080381e+01 2.28043773e+00
3.05855530e-04 -5.77395486e+01 1.03510697e+01 4.53813389e+01 2.31987690e+00
3.17013547e-04 -5.96524390e+01 1.03700125e+01 4.72507293e+01 2.34285601e+00
3.28539645e-04 -6.08558971e+01 1.03859376e+01 4.84285843e+01 2.34316995e+00
3.40440398e-04 -6.13014819e+01 1.04080647e+01 4.88814793e+01 2.31019389e+00
3.52721809e-04 -6.10736783e+01 1.04428965e+01 4.86810288e+01 2.24640489e+00
3.65389495e-04 -6.01159452e+01 1.04944445e+01 4.77456136e+01 2.15869374e+00
3.78449136e-04 -5.84208346e+01 1.05374502e+01 4.61108004e+01 2.04715751e+00
3.91906659e-04 -5.61353114e+01 1.05653785e+01 4.39274925e+01 1.91174832e+00
4.05767912e-04 -5.32286741e+01 1.05927061e+01 4.11323966e+01 1.75456132e+00
4.20038287e-04 -4.97249804e+01 1.06338694e+01 3.77573167e+01 1.57958878e+00
4.34722557e-04 -4.58177450e+01 1.06827687e+01 3.39707036e+01 1.39198463e+00
4.49824837e-04 -4.16872376e+01 1.07354244e+01 2.99657661e+01 1.19562271e+00
4.65348613e-04 -3.75417585e+01 1.08042953e+01 2.59408128e+01 9.99510300e-01
4.81296717e-04 -3.35399296e+01 1.08869974e+01 2.20170945e+01 8.16082447e-01
4.97671323e-04 -2.97958813e+01 1.09761971e+01 1.83352555e+01 6.50361088e-01
5.14474514e-04 -2.63675603e+01 1.10682616e+01 1.49482382e+01 5.03294853e-01
5.31708483e-04 -2.32909958e+01 1.11671517e+01 1.18798695e+01 3.77307605e-01
5.49374167e-04 -2.06952074e+01 1.12718504e+01 9.27187755e+00 2.73849361e-01
5.67471018e-04 -1.86082439e+01 1.13797844e+01 7.14146520e+00 1.92236557e-01
5.85999240e-04 -1.69496319e+01 1.14839605e+01 5.43020045e+00 1.30370051e-01
6.04958420e-04 -1.56718058e+01 1.15773645e+01 4.09275542e+00 8.56368791e-02
6.24343513e-04 -1.47000922e+01 1.16643138e+01 3.05419367e+00 5.47087940e-02
6.44150466e-04 -1.39672915e+01 1.17448533e+01 2.25388680e+00 3.37397223e-02
6.64383690e-04 -1.34524639e+01 1.18128832e+01 1.67897346e+00 1.99319611e-02
6.85042682e-04 -1.31031882e+01 1.18705600e+01 1.27405744e+00 1.14254211e-02
7.06109870e-04 -1.28628650e+01 1.19167832e+01 9.86735797e-01 6.38139150e-03
7.27579810e-04 -1.27098592e+01 1.19542944e+01 7.96977097e-01 3.42097754e-03
7.49481182e-04 -1.26129787e+01 1.19843979e+01 6.65343299e-01 1.77324316e-03
7.71810991e-04 -1.25455910e+01 1.20054083e+01 5.75798069e-01 8.26643858e-04
7.94449568e-04 -1.25007783e+01 1.20195815e+01 5.13708219e-01 2.97076006e-04
8.17206434e-04 -1.24677422e+01 1.20283590e+01 4.69059818e-01 1.34316017e-04
8.39962178e-04 -1.24386016e+01 1.20329409e+01 4.32546481e-01 1.44310443e-04
8.62716323e-04 -1.24128986e+01 1.20339504e+01 4.02153268e-01 6.63410210e-05
8.85502386e-04 -1.23889645e+01 1.20322679e+01 3.78080178e-01 -2.00890552e-05
9.08319513e-04 -1.23648609e+01 1.20283499e+01 3.55392298e-01 5.32169490e-05
9.31152879e-04 -1.23406800e+01 1.20225775e+01 3.33896938e-01 9.77756458e-05
9.54003714e-04 -1.23165261e+01 1.20152777e+01 3.15248262e-01 1.48759125e-05
9.76878378e-04 -1.22926334e+01 1.20066155e+01 2.97399480e-01 -1.93950545e-05
9.99775088e-04 -1.22687241e+01 1.19967861e+01 2.80638073e-01 2.89379142e-05
1.02269087e-03 -1.22446245e+01 1.19858936e+01 2.65214775e-01 3.93399736e-05
1.04562672e-03 -1.22205099e+01 1.19740647e+01 2.50626669e-01 1.53675280e-05
1.06858330e-03 -1.21964157e+01 1.19613623e+01 2.36827010e-01 1.48626899e-05
1.09155958e-03 -1.21722663e+01 1.19478733e+01 2.23858991e-01 2.16811357e-05
1.11455508e-03 -1.21480891e+01 1.19336460e+01 2.11669236e-01 1.66399345e-05
1.13756997e-03 -1.21238841e+01 1.19187382e+01 2.00098940e-01 1.02914464e-05
1.16060396e-03 -1.20996508e+01 1.19031903e+01 1.89167764e-01 7.75806698e-06
1.18365666e-03 -1.20753889e+01 1.18870424e+01 1.78831239e-01 3.83355150e-06
1.20672800e-03 -1.20510979e+01 1.18703301e+01 1.69049352e-01 -1.84321889e-06
1.22981783e-03 -1.20267795e+01 1.18530827e+01 1.59777732e-01 -6.69205374e-06
1.25292594e-03 -1.20024344e+01 1.18353297e+01 1.51001005e-01 -1.03858461e-05
1.27605215e-03 -1.19780631e+01 1.18170944e+01 1.42689575e-01 -1.30757691e-05
1.29919630e-03 -1.19536650e+01 1.17984009e+01 1.34815095e-01 -1.40198559e-05
1.32235820e-03 -1.19292400e+01 1.17792688e+01 1.27357699e-01 -1.28190420e-05
1.34553768e-03 -1.19047859e+01 1.17597179e+01 1.20293758e-01 -9.70062963e-06
1.36873455e-03 -1.18803014e+01 1.17397663e+01 1.13604532e-01 -5.08391997e-06
1.39194865e-03 -1.18557829e+01 1.17194299e+01 1.07267648e-01 4.11254221e-07
1.41517978e-03 -1.18312284e+01 1.16987248e+01 1.01267306e-01 5.97582114e-06
1.43842777e-03 -1.18066343e+01 1.16776643e+01 9.55840792e-02 1.08315745e-05
1.46169243e-03 -1.17819986e+01 1.16562630e+01 9.02031990e-02 1.43991773e-05
1.48497358e-03 -1.17573188e+01 1.16345322e+01 8.51084772e-02 1.63658312e-05
1.50827104e-03 -1.17325938e+01 1.16124849e+01 8.02865313e-02 1.67279225e-05
1.53158461e-03 -1.17078222e+01 1.15901313e+01 7.57236040e-02 1.57443249e-05
1.55491412e-03 -1.16830032e+01 1.15674828e+01 7.14073561e-02 1.38419938e-05
1.57825938e-03 -1.16581357e+01 1.15445484e+01 6.73257247e-02 1.14925964e-05
1.60162020e-03 -1.16332183e+01 1.15213378e+01 6.34671405e-02 9.11310861e-06
1.62499640e-03 -1.16082498e+01 1.14978595e+01 5.98206335e-02 6.99627798e-06
1.64838778e-03 -1.15832285e+01 1.14741221e+01 5.63754073e-02 5.29237706e-06
1.67179418e-03 -1.15581529e+01 1.14501341e+01 5.31213687e-02 4.02698488e-06
1.69521540e-03 -1.15330208e+01 1.14259028e+01 5.00485717e-02 3.14438679e-06
1.71865126e-03 -1.15078304e+01 1.14014352e+01 4.71477582e-02 2.55171481e-06
1.74210158e-03 -1.14825797e+01 1.13767376e+01 4.44098985e-02 2.15448630e-06
1.76556617e-03 -1.14572669e+01 1.13518167e+01 4.18265577e-02 1.87857699e-06
1.78904484e-03 -1.14318906e+01 1.13266788e+01 3.93895911e-02 1.67510840e-06
1.81253741e-03 -1.14064494e+01 1.13013306e+01 3.70913212e-02 1.51577592e-06
1.83604369e-03 -1.13809420e+01 1.12757781e+01 3.49243812e-02 1.38556958e-06
1.85956350e-03 -1.13553670e+01 1.12500267e+01 3.28817819e-02 1.27750074e-06
1.88309665e-03 -1.13297234e+01 1.12240816e+01 3.09568599e-02 1.18577907e-06
1.90664295e-03 -1.13040099e+01 1.11979479e+01 2.91432705e-02 1.10449570e-06
1.93020220e-03 -1.12782257e+01 1.11716308e+01 2.74349815e-02 1.02949117e-06
1.95377423e-03 -1.12523702e+01 1.11451355e+01 2.58262450e-02 9.59103171e-07
1.97735885e-03 -1.12264427e+01 1.11184672e+01 2.43116069e-02 8.92696630e-07
2.00095586e-03 -1.12004428e+01 1.10916306e+01 2.28858728e-02 8.30585886e-07
2.02456507e-03 -1.11743699e+01 1.10646298e+01 2.15441151e-02 7.73329066e-07
2.04818630e-03 -1.11482236e+01 1.10374691e+01 2.02816451e-02 7.20286552e-07
2.07181935e-03 -1.11220038e+01 1.10101526e+01 1.90940149e-02 6.70365205e-07
2.09546403e-03 -1.10957105e+01 1.09826852e+01 1.79770012e-02 6.23555289e-07
2.11912015e-03 -1.10693442e+01 1.09550716e+01 1.69266037e-02 5.80052154e-07
2.14278752e-03 -1.10429052e+01 1.09273163e+01 1.59390279e-02 5.39246083e-07
2.16646595e-03 -1.10163939e+01 1.08994236e+01 1.50106758e-02 5.00753964e-07
2.19015524e-03 -1.09898107e+01 1.08713973e+01 1.41381371e-02 4.64692623e-07
2.21385520e-03 -1.09631563e+01 1.08432413e+01 1.33181805e-02 4.31120873e-07
2.23756563e-03 -1.09364314e+01 1.08149593e+01 1.25477482e-02 3.99955155e-07
2.26128635e-03 -1.09096370e+01 1.07865556e+01 1.18239483e-02 3.71032291e-07
2.28501716e-03 -1.08827743e+01 1.07580344e+01 1.11440462e-02 3.43697053e-07
2.30875787e-03 -1.08558446e+01 1.07294001e+01 1.05054556e-02 3.17458021e-07
2.33250827e-03 -1.08288491e+01 1.07006566e+01 9.90573207e-03 2.92840425e-07
2.35626818e-03 -1.08017893e+01 1.06718077e+01 9.34256564e-03 2.70406225e-07
2.38003740e-03 -1.07746666e+01 1.06428572e+01 8.81377443e-03 2.49678756e-07
2.40381574e-03 -1.07474828e+01 1.06138090e+01 8.31729798e-03 2.29793636e-07
2.42760300e-03 -1.07202398e+01 1.05846674e+01 7.85119213e-03 2.10462165e-07
2.45139897e-03 -1.06929394e+01 1.05554367e+01 7.41362326e-03 1.92091134e-07
2.47520348e-03 -1.06655836e+01 1.05261207e+01 7.00286253e-03 1.75099109e-07
2.49901631e-03 -1.06381746e+01 1.04967234e+01 6.61727911e-03 1.59310707e-07
2.52283728e-03 -1.06107144e+01 1.04672485e+01 6.25533664e-03 1.44199072e-07
2.54666619e-03 -1.05832054e+01 1.04376999e+01 5.91558674e-03 1.29695536e-07
2.57050283e-03 -1.05556497e+01 1.04080814e+01 5.59666630e-03 1.16205601e-07
2.59434701e-03 -1.05280498e+01 1.03783968e+01 5.29729134e-03 1.03763132e-07
2.61819853e-03 -1.05004082e+01 1.03486500e+01 5.01625416e-03 9.17118040e-08
2.64205720e-03 -1.04727274e+01 1.03188451e+01 4.75241793e-03 7.95572150e-08
2.66592281e-03 -1.04450103e+01 1.02889865e+01 4.50471347e-03 6.75649180e-08
2.68979518e-03 -1.04172596e+01 1.02590780e+01 4.27213603e-03 5.62540537e-08
2.71367408e-03 -1.03894780e+01 1.02291235e+01 4.05374071e-03 4.56824510e-08
2.73755934e-03 -1.03616681e+01 1.01991266e+01 3.84863892e-03 3.54861188e-08
2.76145074e-03 -1.03338328e+01 1.01690910e+01 3.65599606e-03 2.54518696e-08
2.78534810e-03 -1.03059750e+01 1.01390205e+01 3.47502846e-03 1.57263084e-08
2.80925120e-03 -1.02780975e+01 1.01089191e+01 3.30500009e-03 6.36014158e-09
2.83315986e-03 -1.02502036e+01 1.00787908e+01 3.14522052e-03 -2.89225438e-09
2.85707386e-03 -1.02222960e+01 1.00486394e+01 2.99504148e-03 -1.21561082e-08
2.88099301e-03 -1.01943777e+01 1.00184684e+01 2.85385505e-03 -2.12285767e-08
2.90491711e-03 -1.01664519e+01 9.98828163e+00 2.72109069e-03 -2.99585109e-08
2.92884596e-03 -1.01385214e+01 9.95808269e+00 2.59621405e-03 -3.85277705e-08
2.95277935e-03 -1.01105895e+01 9.92787538e+00 2.47872329e-03 -4.71545789e-08
2.97671709e-03 -1.00826590e+01 9.89766343e+00 2.36814854e-03 -5.57670158e-08
3.00065897e-03 -1.00547332e+01 9.86745043e+00 2.26404873e-03 -6.41877186e-08
3.02460480e-03 -1.00268151e+01 9.83723988e+00 2.16601185e-03 -7.25054968e-08
3.04855436e-03 -9.99890761e+00 9.80703536e+00 2.07365124e-03 -8.07778399e-08
3.07250747e-03 -9.97101401e+00 9.77684056e+00 1.98660362e-03 -8.90736212e-08
3.09646391e-03 -9.94313736e+00 9.74665919e+00 1.90453210e-03 -9.78255796e-08
3.12042349e-03 -9.91528070e+00 9.71649471e+00 1.82712091e-03 -1.06957966e-07
3.14438601e-03 -9.88744697e+00 9.68635028e+00 1.75407213e-03 -1.14958353e-07
3.16835125e-03 -9.85963909e+00 9.65622898e+00 1.68510123e-03 -1.21786883e-07
3.19231903e-03 -9.83186004e+00 9.62613409e+00 1.61995628e-03 -1.30796295e-07
3.21628913e-03 -9.80411282e+00 9.59606910e+00 1.55840011e-03 -1.42746471e-07
3.24026136e-03 -9.77640047e+00 9.56603755e+00 1.50019311e-03 -1.49498485e-07
3.26423551e-03 -9.74872595e+00 9.53604280e+00 1.44510357e-03 -1.51354814e-07
3.28821138e-03 -9.72109216e+00 9.50608794e+00 1.39298064e-03 -1.61701931e-07
3.31218877e-03 -9.69350183e+00 9.47617595e+00 1.34367137e-03 -1.84265233e-07
3.33616747e-03 -9.66595773e+00 9.44630980e+00 1.29687509e-03 -1.92268788e-07
3.36014729e-03 -9.63846270e+00 9.41649254e+00 1.25243657e-03 -1.87294466e-07
3.38412801e-03 -9.61101954e+00 9.38672709e+00 1.21034370e-03 -1.98779083e-07
3.40810944e-03 -9.58363083e+00 9.35701623e+00 1.17040958e-03 -2.12135439e-07
3.43209138e-03 -9.55629917e+00 9.32736276e+00 1.13244055e-03 -2.20590310e-07
3.45607362e-03 -9.52902723e+00 9.29776956e+00 1.09632907e-03 -2.30449516e-07
3.48005596e-03 -9.50181762e+00 9.26823947e+00 1.06197945e-03 -2.39580222e-07
3.50403819e-03 -9.47467285e+00 9.23877513e+00 1.02928634e-03 -2.49601501e-07
3.52802011e-03 -9.44759535e+00 9.20937902e+00 9.98134555e-04 -2.59269739e-07
3.55200153e-03 -9.42058748e+00 9.18005362e+00 9.68435000e-04 -2.68870204e-07
3.57598223e-03 -9.39365162e+00 9.15080141e+00 9.40101423e-04 -2.78612699e-07
3.59996202e-03 -9.36679007e+00 9.12162480e+00 9.13052130e-04 -2.88534370e-07
3.62394069e-03 -9.34000508e+00 9.09252612e+00 8.87208437e-04 -2.98479821e-07
3.64791804e-03 -9.31329890e+00 9.06350775e+00 8.62499264e-04 -3.08530102e-07
3.67189386e-03 -9.28667371e+00 9.03457205e+00 8.38857899e-04 -3.18754419e-07
3.69586796e-03 -9.26013162e+00 9.00572126e+00 8.16221818e-04 -3.29095659e-07
3.71984013e-03 -9.23367469e+00 8.97695753e+00 7.94532935e-04 -3.39488867e-07
3.74381018e-03 -9.20730491e+00 8.94828296e+00 7.73736892e-04 -3.49905959e-07
3.76777788e-03 -9.18102423e+00 8.91969954e+00 7.53783474e-04 -3.60325513e-07
3.79174305e-03 -9.15483448e+00 8.89120905e+00 7.34624220e-04 -3.70703516e-07
3.81570549e-03 -9.12873744e+00 8.86281321e+00 7.16214568e-04 -3.81072378e-07
3.83966498e-03 -9.10273485e+00 8.83451374e+00 6.98511985e-04 -3.91467676e-07
3.86362133e-03 -9.07682845e+00 8.80631247e+00 6.81478114e-04 -4.01931655e-07
3.88757434e-03 -9.05101994e+00 8.77821130e+00 6.65076617e-04 -4.12555702e-07
3.91152380e-03 -9.02531102e+00 8.75021211e+00 6.49274319e-04 -4.23354950e-07
3.93546952e-03 -8.99970325e+00 8.72231659e+00 6.34039852e-04 -4.34202298e-07
3.95941128e-03 -8.97419811e+00 8.69452621e+00 6.19343572e-04 -4.44959173e-07
3.98334890e-03 -8.94879701e+00 8.66684237e+00 6.05157963e-04 -4.55644473e-07
4.00728216e-03 -8.92350136e+00 8.63926655e+00 5.91456621e-04 -4.66403774e-07
4.03121087e-03 -8.89831254e+00 8.61180023e+00 5.78214788e-04 -4.77251374e-07
4.05513483e-03 -8.87323180e+00 8.58444470e+00 5.65409516e-04 -4.88028794e-07
4.07905383e-03 -8.84826031e+00 8.55720093e+00 5.53018790e-04 -4.98584293e-07
4.10296768e-03 -8.82339916e+00 8.53006988e+00 5.41022677e-04 -5.08938964e-07
4.12687617e-03 -8.79864948e+00 8.50305268e+00 5.29402687e-04 -5.19300693e-07
4.15077910e-03 -8.77401240e+00 8.47615065e+00 5.18141583e-04 -5.29842383e-07
4.17467628e-03 -8.74948903e+00 8.44936510e+00 5.07223714e-04 -5.40536623e-07
4.19856750e-03 -8.72508038e+00 8.42269719e+00 4.96633158e-04 -5.51207705e-07
4.22245256e-03 -8.70078737e+00 8.39614783e+00 4.86355127e-04 -5.61701475e-07
4.24633127e-03 -8.67661083e+00 8.36971778e+00 4.76375472e-04 -5.71993777e-07
4.27020342e-03 -8.65255154e+00 8.34340770e+00 4.66681084e-04 -5.82117584e-07
4.29406882e-03 -8.62861022e+00 8.31721826e+00 4.57259903e-04 -5.92136384e-07
4.31792727e-03 -8.60478759e+00 8.29115020e+00 4.48101054e-04 -6.02110886e-07
4.34177857e-03 -8.58108440e+00 8.26520439e+00 4.39193495e-04 -6.12093201e-07
4.36562251e-03 -8.55750138e+00 8.23938176e+00 4.30527307e-04 -6.22107677e-07
4.38945891e-03 -8.53403917e+00 8.21368308e+00 4.22092787e-04 -6.32130505e-07
4.41328756e-03 -8.51069833e+00 8.18810893e+00 4.13880823e-04 -6.42099797e-07
4.43710826e-03 -8.48747933e+00 8.16265970e+00 4.05883438e-04 -6.51963056e-07
4.46092083e-03 -8.46438255e+00 8.13733565e+00 3.98092361e-04 -6.61720018e-07
4.48472506e-03 -8.44140835e+00 8.11213699e+00 3.90499839e-04 -6.71537855e-07
4.50852075e-03 -8.41855710e+00 8.08706400e+00 3.83098309e-04 -6.81666399e-07
4.53230771e-03 -8.39582919e+00 8.06211723e+00 3.75881002e-04 -6.92270372e-07
4.55608574e-03 -8.37322505e+00 8.03729737e+00 3.68841617e-04 -7.03236205e-07
4.57985465e-03 -8.35074504e+00 8.01260499e+00 3.61974772e-04 -7.14147329e-07
4.60361424e-03 -8.32838937e+00 7.98804033e+00 3.55274442e-04 -7.24545548e-07
4.62736431e-03 -8.30615817e+00 7.96360331e+00 3.48735007e-04 -7.34148253e-07
4.65110468e-03 -8.28405147e+00 7.93929374e+00 3.42350718e-04 -7.42864981e-07
4.67483514e-03 -8.26206938e+00 7.91511162e+00 3.36116005e-04 -7.50773520e-07
4.69855550e-03 -8.24021201e+00 7.89105714e+00 3.30026295e-04 -7.58054446e-07
4.72226556e-03 -8.21847950e+00 7.86713063e+00 3.24077496e-04 -7.64948674e-07
4.74596514e-03 -8.19687196e+00 7.84333235e+00 3.18265197e-04 -7.71641252e-07
4.76965404e-03 -8.17538938e+00 7.81966232e+00 3.12585598e-04 -7.78244842e-07
4.79333206e-03 -8.15403169e+00 7.79612032e+00 3.07034375e-04 -7.84804493e-07
4.81699902e-03 -8.13279871e+00 7.77270602e+00 3.01607537e-04 -7.91390114e-07
4.84065472e-03 -8.11169032e+00 7.74941917e+00 2.96301334e-04 -7.98171949e-07
4.86429897e-03 -8.09070641e+00 7.72625973e+00 2.91112398e-04 -8.05327383e-07
4.88793158e-03 -8.06984695e+00 7.70322788e+00 2.86038018e-04 -8.12880274e-07
4.91155235e-03 -8.04911188e+00 7.68032385e+00 2.81075076e-04 -8.20593438e-07
4.93516110e-03 -8.02850107e+00 7.65754763e+00 2.76220221e-04 -8.28102182e-07
4.95875763e-03 -8.00801425e+00 7.63489888e+00 2.71470569e-04 -8.35131408e-07
4.98234176e-03 -7.98765107e+00 7.61237698e+00 2.66822659e-04 -8.41581635e-07
5.00591330e-03 -7.96741113e+00 7.58998126e+00 2.62273320e-04 -8.47535846e-07
5.02947206e-03 -7.94729410e+00 7.56771128e+00 2.57820269e-04 -8.53216177e-07
5.05301784e-03 -7.92729974e+00 7.54556693e+00 2.53460683e-04 -8.58870975e-07
5.07655046e-03 -7.90742785e+00 7.52354838e+00 2.49193060e-04 -8.64612518e-07
5.10006973e-03 -7.88767821e+00 7.50165567e+00 2.45015174e-04 -8.70338923e-07
5.12357547e-03 -7.86805046e+00 7.47988854e+00 2.40925004e-04 -8.75773429e-07
5.14706749e-03 -7.84854416e+00 7.45824635e+00 2.36920398e-04 -8.80693075e-07
5.17054559e-03 -7.82915876e+00 7.43672826e+00 2.32998602e-04 -8.85080430e-07
5.19400961e-03 -7.80989375e+00 7.41533353e+00 2.29156907e-04 -8.89161887e-07
5.21745934e-03 -7.79074870e+00 7.39406175e+00 2.25393276e-04 -8.93194357e-07
5.24089460e-03 -7.77172325e+00 7.37291282e+00 2.21705812e-04 -8.97296424e-07
5.26431522e-03 -7.75281704e+00 7.35188666e+00 2.18093181e-04 -9.01357185e-07
5.28772100e-03 -7.73402964e+00 7.33098294e+00 2.14553817e-04 -9.05184614e-07
5.31111177e-03 -7.71536050e+00 7.31020098e+00 2.11085986e-04 -9.08606455e-07
5.33448734e-03 -7.69680900e+00 7.28953994e+00 2.07687598e-04 -9.11587653e-07
5.35784752e-03 -7.67837454e+00 7.26899908e+00 2.04357127e-04 -9.14252785e-07
5.38119214e-03 -7.66005662e+00 7.24857795e+00 2.01092906e-04 -9.16796537e-07
5.40452101e-03 -7.64185476e+00 7.22827626e+00 1.97893411e-04 -9.19311792e-07
5.42783395e-03 -7.62376845e+00 7.20809362e+00 1.94757392e-04 -9.21682334e-07
5.45113079e-03 -7.60579711e+00 7.18802943e+00 1.91683012e-04 -9.23737219e-07
5.47441134e-03 -7.58794012e+00 7.16808298e+00 1.88668783e-04 -9.25473674e-07
5.49767542e-03 -7.57019689e+00 7.14825369e+00 1.85713298e-04 -9.27064983e-07
5.52092285e-03 -7.55256686e+00 7.12854111e+00 1.82815519e-04 -9.28585172e-07
5.54415346e-03 -7.53504947e+00 7.10894474e+00 1.79974231e-04 -9.29865716e-07
5.56736707e-03 -7.51764406e+00 7.08946390e+00 1.77188096e-04 -9.30680636e-07
5.59056350e-03 -7.50034993e+00 7.07009768e+00 1.74455998e-04 -9.31078162e-07
5.61374257e-03 -7.48316636e+00 7.05084518e+00 1.71776159e-04 -9.31306012e-07
5.63690410e-03 -7.46609268e+00 7.03170569e+00 1.69147190e-04 -9.31338164e-07
5.66004793e-03 -7.44912833e+00 7.01267880e+00 1.66568299e-04 -9.30870861e-07
5.68317388e-03 -7.43227276e+00 6.99376419e+00 1.64038144e-04 -9.30197509e-07
5.70628176e-03 -7.41552539e+00 6.97496147e+00 1.61556206e-04 -9.30845242e-07
5.72937142e-03 -7.39888557e+00 6.95627001e+00 1.59122040e-04 -9.31943041e-07
5.75244267e-03 -7.38235255e+00 6.93768892e+00 1.56733950e-04 -9.30326384e-07
5.77549534e-03 -7.36592560e+00 6.91921725e+00 1.54389546e-04 -9.22645566e-07
5.79852926e-03 -7.34960398e+00 6.90085416e+00 1.52090704e-04 -9.20362300e-07
5.82154426e-03 -7.33338702e+00 6.88259900e+00 1.49833537e-04 -9.28356905e-07
5.84454017e-03 -7.31727407e+00 6.86445131e+00 1.47615717e-04 -9.28653190e-07
5.86751681e-03 -7.30126454e+00 6.84641063e+00 1.45441129e-04 -9.22227789e-07
5.89047402e-03 -7.28535777e+00 6.82847635e+00 1.43307238e-04 -9.17450998e-07
5.91341163e-03 -7.26955306e+00 6.81064772e+00 1.41212505e-04 -9.14892893e-07
5.93632946e-03 -7.25384965e+00 6.79292390e+00 1.39156722e-04 -9.13321077e-07
5.95922736e-03 -7.23824682e+00 6.77530405e+00 1.37138225e-04 -9.10289695e-07
5.98210515e-03 -7.22274386e+00 6.75778745e+00 1.35156088e-04 -9.06876657e-07
6.00496266e-03 -7.20734010e+00 6.74037352e+00 1.33209572e-04 -9.03278698e-07
6.02779973e-03 -7.19203490e+00 6.72306173e+00 1.31297907e-04 -8.99751845e-07
6.05061620e-03 -7.17682759e+00 6.70585147e+00 1.29421078e-04 -8.96090691e-07
6.07341189e-03 -7.16171745e+00 6.68874199e+00 1.27578051e-04 -8.92172830e-07
6.09618665e-03 -7.14670374e+00 6.67173245e+00 1.25768012e-04 -8.87916835e-07
6.11894030e-03 -7.13178572e+00 6.65482205e+00 1.23990162e-04 -8.83361405e-07
6.14167270e-03 -7.11696269e+00 6.63801010e+00 1.22244034e-04 -8.78625486e-07
6.16438366e-03 -7.10223400e+00 6.62129599e+00 1.20528543e-04 -8.73805101e-07
6.18707304e-03 -7.08759898e+00 6.60467921e+00 1.18843583e-04 -8.68909771e-07
6.20974067e-03 -7.07305698e+00 6.58815917e+00 1.17188523e-04 -8.63859800e-07
6.23238640e-03 -7.05860733e+00 6.57173527e+00 1.15562520e-04 -8.58570676e-07
6.25501005e-03 -7.04424931e+00 6.55540673e+00 1.13965400e-04 -8.53001679e-07
6.27761147e-03 -7.02998218e+00 6.53917271e+00 1.12396036e-04 -8.47145296e-07
6.30019051e-03 -7.01580520e+00 6.52303235e+00 1.10853829e-04 -8.41024180e-07
6.32274701e-03 -7.00171765e+00 6.50698487e+00 1.09338059e-04 -8.34673597e-07
6.34528080e-03 -6.98771885e+00 6.49102961e+00 1.07848262e-04 -8.28159896e-07
6.36779174e-03 -6.97380815e+00 6.47516603e+00 1.06383806e-04 -8.21573380e-07
6.39027966e-03 -6.95998493e+00 6.45939361e+00 1.04944710e-04 -8.14931742e-07
6.41274442e-03 -6.94624851e+00 6.44371176e+00 1.03530102e-04 -8.08138168e-07
6.43518585e-03 -6.93259821e+00 6.42811975e+00 1.02140001e-04 -8.01041811e-07
6.45760381e-03 -6.91903331e+00 6.41261678e+00 1.00773190e-04 -7.93620809e-07
6.47999814e-03 -6.90555310e+00 6.39720205e+00 9.94290513e-05 -7.86013640e-07
6.50236870e-03 -6.89215691e+00 6.38187492e+00 9.81073752e-05 -7.78330834e-07
6.52471532e-03 -6.87884412e+00 6.36663484e+00 9.68076077e-05 -7.70550989e-07
6.54703785e-03 -6.86561409e+00 6.35148125e+00 9.55297585e-05 -7.62606717e-07
6.56933616e-03 -6.85246616e+00 6.33641350e+00 9.42731330e-05 -7.54487848e-07
6.59161009e-03 -6.83939964e+00 6.32143082e+00 9.30376249e-05 -7.46165649e-07
6.61385949e-03 -6.82641384e+00 6.30653243e+00 9.18223590e-05 -7.37543571e-07
6.63608421e-03 -6.81350806e+00 6.29171759e+00 9.06270805e-05 -7.28646857e-07
6.65828411e-03 -6.80068166e+00 6.27698564e+00 8.94510489e-05 -7.19640916e-07
6.68045904e-03 -6.78793402e+00 6.26233603e+00 8.82938751e-05 -7.10619033e-07
6.70260886e-03 -6.77526453e+00 6.24776827e+00 8.71554200e-05 -7.01515194e-07
6.72473342e-03 -6.76267261e+00 6.23328181e+00 8.60356471e-05 -6.92263806e-07
6.74683258e-03 -6.75015760e+00 6.21887605e+00 8.49341876e-05 -6.82885548e-07
6.76890621e-03 -6.73771887e+00 6.20455028e+00 8.38507102e-05 -6.73320616e-07
6.79095415e-03 -6.72535576e+00 6.19030379e+00 8.27847445e-05 -6.63505696e-07
6.81297627e-03 -6.71306764e+00 6.17613591e+00 8.17355985e-05 -6.53537088e-07
6.83497244e-03 -6.70085388e+00 6.16204602e+00 8.07028071e-05 -6.43456899e-07
6.85694250e-03 -6.68871387e+00 6.14803351e+00 7.96858770e-05 -6.33234947e-07
6.87888633e-03 -6.67664698e+00 6.13409773e+00 7.86850202e-05 -6.22839018e-07
6.90080378e-03 -6.66465259e+00 6.12023799e+00 7.76996771e-05 -6.12049560e-07
6.92269473e-03 -6.65273007e+00 6.10645367e+00 7.67299348e-05 -6.01149463e-07
6.94455903e-03 -6.64087886e+00 6.09274424e+00 7.57756144e-05 -5.90904741e-07
6.96639654e-03 -6.62909841e+00 6.07910927e+00 7.48363056e-05 -5.80152194e-07
6.98820715e-03 -6.61738818e+00 6.06554835e+00 7.39115671e-05 -5.67896163e-07
7.00999070e-03 -6.60574761e+00 6.05206093e+00 7.30009341e-05 -5.57602068e-07
7.03174708e-03 -6.59417607e+00 6.03864633e+00 7.21041218e-05 -5.48977652e-07
7.05347614e-03 -6.58267295e+00 6.02530384e+00 7.12211090e-05 -5.35351971e-07
7.07517776e-03 -6.57123764e+00 6.01203275e+00 7.03514989e-05 -5.20968190e-07
7.09685181e-03 -6.55986956e+00 5.99883248e+00 6.94949822e-05 -5.12241297e-07
7.11849816e-03 -6.54856817e+00 5.98570255e+00 6.86516782e-05 -5.00364455e-07
7.14011668e-03 -6.53733293e+00 5.97264248e+00 6.78210697e-05 -4.92497634e-07
7.16170723e-03 -6.52616329e+00 5.95965173e+00 6.70028470e-05 -4.88348733e-07
7.18326971e-03 -6.51505875e+00 5.94672971e+00 6.61968454e-05 -4.39178833e-07
7.20480398e-03 -6.50401878e+00 5.93387586e+00 6.54023124e-05 -4.10257610e-07
7.22630989e-03 -6.49304256e+00 5.92108962e+00 6.46193716e-05 -5.32647392e-07
7.24778736e-03 -6.48212953e+00 5.90837044e+00 6.38487734e-05 -5.31467285e-07
7.26923627e-03 -6.47127998e+00 5.89571802e+00 6.30900067e-05 -1.54178638e-07
7.29065642e-03 -6.46049343e+00 5.88313187e+00 6.23414282e-05 -1.82644927e-07
7.31204770e-03 -6.44976732e+00 5.87061118e+00 6.16034449e-05 -1.00671129e-06
7.33341022e-03 -6.43910129e+00 5.85815538e+00 6.08780889e-05 -8.20600740e-07
7.35474361e-03 -6.42849909e+00 5.84576435e+00 6.01637785e-05 8.99824238e-07
7.37604744e-03 -6.41795971e+00 5.83343727e+00 5.94565293e-05 5.52292743e-07
7.39732227e-03 -6.40747435e+00 5.82117299e+00 5.87570731e-05 -2.59733667e-06
7.41856836e-03 -6.39704323e+00 5.80897182e+00 5.80720312e-05 -2.21806028e-06
7.43978399e-03 -6.38668009e+00 5.79683436e+00 5.74010502e-05 3.02603089e-06
7.46096866e-03 -6.37638492e+00 5.78475854e+00 5.67351716e-05 3.38741103e-06
7.48212589e-03 -6.36613557e+00 5.77274186e+00 5.60721876e-05 -3.92326960e-06
7.50325576e-03 -6.35592749e+00 5.76078637e+00 5.54209403e-05 -6.06983235e-06
7.52434988e-03 -6.34578858e+00 5.74889610e+00 5.47866252e-05 2.13804903e-06
7.54540813e-03 -6.33572809e+00 5.73706723e+00 5.41618249e-05 6.52646005e-06
7.56645983e-03 -6.32570746e+00 5.72528316e+00 5.35390185e-05 -4.97322751e-07
7.58755232e-03 -6.31568967e+00 5.71352087e+00 5.29210485e-05 -5.91147152e-06
7.60871572e-03 -6.30567930e+00 5.70176329e+00 5.23122558e-05 -1.33731973e-06
7.62995101e-03 -6.29569041e+00 5.69000646e+00 5.17112687e-05 3.36637776e-06
7.65125091e-03 -6.28571443e+00 5.67825459e+00 5.11148009e-05 1.01763577e-06
7.67261661e-03 -6.27573977e+00 5.66650954e+00 5.05222139e-05 -1.97445621e-06
7.69405269e-03 -6.26577118e+00 5.65476850e+00 4.99348068e-05 -7.72604910e-07
7.71555979e-03 -6.25581486e+00 5.64302947e+00 4.93529879e-05 7.40649907e-07
7.73713735e-03 -6.24586728e+00 5.63129341e+00 4.87769331e-05 4.61126565e-08
7.75878675e-03 -6.23592493e+00 5.61956075e+00 4.82064189e-05 -5.47561105e-07
7.78050971e-03 -6.22598945e+00 5.60783034e+00 4.76411938e-05 -7.17142150e-08
7.80230697e-03 -6.21606156e+00 5.59610139e+00 4.70812859e-05 1.39751290e-07
7.82417936e-03 -6.20613957e+00 5.58437376e+00 4.65262844e-05 -1.08940379e-07
7.84612815e-03 -6.19622279e+00 5.57264678e+00 4.59762234e-05 -1.24569737e-07
7.86815448e-03 -6.18631144e+00 5.56091959e+00 4.54307782e-05 8.30383186e-09
7.89025935e-03 -6.17640499e+00 5.54919177e+00 4.48902000e-05 -1.84753306e-09
7.91244387e-03 -6.16650280e+00 5.53746304e+00 4.43546563e-05 -2.35509909e-08
7.93470922e-03 -6.15660460e+00 5.52573299e+00 4.38242228e-05 2.46018225e-08
7.95705651e-03 -6.14671009e+00 5.51400116e+00 4.32986030e-05 4.76979463e-08
7.97948689e-03 -6.13681874e+00 5.50226706e+00 4.27781460e-05 4.51765815e-08
8.00200152e-03 -6.12693010e+00 5.49053009e+00 4.22618915e-05 6.35383063e-08
8.02460160e-03 -6.11704376e+00 5.47878965e+00 4.17499959e-05 8.67179518e-08
8.04728830e-03 -6.10715930e+00 5.46704529e+00 4.12427966e-05 1.01666257e-07
8.07006284e-03 -6.09727630e+00 5.45529659e+00 4.07400848e-05 1.17046274e-07
8.09292645e-03 -6.08739437e+00 5.44354309e+00 4.02408434e-05 1.30414726e-07
8.11588036e-03 -6.07751305e+00 5.43178425e+00 3.97475187e-05 1.44838807e-07
8.13892582e-03 -6.06763189e+00 5.42001940e+00 3.92579347e-05 1.65702458e-07
8.16206410e-03 -6.05775043e+00 5.40824790e+00 3.87708178e-05 1.86684877e-07
8.18529650e-03 -6.04786819e+00 5.39646912e+00 3.82894124e-05 2.02032270e-07
8.20862430e-03 -6.03798475e+00 5.38468260e+00 3.78119371e-05 2.16515257e-07
8.23204883e-03 -6.02809970e+00 5.37288793e+00 3.73384082e-05 2.34319557e-07
8.25557142e-03 -6.01821264e+00 5.36108466e+00 3.68692749e-05 2.52153228e-07
8.27919344e-03 -6.00832312e+00 5.34927231e+00 3.64042841e-05 2.69597789e-07
8.30291623e-03 -5.99843069e+00 5.33745026e+00 3.59428143e-05 2.87336675e-07
8.32674121e-03 -5.98853487e+00 5.32561787e+00 3.54852048e-05 3.05039282e-07
8.35066976e-03 -5.97863520e+00 5.31377451e+00 3.50310567e-05 3.22940309e-07
8.37470332e-03 -5.96873120e+00 5.30191961e+00 3.45808096e-05 3.41008150e-07
8.39884333e-03 -5.95882243e+00 5.29005264e+00 3.41344606e-05 3.59231106e-07
8.42309126e-03 -5.94890847e+00 5.27817312e+00 3.36919173e-05 3.77496902e-07
8.44744858e-03 -5.93898887e+00 5.26628058e+00 3.32533511e-05 3.95846526e-07
8.47191681e-03 -5.92906319e+00 5.25437451e+00 3.28181791e-05 4.14382516e-07
8.49649746e-03 -5.91913095e+00 5.24245432e+00 3.23864168e-05 4.33082825e-07
8.52119209e-03 -5.90919167e+00 5.23051935e+00 3.19578174e-05 4.51829696e-07
8.54600225e-03 -5.89924484e+00 5.21856896e+00 3.15326981e-05 4.70646558e-07
8.57092954e-03 -5.88928997e+00 5.20660247e+00 3.11113368e-05 4.89718286e-07
8.59597557e-03 -5.87932655e+00 5.19461921e+00 3.06937265e-05 5.09063620e-07
8.62114197e-03 -5.86935410e+00 5.18261853e+00 3.02795163e-05 5.28490547e-07
8.64643039e-03 -5.85937213e+00 5.17059985e+00 2.98686475e-05 5.47876884e-07
8.67184252e-03 -5.84938018e+00 5.15856270e+00 2.94604314e-05 5.67277842e-07
8.69738005e-03 -5.83937782e+00 5.14650663e+00 2.90549989e-05 5.86753609e-07
8.72304471e-03 -5.82936459e+00 5.13443121e+00 2.86527877e-05 6.06299224e-07
8.74883826e-03 -5.81934000e+00 5.12233583e+00 2.82541230e-05 6.25943412e-07
8.77476246e-03 -5.80930350e+00 5.11021974e+00 2.78591577e-05 6.45792282e-07
8.80081914e-03 -5.79925453e+00 5.09808208e+00 2.74677463e-05 6.65885835e-07
8.82701011e-03 -5.78919252e+00 5.08592208e+00 2.70791454e-05 6.86161904e-07
8.85333724e-03 -5.77911695e+00 5.07373904e+00 2.66930738e-05 7.06545558e-07
8.87980241e-03 -5.76902730e+00 5.06153233e+00 2.63096097e-05 7.26998257e-07
8.90640754e-03 -5.75892305e+00 5.04930133e+00 2.59289232e-05 7.47506632e-07
8.93315456e-03 -5.74880369e+00 5.03704549e+00 2.55514162e-05 7.68033532e-07
8.96004546e-03 -5.73866875e+00 5.02476435e+00 2.51771249e-05 7.88555761e-07
8.98708222e-03 -5.72851775e+00 5.01245746e+00 2.48060519e-05 8.09124361e-07
9.01426690e-03 -5.71835013e+00 5.00012410e+00 2.44379656e-05 8.29881738e-07
9.04160154e-03 -5.70816524e+00 4.98776326e+00 2.40727254e-05 8.50949077e-07
9.06908826e-03 -5.69796241e+00 4.97537380e+00 2.37098103e-05 8.72346380e-07
9.09672917e-03 -5.68774098e+00 4.96295476e+00 2.33492901e-05 8.93917473e-07
9.12452645e-03 -5.67750042e+00 4.95050551e+00 2.29914098e-05 9.15437827e-07
9.15248229e-03 -5.66724026e+00 4.93802573e+00 2.26362975e-05 9.36777959e-07
9.18059891e-03 -5.65696003e+00 4.92551510e+00 2.22842156e-05 9.58046719e-07
9.20887860e-03 -5.64665916e+00 4.91297295e+00 2.19348539e-05 9.79510996e-07
9.23732366e-03 -5.63633695e+00 4.90039815e+00 2.15881883e-05 1.00137353e-06
9.26593642e-03 -5.62599264e+00 4.88778946e+00 2.12439686e-05 1.02353268e-06
9.29471927e-03 -5.61562558e+00 4.87514598e+00 2.09023287e-05 1.04572355e-06
9.32367462e-03 -5.60523526e+00 4.86246725e+00 2.05632661e-05 1.06773356e-06
9.35280494e-03 -5.59482114e+00 4.84975284e+00 2.02267920e-05 1.08965165e-06
9.38211272e-03 -5.58438263e+00 4.83700208e+00 1.98930144e-05 1.11178806e-06
9.41160050e-03 -5.57391905e+00 4.82421403e+00 1.95619570e-05 1.13428391e-06
9.44127087e-03 -5.56342970e+00 4.81138770e+00 1.92335850e-05 1.15680794e-06
9.47112646e-03 -5.55291389e+00 4.79852221e+00 1.89079842e-05 1.17902882e-06
9.50116992e-03 -5.54237094e+00 4.78561667e+00 1.85849127e-05 1.20120999e-06
9.53140399e-03 -5.53180017e+00 4.77267019e+00 1.82638148e-05 1.22397725e-06
9.56183141e-03 -5.52120090e+00 4.75968187e+00 1.79448450e-05 1.24744510e-06
9.59245501e-03 -5.51057242e+00 4.74665085e+00 1.76286512e-05 1.27083952e-06
9.62327764e-03 -5.49991401e+00 4.73357620e+00 1.73150248e-05 1.29402699e-06
9.65430220e-03 -5.48922499e+00 4.72045710e+00 1.70039229e-05 1.31845187e-06
9.68553165e-03 -5.47850470e+00 4.70729285e+00 1.66952005e-05 1.34257157e-06
9.71696901e-03 -5.46775240e+00 4.69408258e+00 1.63887605e-05 1.36102927e-06
9.74861734e-03 -5.45696724e+00 4.68082501e+00 1.60848611e-05 1.37599605e-06
9.78047977e-03 -5.44614839e+00 4.66751893e+00 1.57828063e-05 1.39894696e-06
9.81255947e-03 -5.43529518e+00 4.65416348e+00 1.54825875e-05 1.43316070e-06
9.84485967e-03 -5.42440694e+00 4.64075804e+00 1.51848448e-05 1.46571938e-06
9.87738368e-03 -5.41348279e+00 4.62730164e+00 1.48896821e-05 1.47973216e-06
9.91013483e-03 -5.40252169e+00 4.61379281e+00 1.45972495e-05 1.48894641e-06
9.94311655e-03 -5.39152292e+00 4.60023016e+00 1.43071666e-05 1.54534470e-06
9.97633231e-03 -5.38048601e+00 4.58661281e+00 1.40187750e-05 1.61311107e-06
1.00097856e-02 -5.36940984e+00 4.57294025e+00 1.37317566e-05 1.54893323e-06
1.00434802e-02 -5.35829285e+00 4.55921149e+00 1.34469069e-05 1.45074219e-06
1.00774196e-02 -5.34713497e+00 4.54542545e+00 1.31650009e-05 1.63118086e-06
1.01116075e-02 -5.33593682e+00 4.53158048e+00 1.28859460e-05 1.89386419e-06
1.01460479e-02 -5.32469612e+00 4.51767515e+00 1.26083021e-05 1.71240931e-06
1.01807447e-02 -5.31340898e+00 4.50370867e+00 1.23318565e-05 1.32387021e-06
1.02157016e-02 -5.30207561e+00 4.48968040e+00 1.20581650e-05 1.43432955e-06
1.02509227e-02 -5.29070011e+00 4.47558738e+00 1.17874551e-05 2.20910525e-06
1.02864126e-02 -5.27928381e+00 4.46142855e+00 1.15174189e-05 2.87383549e-06
1.03221750e-02 -5.26781701e+00 4.44720596e+00 1.12465079e-05 1.42180892e-06
1.03582134e-02 -5.25628409e+00 4.43291612e+00 1.09799338e-05 -1.41318672e-06
1.03945338e-02 -5.24470006e+00 4.41855460e+00 1.07224258e-05 1.58574222e-06
1.04311414e-02 -5.23311086e+00 4.40412539e+00 1.04648854e-05 9.68516594e-06
1.04680362e-02 -5.22148563e+00 4.38962987e+00 1.01951346e-05 4.03349191e-06
1.05052244e-02 -5.20970628e+00 4.37505124e+00 9.92623135e-06 -1.44764370e-05
1.05427199e-02 -5.19782247e+00 4.36039613e+00 9.68248048e-06 -5.05531254e-06
1.05805180e-02 -5.18608169e+00 4.34568553e+00 9.45012935e-06 3.20551103e-05
1.06186088e-02 -5.17441327e+00 4.33089614e+00 9.18921181e-06 1.99987084e-05
1.06570261e-02 -5.16235049e+00 4.31599137e+00 8.90740826e-06 -4.55332597e-05
1.06957947e-02 -5.14994678e+00 4.30102237e+00 8.66072051e-06 -3.82485883e-05
1.07348491e-02 -5.13796663e+00 4.28603586e+00 8.45712075e-06 6.33059500e-05
1.07741725e-02 -5.12646765e+00 4.27092692e+00 8.23280679e-06 7.63806478e-05
1.08139300e-02 -5.11435627e+00 4.25563177e+00 7.95618927e-06 -5.24255208e-05
1.08541506e-02 -5.10133257e+00 4.24029258e+00 7.68193584e-06 -1.04080959e-04
1.08944705e-02 -5.08869066e+00 4.22506098e+00 7.45837407e-06 2.71848004e-05
1.09348602e-02 -5.07707933e+00 4.20972108e+00 7.25606567e-06 1.14948420e-04
1.09766431e-02 -5.06496520e+00 4.19378611e+00 7.02194563e-06 9.61209235e-06
1.10221241e-02 -5.05085170e+00 4.17660789e+00 6.75321184e-06 -6.83411507e-05
1.10730745e-02 -5.03505783e+00 4.15754887e+00 6.47264855e-06 -1.83540774e-05
1.11301193e-02 -5.01807581e+00 4.13618959e+00 6.18487927e-06 2.98122987e-05
1.11935693e-02 -4.99948994e+00 4.11241071e+00 5.86947811e-06 2.15511605e-05
1.12641602e-02 -4.97866874e+00 4.08617566e+00 5.50490356e-06 -1.10679652e-06
1.13428677e-02 -4.95533425e+00 4.05708090e+00 5.09750622e-06 -1.06178928e-05
1.14305941e-02 -4.92939507e+00 4.02481935e+00 4.66495386e-06 -7.98892351e-06
1.15282837e-02 -4.90085355e+00 3.98901259e+00 4.21927136e-06 6.57560176e-06
1.16370769e-02 -4.86967661e+00 3.94943836e+00 3.74597270e-06 2.25537118e-05
1.17582527e-02 -4.83540727e+00 3.90569113e+00 3.23347602e-06 1.80506127e-05
1.18931852e-02 -4.79717497e+00 3.85717265e+00 2.67708469e-06 -2.23441560e-06
1.20434013e-02 -4.75452487e+00 3.80368157e+00 2.09822034e-06 -1.04896521e-05
1.22106127e-02 -4.70749239e+00 3.74466091e+00 1.50539268e-06 -4.61353510e-06
1.23967074e-02 -4.65583735e+00 3.67943598e+00 8.85630210e-07 1.32309638e-06
1.26037658e-02 -4.59904099e+00 3.60754244e+00 2.49972021e-07 4.19388108e-06
1.28340919e-02 -4.53657954e+00 3.52833174e+00 -3.97042693e-07 5.41238313e-06
1.30902293e-02 -4.46792468e+00 3.44109830e+00 -1.05228514e-06 5.51810026e-06
1.33749772e-02 -4.39247873e+00 3.34511847e+00 -1.71082220e-06 4.64785537e-06
1.36914142e-02 -4.30956137e+00 3.23956402e+00 -2.36302884e-06 3.11051189e-06
1.40429245e-02 -4.21846455e+00 3.12356513e+00 -2.99372099e-06 1.78969019e-06
1.44332247e-02 -4.11847733e+00 2.99615885e+00 -3.59593297e-06 1.43634955e-06
1.48663932e-02 -4.00883378e+00 2.85629316e+00 -4.16332810e-06 2.09143425e-06
1.53468965e-02 -3.88863297e+00 2.70283977e+00 -4.67985918e-06 3.11783123e-06
1.58796113e-02 -3.75681494e+00 2.53456855e+00 -5.12990836e-06 3.78997733e-06
1.64698506e-02 -3.61221219e+00 2.35015120e+00 -5.50371278e-06 3.81897051e-06
1.71233955e-02 -3.45361181e+00 2.14816311e+00 -5.79015835e-06 3.41218778e-06
