VARIABLES="Y/c","convection","viscous",pressure gradient",Reynolds stress"
0.00000000e+00 0.00000000e+00 9.82829565e-01 1.89618801e-01 -1.04979276e+00
3.67380161e-06 -7.49117065e-04 9.82830706e-01 -3.46182255e-01 -6.94948439e-01
7.49211381e-06 -2.80572669e-03 9.82836755e-01 -1.00493995e+00 -1.02048825e-02
1.14605213e-05 -6.54094105e-03 9.82820258e-01 -2.33366973e+00 1.41735773e+00
1.55848167e-05 -1.19831112e-02 9.82801774e-01 -3.81210859e+00 2.78004744e+00
1.98710073e-05 -1.93467441e-02 9.82769714e-01 -5.19382009e+00 4.26483822e+00
2.43253227e-05 -2.85831746e-02 9.82745380e-01 -6.20728999e+00 5.23365572e+00
2.89542218e-05 -3.97569028e-02 9.82723487e-01 -6.76923950e+00 5.82967528e+00
3.37644011e-05 -5.27065768e-02 9.82717508e-01 -6.90037639e+00 5.96545844e+00
3.87628017e-05 -6.70792982e-02 9.82721957e-01 -6.69836647e+00 5.77801453e+00
4.39566181e-05 -8.22334641e-02 9.82742115e-01 -6.26905780e+00 5.36320532e+00
4.93533057e-05 -9.75163726e-02 9.82770954e-01 -5.71582658e+00 4.82321990e+00
5.49605900e-05 -1.12495183e-01 9.82802589e-01 -5.11342780e+00 4.23543275e+00
6.07864741e-05 -1.27113941e-01 9.82824507e-01 -4.51710338e+00 3.65242054e+00
6.68392483e-05 -1.41603390e-01 9.82822614e-01 -3.95775802e+00 3.10725011e+00
7.31274987e-05 -1.56210380e-01 9.82785067e-01 -3.45323987e+00 2.61669379e+00
7.96601159e-05 -1.70968012e-01 9.82703677e-01 -3.00960572e+00 2.18746980e+00
8.64463049e-05 -1.85701483e-01 9.82591277e-01 -2.62765942e+00 1.81965586e+00
9.34955936e-05 -2.00354370e-01 9.82476196e-01 -2.30333668e+00 1.50935724e+00
1.00817843e-04 -2.15266211e-01 9.82403449e-01 -2.02988252e+00 1.25037459e+00
1.08423257e-04 -2.31122987e-01 9.82406405e-01 -1.79967746e+00 1.03576377e+00
1.16322390e-04 -2.48607252e-01 9.82510303e-01 -1.60525428e+00 8.58678934e-01
1.24526159e-04 -2.67994012e-01 9.82715977e-01 -1.44032647e+00 7.12637264e-01
1.33045855e-04 -2.88721779e-01 9.83008526e-01 -1.29958253e+00 5.92116726e-01
1.41893146e-04 -3.09349240e-01 9.83342084e-01 -1.18066214e+00 4.93040631e-01
1.51080096e-04 -3.28273002e-01 9.83665315e-01 -1.08174673e+00 4.11946037e-01
1.60619167e-04 -3.44586241e-01 9.83930728e-01 -9.99970755e-01 3.45145847e-01
1.70523236e-04 -3.58037145e-01 9.84128171e-01 -9.31851596e-01 2.89551191e-01
1.80805597e-04 -3.68485728e-01 9.84272108e-01 -8.76079448e-01 2.43443526e-01
1.91479979e-04 -3.76201230e-01 9.84402163e-01 -8.31132936e-01 2.05671637e-01
2.02560550e-04 -3.82640275e-01 9.84557585e-01 -7.94225598e-01 1.74815079e-01
2.14061928e-04 -3.89641743e-01 9.84779407e-01 -7.62414669e-01 1.49344608e-01
2.25999192e-04 -3.97411866e-01 9.85100425e-01 -7.34114276e-01 1.27972248e-01
2.38387887e-04 -4.04571698e-01 9.85539976e-01 -7.09458229e-01 1.09680316e-01
2.51244039e-04 -4.10498354e-01 9.86095155e-01 -6.88471827e-01 9.36535165e-02
2.64584158e-04 -4.15916250e-01 9.86745410e-01 -6.69840961e-01 7.95035179e-02
2.78425249e-04 -4.20820460e-01 9.87481539e-01 -6.53834391e-01 6.74791197e-02
2.92784817e-04 -4.23988168e-01 9.88289668e-01 -6.42355426e-01 5.79295382e-02
3.07680878e-04 -4.25308322e-01 9.89088340e-01 -6.34740384e-01 5.06132580e-02
3.23131962e-04 -4.26318128e-01 9.89788762e-01 -6.27927832e-01 4.49649545e-02
3.39157126e-04 -4.27353102e-01 9.90345180e-01 -6.21818208e-01 4.04732757e-02
3.55775963e-04 -4.27153065e-01 9.90634142e-01 -6.18406515e-01 3.61094627e-02
3.73008600e-04 -4.26870706e-01 9.90545577e-01 -6.13637374e-01 3.07187538e-02
3.90875706e-04 -4.29961193e-01 9.90149179e-01 -6.02925104e-01 2.49832493e-02
4.09398486e-04 -4.36375735e-01 9.89705466e-01 -5.91855356e-01 2.09463587e-02
4.28598693e-04 -4.42900052e-01 9.89384101e-01 -5.84483399e-01 1.89584964e-02
4.48498619e-04 -4.49761142e-01 9.89131609e-01 -5.75789952e-01 1.75481291e-02
4.69121102e-04 -4.59977910e-01 9.88766041e-01 -5.62468699e-01 1.60322371e-02
4.90489521e-04 -4.73093644e-01 9.88332503e-01 -5.48394837e-01 1.47148213e-02
5.12627794e-04 -4.85861301e-01 9.88084492e-01 -5.36066325e-01 1.33315257e-02
5.35560371e-04 -4.96889307e-01 9.88149054e-01 -5.23280910e-01 1.15832004e-02
5.59312227e-04 -5.05510108e-01 9.88516469e-01 -5.12715538e-01 1.02255805e-02
5.83908859e-04 -5.09938636e-01 9.88905786e-01 -5.09336579e-01 9.81247208e-03
6.09376271e-04 -5.10819575e-01 9.88808184e-01 -5.10077842e-01 9.48737709e-03
6.35740962e-04 -5.12099500e-01 9.88049343e-01 -5.07307739e-01 8.40739647e-03
6.63029905e-04 -5.15497825e-01 9.87121184e-01 -5.01164445e-01 7.19705434e-03
6.91270552e-04 -5.17815481e-01 9.86316731e-01 -4.98603019e-01 6.79243424e-03
7.20490845e-04 -5.15840406e-01 9.85398699e-01 -5.02794054e-01 6.76533235e-03
7.50719212e-04 -5.11952406e-01 9.84032995e-01 -5.05612972e-01 6.12998077e-03
7.81984523e-04 -5.11571559e-01 9.82624518e-01 -5.00726567e-01 5.22831843e-03
8.14316046e-04 -5.15321839e-01 9.81924350e-01 -4.96379029e-01 5.08026376e-03
8.47743413e-04 -5.19350161e-01 9.81908812e-01 -4.96062598e-01 5.36539588e-03
8.82296604e-04 -5.23744428e-01 9.81602301e-01 -4.90456309e-01 5.04215882e-03
9.18005916e-04 -5.33533309e-01 9.80685232e-01 -4.76890041e-01 4.24062187e-03
9.54901905e-04 -5.50242186e-01 9.79494769e-01 -4.59054621e-01 3.76642616e-03
9.93015358e-04 -5.66918304e-01 9.78271902e-01 -4.42539950e-01 3.57603129e-03
1.03237728e-03 -5.74544467e-01 9.77747886e-01 -4.34981662e-01 3.03147709e-03
1.07301884e-03 -5.74490100e-01 9.78231993e-01 -4.33342020e-01 2.16109653e-03
1.11497116e-03 -5.78525868e-01 9.78975575e-01 -4.27979638e-01 1.73687579e-03
1.15826516e-03 -5.92832384e-01 9.78746686e-01 -4.15326153e-01 2.06436028e-03
1.20293142e-03 -6.11333779e-01 9.77451156e-01 -3.97232690e-01 2.50818345e-03
1.24900030e-03 -6.25692708e-01 9.76603260e-01 -3.79498039e-01 2.52762483e-03
1.29650186e-03 -6.30508996e-01 9.77773456e-01 -3.73774994e-01 2.33070637e-03
1.34546586e-03 -6.21531123e-01 9.79971173e-01 -3.86075422e-01 2.18634179e-03
1.39592158e-03 -6.00283270e-01 9.81537910e-01 -4.08596382e-01 1.94735439e-03
1.44789775e-03 -5.78059816e-01 9.81656617e-01 -4.28413477e-01 1.53332683e-03
1.50142247e-03 -5.67402386e-01 9.80240395e-01 -4.35061167e-01 1.23208560e-03
1.55652310e-03 -5.68654369e-01 9.78563176e-01 -4.31489817e-01 1.26613177e-03
1.61322623e-03 -5.69229659e-01 9.77727048e-01 -4.30744021e-01 1.40920457e-03
1.67155754e-03 -5.61545223e-01 9.78100287e-01 -4.37161926e-01 1.30670277e-03
1.73154165e-03 -5.55196502e-01 9.78892907e-01 -4.40926552e-01 9.97257021e-04
1.79320214e-03 -5.60829606e-01 9.80139859e-01 -4.36360912e-01 8.03490821e-04
1.85656127e-03 -5.71841128e-01 9.81849751e-01 -4.27463527e-01 8.78620246e-04
1.92163960e-03 -5.74115765e-01 9.82715095e-01 -4.25696052e-01 1.10883106e-03
1.98845663e-03 -5.67019777e-01 9.83025230e-01 -4.33854044e-01 1.26367329e-03
2.05703038e-03 -5.66118717e-01 9.85530927e-01 -4.36206806e-01 1.17817930e-03
2.12737588e-03 -5.84527258e-01 9.88395172e-01 -4.17560686e-01 9.22582329e-04
2.19950638e-03 -6.15714439e-01 9.87740131e-01 -3.85287608e-01 6.77033096e-04
2.27343493e-03 -6.40563384e-01 9.85340693e-01 -3.60571281e-01 4.57229634e-04
2.34916985e-03 -6.50459361e-01 9.83528004e-01 -3.49246223e-01 2.36525265e-04
2.42671420e-03 -6.53581467e-01 9.82930036e-01 -3.42720057e-01 2.28575311e-04
2.50607580e-03 -6.57290586e-01 9.84221457e-01 -3.42459921e-01 6.17120993e-04
2.58726175e-03 -6.59914247e-01 9.86484912e-01 -3.49690645e-01 1.10963270e-03
2.67025945e-03 -6.64528477e-01 9.88288312e-01 -3.46126042e-01 1.26928056e-03
2.75505701e-03 -6.81199007e-01 9.89565017e-01 -3.26282601e-01 1.09980972e-03
2.84167463e-03 -7.06722420e-01 9.90714104e-01 -3.04729792e-01 8.32952686e-04
2.93011005e-03 -7.21375820e-01 9.92355886e-01 -2.94089509e-01 5.28093837e-04
3.02028759e-03 -7.15777477e-01 9.93345106e-01 -2.97772972e-01 2.65581145e-04
3.11218197e-03 -7.04001638e-01 9.91218127e-01 -3.05603455e-01 2.41956077e-04
3.20591516e-03 -7.00944711e-01 9.86897732e-01 -3.07239042e-01 4.06095768e-04
3.30148031e-03 -7.03261259e-01 9.83703484e-01 -2.99885993e-01 4.86613316e-04
3.39837701e-03 -7.03046381e-01 9.82439110e-01 -2.96005977e-01 4.10327633e-04
3.49579923e-03 -7.04616501e-01 9.82195314e-01 -2.98678397e-01 2.61183158e-04
3.59323763e-03 -7.14095919e-01 9.82498652e-01 -2.88526577e-01 6.22103737e-05
3.69068838e-03 -7.25729471e-01 9.83797848e-01 -2.72015497e-01 -6.79331946e-05
3.78829451e-03 -7.31251262e-01 9.86401988e-01 -2.74707640e-01 -1.71168418e-05
3.88605324e-03 -7.27356395e-01 9.88176772e-01 -2.86355045e-01 1.77743058e-05
3.98390124e-03 -7.16399761e-01 9.87386693e-01 -2.90367956e-01 -1.65541290e-04
4.08184346e-03 -7.11220433e-01 9.83496921e-01 -2.88448694e-01 -4.19477561e-04
4.17990726e-03 -7.28937837e-01 9.80656496e-01 -2.73238310e-01 -5.07874631e-04
4.27808539e-03 -7.67041338e-01 9.80415521e-01 -2.36059221e-01 -4.31398564e-04
4.37636539e-03 -7.96635612e-01 9.79633197e-01 -2.03344948e-01 -2.85768196e-04
4.47475171e-03 -7.96291661e-01 9.78325294e-01 -2.02575436e-01 -8.74450067e-05
4.57324756e-03 -7.78697755e-01 9.77930122e-01 -2.19022421e-01 1.48797701e-04
4.67184867e-03 -7.69760035e-01 9.79261372e-01 -2.30215028e-01 3.00175395e-04
4.77055339e-03 -7.73953276e-01 9.81998864e-01 -2.33132930e-01 1.42804644e-04
4.86936265e-03 -7.69730450e-01 9.83000575e-01 -2.34175517e-01 -3.69345006e-04
4.96827542e-03 -7.39129747e-01 9.79797770e-01 -2.54690077e-01 -8.56169473e-04
5.06729020e-03 -6.99302382e-01 9.76535499e-01 -2.90869779e-01 -8.50585062e-04
5.16640660e-03 -6.89739224e-01 9.77262602e-01 -3.01254797e-01 -3.39598998e-04
5.26562404e-03 -7.21900688e-01 9.81198425e-01 -2.73387008e-01 2.26262831e-04
5.36494154e-03 -7.63973524e-01 9.85111448e-01 -2.35693534e-01 3.79890876e-04
5.46435835e-03 -7.85408525e-01 9.85561899e-01 -2.10228731e-01 8.25012166e-05
5.56387381e-03 -7.88092903e-01 9.83351856e-01 -1.99260885e-01 -2.41726979e-04
5.66348710e-03 -7.84314883e-01 9.82842490e-01 -2.00585157e-01 -1.99197193e-04
5.76319743e-03 -7.76059008e-01 9.83658969e-01 -2.10109242e-01 1.00336614e-04
5.86300405e-03 -7.66582414e-01 9.81583946e-01 -2.18184837e-01 1.93839352e-04
5.96290620e-03 -7.66402585e-01 9.78716224e-01 -2.13713793e-01 -1.36616972e-04
6.06290310e-03 -7.79094581e-01 9.79179509e-01 -1.96808583e-01 -5.20737563e-04
6.16299402e-03 -7.98144401e-01 9.81088811e-01 -1.75505883e-01 -3.65792455e-04
6.26317820e-03 -8.16325566e-01 9.80647331e-01 -1.59708489e-01 3.65489989e-04
6.36345487e-03 -8.24146599e-01 9.77574109e-01 -1.58556299e-01 9.07391934e-04
6.46382327e-03 -8.12881581e-01 9.74736774e-01 -1.61826724e-01 5.78998619e-04
6.56428264e-03 -7.89439026e-01 9.74970029e-01 -1.70372711e-01 -2.47365209e-04
6.66483220e-03 -7.66811876e-01 9.76256382e-01 -1.97084366e-01 -6.90310153e-04
6.76547118e-03 -7.44572627e-01 9.75184543e-01 -2.26524534e-01 -5.77866346e-04
6.86619881e-03 -7.24551450e-01 9.71852477e-01 -2.39101453e-01 -3.65332689e-04
6.96701432e-03 -7.24070813e-01 9.67723059e-01 -2.29857026e-01 -2.58684270e-04
7.06791692e-03 -7.49954969e-01 9.63706640e-01 -2.00971533e-01 -1.31149331e-04
7.16890586e-03 -7.86153193e-01 9.61938860e-01 -1.69548969e-01 8.94652682e-06
7.26998036e-03 -8.18058744e-01 9.65186415e-01 -1.38682362e-01 5.68186203e-05
7.37113966e-03 -8.45355215e-01 9.71164495e-01 -1.07614290e-01 1.50243695e-04
7.47238298e-03 -8.72134086e-01 9.74051229e-01 -9.10366953e-02 3.86365617e-04
7.57370955e-03 -8.99200692e-01 9.72069788e-01 -6.87895907e-02 4.24953629e-04
7.67511858e-03 -9.19022614e-01 9.70015343e-01 -4.02587276e-02 -1.01869785e-05
7.77660929e-03 -9.19369506e-01 9.69360127e-01 -3.86964637e-02 -6.05023919e-04
7.87818091e-03 -9.03688885e-01 9.68868263e-01 -5.73901893e-02 -8.30804226e-04
7.97983263e-03 -8.93612665e-01 9.69379596e-01 -6.80356166e-02 -4.53441964e-04
8.08156368e-03 -8.99577298e-01 9.70431645e-01 -6.40362405e-02 3.52594405e-04
8.18337326e-03 -9.09664252e-01 9.71731662e-01 -6.20184532e-02 1.03553897e-03
8.28526058e-03 -9.13588626e-01 9.72161959e-01 -6.51344930e-02 9.86361140e-04
8.38722484e-03 -9.13472280e-01 9.69083209e-01 -5.69405312e-02 2.26955544e-04
8.48926525e-03 -9.08807662e-01 9.65176636e-01 -4.76529687e-02 -3.99163758e-04
8.59138100e-03 -8.93407322e-01 9.65049006e-01 -7.14366794e-02 -2.21714248e-04
8.69357131e-03 -8.71247033e-01 9.66849571e-01 -1.13152048e-01 2.91887030e-04
8.79583536e-03 -8.59964453e-01 9.66860165e-01 -1.24699479e-01 2.25427969e-04
8.89817235e-03 -8.70099232e-01 9.66099409e-01 -1.01902170e-01 -4.13988686e-04
9.00058148e-03 -8.90490518e-01 9.66698564e-01 -7.91297276e-02 -7.89852872e-04
9.10306192e-03 -9.04215757e-01 9.68355971e-01 -7.43531711e-02 -4.81354951e-04
9.20561287e-03 -9.09316395e-01 9.69695664e-01 -7.45520166e-02 9.31243166e-05
9.30823351e-03 -9.13311915e-01 9.69324213e-01 -7.13333116e-02 3.96628207e-04
9.41092303e-03 -9.18710919e-01 9.66871365e-01 -6.65140010e-02 3.52709293e-04
9.51368060e-03 -9.25269898e-01 9.64356648e-01 -6.15262208e-02 1.99555057e-04
9.61650540e-03 -9.32909014e-01 9.64286575e-01 -5.71750751e-02 1.27785023e-04
9.71939661e-03 -9.34795804e-01 9.66632493e-01 -5.81372754e-02 1.58043061e-04
9.82235341e-03 -9.25368208e-01 9.70118004e-01 -7.25520210e-02 2.08029332e-04
9.92537496e-03 -9.17863406e-01 9.73126991e-01 -8.63961640e-02 1.75768397e-04
1.00284604e-02 -9.34124256e-01 9.75374529e-01 -7.19522985e-02 5.79268702e-05
1.01316090e-02 -9.73824970e-01 9.75789314e-01 -2.98311556e-02 1.25258617e-05
1.02348198e-02 -1.01057186e+00 9.72750322e-01 5.65513605e-03 1.27570526e-04
1.03380921e-02 -1.02350853e+00 9.68251226e-01 1.49864637e-02 1.95558384e-04
1.04414249e-02 -1.01888462e+00 9.67029886e-01 1.68880812e-02 3.47812755e-05
1.05448175e-02 -1.01449032e+00 9.68854056e-01 1.81527947e-02 -1.43075746e-04
1.06482690e-02 -1.01598192e+00 9.69477284e-01 1.32024121e-02 -1.01273841e-04
1.07517785e-02 -1.01501985e+00 9.67935403e-01 1.08347142e-02 1.60758033e-05
1.08553453e-02 -1.00046302e+00 9.66251626e-01 5.10051250e-03 2.94935578e-05
1.09589684e-02 -9.70274027e-01 9.66184911e-01 -2.25874424e-02 2.24345479e-05
1.10626470e-02 -9.40821950e-01 9.65818150e-01 -5.55534829e-02 3.74749478e-05
1.11663803e-02 -9.39811419e-01 9.63588899e-01 -5.80844792e-02 -7.44173373e-05
1.12701674e-02 -9.80006772e-01 9.60660934e-01 -1.35220573e-02 -3.06659906e-04
1.13740074e-02 -1.03963362e+00 9.58861167e-01 5.24578892e-02 -3.37624669e-04
1.14778996e-02 -1.07603166e+00 9.59097226e-01 8.35361050e-02 3.76705316e-06
1.15818429e-02 -1.06563393e+00 9.61133129e-01 6.22242727e-02 3.31889829e-04
1.16858367e-02 -1.02840277e+00 9.63219935e-01 2.42774279e-02 1.68332606e-04
1.17898799e-02 -1.00688437e+00 9.63871251e-01 9.19852988e-03 -3.33172717e-04
1.18939718e-02 -1.02107620e+00 9.62583242e-01 2.71867256e-02 -5.60682685e-04
1.19981115e-02 -1.05001085e+00 9.59644985e-01 5.43034622e-02 -2.72139806e-04
1.21022981e-02 -1.06298885e+00 9.56590620e-01 6.61886972e-02 1.23300075e-04
1.22065308e-02 -1.05891091e+00 9.55231589e-01 6.67535960e-02 1.54219815e-04
1.23108086e-02 -1.06050055e+00 9.54929828e-01 7.52588237e-02 -1.34530343e-04
1.24151307e-02 -1.07785733e+00 9.55089305e-01 9.42181819e-02 -3.49114996e-04
1.25194963e-02 -1.09706376e+00 9.55213340e-01 1.11020528e-01 -2.94140254e-04
1.26239044e-02 -1.10317545e+00 9.53861091e-01 1.16206216e-01 -1.23541165e-04
1.27283541e-02 -1.09640535e+00 9.52697243e-01 1.13185987e-01 -1.31071032e-06
1.28328447e-02 -1.08100788e+00 9.54620613e-01 1.00179317e-01 1.38460116e-04
1.29373752e-02 -1.05734059e+00 9.56946924e-01 7.12052644e-02 3.67263568e-04
1.30419447e-02 -1.03727528e+00 9.56552487e-01 4.89544421e-02 5.28764059e-04
1.31465524e-02 -1.04414733e+00 9.55352121e-01 6.03406288e-02 4.61715579e-04
1.32511974e-02 -1.07940937e+00 9.55892005e-01 9.66730753e-02 2.46528435e-04
1.33558787e-02 -1.11559941e+00 9.56121054e-01 1.31360746e-01 4.32027713e-05
1.34605956e-02 -1.13734364e+00 9.53234417e-01 1.54712694e-01 -1.04883765e-04
1.35653470e-02 -1.15689622e+00 9.50442661e-01 1.79769131e-01 -1.76253335e-04
1.36701322e-02 -1.17933496e+00 9.49763311e-01 2.05805367e-01 -9.63115689e-05
1.37749502e-02 -1.19077938e+00 9.49930089e-01 2.10117117e-01 4.61941047e-05
1.38798002e-02 -1.18745588e+00 9.50066999e-01 1.99218337e-01 -4.51494130e-05
1.39846812e-02 -1.18160502e+00 9.51503063e-01 2.00311368e-01 -3.59615472e-04
1.40895924e-02 -1.17877522e+00 9.52301190e-01 2.01957198e-01 -4.15690789e-04
1.41945329e-02 -1.17505405e+00 9.50096451e-01 1.91301471e-01 8.92827782e-06
1.42995017e-02 -1.17083460e+00 9.47683362e-01 1.83771463e-01 4.06935676e-04
1.44044980e-02 -1.16889825e+00 9.48051530e-01 1.77652772e-01 3.22193567e-04
1.45095209e-02 -1.16933161e+00 9.50534666e-01 1.75078915e-01 4.88388666e-05
1.46145695e-02 -1.17315093e+00 9.52026733e-01 1.84848457e-01 -1.20204129e-04
1.47196428e-02 -1.17601979e+00 9.53108980e-01 1.91238216e-01 -1.93849336e-04
1.48247400e-02 -1.17339335e+00 9.53042700e-01 1.87267162e-01 -6.95080664e-05
1.49298603e-02 -1.17476211e+00 9.51509830e-01 1.88195581e-01 1.93397407e-04
1.50350026e-02 -1.18649319e+00 9.47995340e-01 2.02087506e-01 3.37937484e-04
1.51401661e-02 -1.19543582e+00 9.43582342e-01 2.17264612e-01 2.51170898e-04
1.52453498e-02 -1.18741288e+00 9.40969038e-01 2.13780074e-01 7.28541240e-05
1.53505530e-02 -1.16826863e+00 9.40076583e-01 1.96351324e-01 3.84566920e-05
1.54557746e-02 -1.15511010e+00 9.40824559e-01 1.82137221e-01 1.95412519e-04
1.55610138e-02 -1.15888791e+00 9.41966871e-01 1.80064249e-01 3.06406820e-04
1.56662696e-02 -1.17968179e+00 9.42203269e-01 2.01043203e-01 1.03733157e-04
1.57715412e-02 -1.21151604e+00 9.40227281e-01 2.37789198e-01 -3.27319112e-04
1.58768277e-02 -1.24674436e+00 9.36927898e-01 2.76296966e-01 -5.78826878e-04
1.59821281e-02 -1.27401624e+00 9.35500416e-01 3.03552168e-01 -3.67766442e-04
1.60874415e-02 -1.28106716e+00 9.36188655e-01 3.06652790e-01 1.41581722e-04
1.61927671e-02 -1.26722642e+00 9.37678745e-01 2.88872955e-01 4.77284559e-04
1.62981038e-02 -1.24720063e+00 9.39455678e-01 2.69367515e-01 3.50924836e-04
1.64034509e-02 -1.24015696e+00 9.39825898e-01 2.68880271e-01 -2.35361082e-06
1.65088074e-02 -1.25507840e+00 9.37336096e-01 2.86144026e-01 -1.19174351e-04
1.66141724e-02 -1.28148427e+00 9.34325859e-01 3.08227169e-01 8.76894268e-05
1.67195450e-02 -1.29708935e+00 9.33299324e-01 3.23090393e-01 2.76922320e-04
1.68249243e-02 -1.28909317e+00 9.33682593e-01 3.14563792e-01 1.88569920e-04
1.69303093e-02 -1.26449206e+00 9.33942627e-01 2.93018088e-01 -3.90828234e-05
1.70356992e-02 -1.23910618e+00 9.33539734e-01 2.72784572e-01 -7.06442997e-05
1.71410930e-02 -1.22412629e+00 9.33098417e-01 2.53308903e-01 1.48174093e-04
1.72464899e-02 -1.22602027e+00 9.34951885e-01 2.48938600e-01 2.59412226e-04
1.73518888e-02 -1.24701227e+00 9.37626208e-01 2.71789210e-01 3.22320848e-05
1.74572890e-02 -1.27718022e+00 9.37173530e-01 3.08162307e-01 -2.22999059e-04
1.75626895e-02 -1.29704068e+00 9.34120650e-01 3.29275955e-01 -9.20455523e-05
1.76680894e-02 -1.29724177e+00 9.32074937e-01 3.24515362e-01 3.17557087e-04
1.77734878e-02 -1.28898782e+00 9.31732988e-01 3.17787474e-01 5.43865443e-04
1.78788838e-02 -1.28892109e+00 9.31663813e-01 3.24141710e-01 4.14414427e-04
1.79842764e-02 -1.30024248e+00 9.31638441e-01 3.34703532e-01 1.42231091e-04
1.80896647e-02 -1.31502395e+00 9.31897019e-01 3.45911217e-01 -8.57998251e-05
1.81950479e-02 -1.32923409e+00 9.32379923e-01 3.61398312e-01 -2.31288143e-04
1.83004250e-02 -1.34715051e+00 9.32959108e-01 3.82030869e-01 -2.28931446e-04
1.84057952e-02 -1.37120622e+00 9.32891752e-01 4.04485467e-01 -2.72939344e-05
1.85111574e-02 -1.39531088e+00 9.31430493e-01 4.23633282e-01 2.36400584e-04
1.86165109e-02 -1.41054643e+00 9.29074667e-01 4.38818119e-01 3.61292366e-04
1.87218546e-02 -1.41030703e+00 9.26875692e-01 4.43290026e-01 3.67610499e-04
1.88271878e-02 -1.39339276e+00 9.25199348e-01 4.28200880e-01 4.18843340e-04
1.89325094e-02 -1.37177309e+00 9.25465768e-01 4.03827229e-01 4.96271350e-04
1.90378185e-02 -1.36529875e+00 9.27444654e-01 3.96274333e-01 4.28792438e-04
1.91431144e-02 -1.37757256e+00 9.28151677e-01 4.12564556e-01 2.32347023e-04
1.92483960e-02 -1.38915967e+00 9.26598227e-01 4.26366591e-01 1.29477852e-04
1.93536624e-02 -1.38518894e+00 9.24728346e-01 4.19951152e-01 2.04521949e-04
1.94589128e-02 -1.37506910e+00 9.24867596e-01 4.09566335e-01 3.07925939e-04
1.95641462e-02 -1.37307014e+00 9.25766177e-01 4.07710226e-01 3.11114169e-04
1.96693617e-02 -1.37735867e+00 9.24844554e-01 4.10539505e-01 2.23084526e-04
1.97745585e-02 -1.38042480e+00 9.23209637e-01 4.15021429e-01 1.07516185e-04
1.98797355e-02 -1.38233046e+00 9.22793104e-01 4.18951638e-01 3.70449917e-05
1.99848920e-02 -1.38520763e+00 9.23291153e-01 4.20825073e-01 4.77657819e-05
2.00900270e-02 -1.38876850e+00 9.23428967e-01 4.25682511e-01 1.18839350e-04
2.01951397e-02 -1.39381827e+00 9.22687252e-01 4.35017744e-01 2.48498392e-04
2.03002290e-02 -1.40002681e+00 9.21625182e-01 4.42193956e-01 4.34739709e-04
2.04052942e-02 -1.40175615e+00 9.21495753e-01 4.41415952e-01 5.57985440e-04
2.05103343e-02 -1.39407310e+00 9.22008940e-01 4.32949845e-01 4.65401650e-04
2.06153483e-02 -1.38159001e+00 9.21776618e-01 4.24937242e-01 2.22848802e-04
2.07203355e-02 -1.37469453e+00 9.21400505e-01 4.22746318e-01 1.22769042e-04
2.08252950e-02 -1.37599660e+00 9.20660653e-01 4.23492131e-01 3.34199434e-04
2.09302257e-02 -1.37692389e+00 9.19050204e-01 4.22079948e-01 6.50709702e-04
2.10351269e-02 -1.36962468e+00 9.17753734e-01 4.15571836e-01 7.32083004e-04
2.11399977e-02 -1.35486818e+00 9.17581053e-01 4.04829138e-01 5.34208596e-04
2.12448370e-02 -1.33675653e+00 9.18195406e-01 3.88878927e-01 3.25912542e-04
2.13496442e-02 -1.31862764e+00 9.18696341e-01 3.67686329e-01 2.85337479e-04
2.14544182e-02 -1.30597559e+00 9.18423335e-01 3.53500803e-01 2.98089670e-04
2.15591582e-02 -1.30365697e+00 9.18032098e-01 3.55968522e-01 2.43831647e-04
2.16638632e-02 -1.30703103e+00 9.17916996e-01 3.63423522e-01 2.31650202e-04
2.17685325e-02 -1.30448003e+00 9.17753445e-01 3.59637576e-01 3.75211623e-04
2.18731651e-02 -1.29217703e+00 9.17894222e-01 3.45524179e-01 5.55331229e-04
2.19777601e-02 -1.27915026e+00 9.18161911e-01 3.33845351e-01 5.94936879e-04
2.20823166e-02 -1.27485732e+00 9.18330527e-01 3.30185427e-01 5.08532482e-04
2.21868339e-02 -1.27741454e+00 9.18767793e-01 3.30056193e-01 4.33805338e-04
2.22913109e-02 -1.27731209e+00 9.19378735e-01 3.28118686e-01 4.38867639e-04
2.23957468e-02 -1.26917512e+00 9.19362347e-01 3.21615542e-01 4.96030364e-04
2.25001408e-02 -1.25530148e+00 9.18558432e-01 3.11142792e-01 5.54860005e-04
2.26044919e-02 -1.24007005e+00 9.17913495e-01 2.98929041e-01 5.76449832e-04
2.27087993e-02 -1.22713904e+00 9.18006358e-01 2.86875456e-01 5.40406496e-04
2.28130621e-02 -1.22013227e+00 9.18560209e-01 2.79464970e-01 4.58206833e-04
2.29172794e-02 -1.21924611e+00 9.19157525e-01 2.78795777e-01 3.80074999e-04
2.30214504e-02 -1.21838204e+00 9.19606922e-01 2.78248320e-01 3.55880983e-04
2.31255742e-02 -1.21078712e+00 9.20169154e-01 2.69995995e-01 3.70604939e-04
2.32296499e-02 -1.19670989e+00 9.20932963e-01 2.56590993e-01 3.69811096e-04
2.33336767e-02 -1.18171373e+00 9.21505859e-01 2.44122255e-01 3.61482278e-04
2.34376537e-02 -1.16926113e+00 9.21551856e-01 2.32316308e-01 3.99450274e-04
2.35415800e-02 -1.15972941e+00 9.21413500e-01 2.21567045e-01 4.61444895e-04
2.36454548e-02 -1.15411131e+00 9.21585321e-01 2.16929853e-01 4.71153459e-04
2.37492772e-02 -1.15249430e+00 9.21771811e-01 2.17539238e-01 4.33944798e-04
2.38530464e-02 -1.15120912e+00 9.21475551e-01 2.15893775e-01 4.12306718e-04
2.39567615e-02 -1.14726865e+00 9.21064344e-01 2.10159846e-01 3.95094563e-04
2.40604216e-02 -1.14363153e+00 9.21176285e-01 2.06029522e-01 3.31762889e-04
2.41640259e-02 -1.14471405e+00 9.21781051e-01 2.07419080e-01 2.65790740e-04
2.42675736e-02 -1.14746976e+00 9.22447304e-01 2.09484757e-01 3.01307147e-04
2.43710638e-02 -1.14267150e+00 9.22765025e-01 2.02863542e-01 4.33499602e-04
2.44744957e-02 -1.12705543e+00 9.22778220e-01 1.86452733e-01 5.17775482e-04
2.45778684e-02 -1.10888820e+00 9.22923705e-01 1.70221324e-01 4.53137999e-04
2.46811811e-02 -1.09773089e+00 9.23248159e-01 1.61096829e-01 3.16193057e-04
2.47844329e-02 -1.09365310e+00 9.23403198e-01 1.56306551e-01 2.44083286e-04
2.48876230e-02 -1.09071777e+00 9.23213641e-01 1.52377093e-01 2.61370047e-04
2.49907505e-02 -1.08561015e+00 9.23308193e-01 1.47597553e-01 3.02455727e-04
2.50938147e-02 -1.07811546e+00 9.23821617e-01 1.40283252e-01 3.30434141e-04
2.51968147e-02 -1.06811966e+00 9.24191453e-01 1.29726635e-01 3.50987291e-04
2.52997496e-02 -1.05687118e+00 9.24272276e-01 1.17838782e-01 3.54094647e-04
2.54026187e-02 -1.04765439e+00 9.24205205e-01 1.08749511e-01 3.16892485e-04
2.55054211e-02 -1.04228119e+00 9.24146702e-01 1.04232747e-01 2.49040576e-04
2.56081561e-02 -1.03999280e+00 9.24160400e-01 1.02625406e-01 1.92634321e-04
2.57108226e-02 -1.03841501e+00 9.24413293e-01 1.01292550e-01 1.90259330e-04
2.58134201e-02 -1.03454024e+00 9.24557131e-01 9.71364308e-02 2.38940528e-04
2.59159476e-02 -1.02669503e+00 9.24585513e-01 8.89017253e-02 2.81285879e-04
2.60184043e-02 -1.01611303e+00 9.24796471e-01 7.87175965e-02 2.69166283e-04
2.61207894e-02 -1.00632616e+00 9.25090092e-01 6.93436866e-02 2.13882164e-04
2.62231021e-02 -1.00019494e+00 9.25314241e-01 6.30433506e-02 1.58297518e-04
2.63253417e-02 -9.97717388e-01 9.25419768e-01 6.05049285e-02 1.22380683e-04
2.64275072e-02 -9.96932661e-01 9.25510834e-01 5.98477255e-02 9.94142416e-05
2.65295979e-02 -9.95907548e-01 9.25623707e-01 5.90600352e-02 8.48432232e-05
2.66316131e-02 -9.93499039e-01 9.25831340e-01 5.68264761e-02 8.70117598e-05
2.67335518e-02 -9.89301046e-01 9.26152132e-01 5.23627270e-02 1.09283088e-04
2.68354133e-02 -9.83831989e-01 9.26450807e-01 4.65061909e-02 1.32792584e-04
2.69371969e-02 -9.78651019e-01 9.26666507e-01 4.11468216e-02 1.30736862e-04
2.70389017e-02 -9.75326019e-01 9.26782803e-01 3.81459711e-02 1.01538232e-04
2.71405269e-02 -9.73709906e-01 9.26804118e-01 3.70203920e-02 7.45311837e-05
2.72420717e-02 -9.71979689e-01 9.26780704e-01 3.51255428e-02 7.18925675e-05
2.73435355e-02 -9.69043420e-01 9.26737474e-01 3.19771876e-02 7.92056440e-05
2.74449173e-02 -9.65808812e-01 9.26680291e-01 2.91451801e-02 7.21643224e-05
2.75462165e-02 -9.63396256e-01 9.26671667e-01 2.70766383e-02 5.38104219e-05
2.76474322e-02 -9.61528438e-01 9.26773905e-01 2.51189774e-02 4.51496631e-05
2.77485637e-02 -9.59436662e-01 9.26915281e-01 2.29466151e-02 5.54849328e-05
2.78496102e-02 -9.57092753e-01 9.26974450e-01 2.06165264e-02 7.34174992e-05
2.79505710e-02 -9.54878271e-01 9.26914715e-01 1.83175315e-02 7.63654988e-05
2.80514452e-02 -9.53031732e-01 9.26796444e-01 1.67002157e-02 5.14888416e-05
2.81522321e-02 -9.51735591e-01 9.26686330e-01 1.59506917e-02 1.49187655e-05
2.82529311e-02 -9.50923001e-01 9.26594737e-01 1.53567653e-02 -1.57779185e-06
2.83535412e-02 -9.50045366e-01 9.26485469e-01 1.43771786e-02 1.18404869e-05
2.84540618e-02 -9.48669244e-01 9.26366884e-01 1.30163129e-02 3.31765513e-05
2.85544921e-02 -9.47081236e-01 9.26302197e-01 1.16302718e-02 3.85217457e-05
2.86548314e-02 -9.45829879e-01 9.26271011e-01 1.06413701e-02 2.84655671e-05
2.87550789e-02 -9.44897127e-01 9.26203454e-01 9.84355860e-03 2.03685788e-05
2.88552339e-02 -9.43809928e-01 9.26087856e-01 8.76985231e-03 2.34665076e-05
2.89552956e-02 -9.42432258e-01 9.25956371e-01 7.49928303e-03 3.02309408e-05
2.90552634e-02 -9.41141796e-01 9.25822771e-01 6.41703484e-03 2.92495971e-05
2.91551365e-02 -9.40274628e-01 9.25675646e-01 5.76016299e-03 1.82318509e-05
2.92549141e-02 -9.39795119e-01 9.25497581e-01 5.52893447e-03 4.40294593e-06
2.93545955e-02 -9.39482158e-01 9.25314559e-01 5.43586283e-03 -3.05175872e-06
2.94541801e-02 -9.39156059e-01 9.25151131e-01 5.26393135e-03 -6.65647868e-07
2.95536671e-02 -9.38701695e-01 9.24972570e-01 4.98192227e-03 7.20736040e-06
2.96530557e-02 -9.38054011e-01 9.24767779e-01 4.53070837e-03 1.29234838e-05
2.97523454e-02 -9.37273383e-01 9.24566812e-01 3.98061777e-03 1.22282504e-05
2.98515353e-02 -9.36540165e-01 9.24374192e-01 3.50339148e-03 7.43852362e-06
2.99506247e-02 -9.35962405e-01 9.24173497e-01 3.14158735e-03 3.86554059e-06
3.00496130e-02 -9.35477954e-01 9.23958265e-01 2.82640605e-03 3.32244580e-06
3.01484995e-02 -9.35012729e-01 9.23740996e-01 2.57256826e-03 3.27868362e-06
3.02472834e-02 -9.34596836e-01 9.23526248e-01 2.41844115e-03 1.90527036e-06
3.03459641e-02 -9.34261748e-01 9.23305030e-01 2.31546420e-03 3.60705528e-07
3.04445409e-02 -9.33963071e-01 9.23072882e-01 2.22592608e-03 -1.02087038e-07
3.05430131e-02 -9.33658744e-01 9.22824857e-01 2.16066287e-03 3.76139447e-09
3.06413799e-02 -9.33358811e-01 9.22562822e-01 2.13677812e-03 -3.59542017e-08
3.07396409e-02 -9.33062816e-01 9.22302298e-01 2.10316020e-03 6.47638410e-09
3.08377951e-02 -9.32731705e-01 9.22050838e-01 2.00191937e-03 3.11463590e-07
3.09358421e-02 -9.32357065e-01 9.21798602e-01 1.87203937e-03 4.67720216e-07
3.10337810e-02 -9.31986756e-01 9.21538579e-01 1.76649510e-03 3.69346393e-07
3.11316113e-02 -9.31653611e-01 9.21272666e-01 1.68862350e-03 3.94971632e-07
3.12293323e-02 -9.31338299e-01 9.21003831e-01 1.62219583e-03 5.35687103e-07
3.13269433e-02 -9.31017152e-01 9.20734524e-01 1.55983445e-03 3.77766101e-07
3.14244436e-02 -9.30698148e-01 9.20464537e-01 1.50653670e-03 -7.07097625e-08
3.15218327e-02 -9.30395724e-01 9.20192557e-01 1.46405960e-03 -3.17326264e-07
3.16191099e-02 -9.30103120e-01 9.19918308e-01 1.42632800e-03 -1.36094680e-07
3.17162744e-02 -9.29805374e-01 9.19642167e-01 1.38759225e-03 1.67681302e-07
3.18133257e-02 -9.29501257e-01 9.19364667e-01 1.34825826e-03 2.71946493e-07
3.19102633e-02 -9.29199726e-01 9.19086105e-01 1.31133204e-03 2.29939323e-07
3.20070861e-02 -9.28904467e-01 9.18806664e-01 1.27743196e-03 2.62705411e-07
3.21037937e-02 -9.28611431e-01 9.18526307e-01 1.24523865e-03 4.10909259e-07
3.22003863e-02 -9.28317099e-01 9.18245205e-01 1.21397641e-03 5.50010747e-07
3.22968623e-02 -9.28022524e-01 9.17963638e-01 1.18387024e-03 6.41027617e-07
3.23932195e-02 -9.27730290e-01 9.17681422e-01 1.15505363e-03 7.59976706e-07
3.24894606e-02 -9.27440747e-01 9.17398416e-01 1.12720518e-03 8.79041676e-07
3.25855866e-02 -9.27151611e-01 9.17115214e-01 1.10018751e-03 8.81407719e-07
3.26815895e-02 -9.26861174e-01 9.16832074e-01 1.07428791e-03 8.62374596e-07
3.27774668e-02 -9.26571420e-01 9.16548091e-01 1.04959837e-03 1.05735119e-06
3.28732350e-02 -9.26285448e-01 9.16263179e-01 1.02562865e-03 1.35346132e-06
3.29688945e-02 -9.26001900e-01 9.15978837e-01 1.00189601e-03 1.35667259e-06
3.30644057e-02 -9.25716372e-01 9.15695228e-01 9.78606871e-04 1.09344670e-06
3.31597678e-02 -9.25428725e-01 9.15410502e-01 9.56337450e-04 1.05331744e-06
3.32551190e-02 -9.25143360e-01 9.15124277e-01 9.35192645e-04 1.35873198e-06
3.33506822e-02 -9.24861357e-01 9.14837998e-01 9.14679530e-04 1.56018855e-06
3.34465992e-02 -9.24578550e-01 9.14551296e-01 8.94358391e-04 1.43596602e-06
3.35428747e-02 -9.24292453e-01 9.14262269e-01 8.74254619e-04 1.28944566e-06
3.36394743e-02 -9.24005200e-01 9.13971017e-01 8.54628303e-04 1.33652264e-06
3.37364034e-02 -9.23718823e-01 9.13679028e-01 8.35626428e-04 1.41980120e-06
3.38336835e-02 -9.23432495e-01 9.13386195e-01 8.17220365e-04 1.40025000e-06
3.39313177e-02 -9.23145104e-01 9.13091531e-01 7.99315337e-04 1.35619281e-06
3.40293030e-02 -9.22856937e-01 9.12795227e-01 7.81833553e-04 1.35422418e-06
3.41276461e-02 -9.22568383e-01 9.12497851e-01 7.64741771e-04 1.35124882e-06
3.42263549e-02 -9.22279226e-01 9.12199182e-01 7.48047080e-04 1.32317769e-06
3.43254328e-02 -9.21989340e-01 9.11898951e-01 7.31771263e-04 1.29594280e-06
3.44248836e-02 -9.21698862e-01 9.11597346e-01 7.15925807e-04 1.27649541e-06
3.45247133e-02 -9.21407810e-01 9.11294456e-01 7.00504758e-04 1.25277461e-06
3.46249272e-02 -9.21116089e-01 9.10990147e-01 6.85490511e-04 1.22631110e-06
3.47255299e-02 -9.20823676e-01 9.10684412e-01 6.70862875e-04 1.20287900e-06
3.48265265e-02 -9.20530571e-01 9.10377314e-01 6.56606541e-04 1.18019164e-06
3.49279226e-02 -9.20236742e-01 9.10068826e-01 6.42712576e-04 1.15664483e-06
3.50297233e-02 -9.19942166e-01 9.09758917e-01 6.29175010e-04 1.13418078e-06
3.51319340e-02 -9.19646835e-01 9.09447605e-01 6.15987448e-04 1.11317485e-06
3.52345602e-02 -9.19350726e-01 9.09134886e-01 6.03142423e-04 1.09301880e-06
3.53376072e-02 -9.19053807e-01 9.08820741e-01 5.90631759e-04 1.07441708e-06
3.54410808e-02 -9.18756051e-01 9.08505172e-01 5.78445235e-04 1.05834299e-06
3.55449866e-02 -9.18457442e-01 9.08188173e-01 5.66568962e-04 1.04490260e-06
3.56493301e-02 -9.18157966e-01 9.07869737e-01 5.54987688e-04 1.03288603e-06
3.57541174e-02 -9.17857596e-01 9.07549859e-01 5.43691468e-04 1.02043013e-06
3.58593541e-02 -9.17556280e-01 9.07228527e-01 5.32679349e-04 1.00753098e-06
3.59650463e-02 -9.17253984e-01 9.06905744e-01 5.21950278e-04 9.98201944e-07
3.60712000e-02 -9.16950709e-01 9.06581501e-01 5.11495581e-04 9.94003419e-07
3.61778212e-02 -9.16646448e-01 9.06255784e-01 5.01303419e-04 9.91935975e-07
3.62849161e-02 -9.16341163e-01 9.05928594e-01 4.91360874e-04 9.90429156e-07
3.63924910e-02 -9.16034818e-01 9.05599918e-01 4.81655564e-04 9.89289266e-07
3.65005523e-02 -9.15727384e-01 9.05269748e-01 4.72178732e-04 9.88842100e-07
3.66091063e-02 -9.15418840e-01 9.04938075e-01 4.62925420e-04 9.89624873e-07
3.67181596e-02 -9.15109166e-01 9.04604888e-01 4.53892048e-04 9.91917997e-07
3.68277188e-02 -9.14798338e-01 9.04270177e-01 4.45073803e-04 9.95690034e-07
3.69377905e-02 -9.14486330e-01 9.03933929e-01 4.36463878e-04 1.00066606e-06
3.70483816e-02 -9.14173115e-01 9.03596132e-01 4.28054414e-04 1.00654467e-06
3.71594989e-02 -9.13858667e-01 9.03256775e-01 4.19838096e-04 1.01313303e-06
3.72711495e-02 -9.13542958e-01 9.02915842e-01 4.11808664e-04 1.02037513e-06
3.73833403e-02 -9.13225966e-01 9.02573320e-01 4.03960647e-04 1.02827217e-06
3.74960786e-02 -9.12907664e-01 9.02229195e-01 3.96288593e-04 1.03678846e-06
3.76093716e-02 -9.12588027e-01 9.01883451e-01 3.88786874e-04 1.04581170e-06
3.77232268e-02 -9.12267031e-01 9.01536073e-01 3.81450021e-04 1.05518755e-06
3.78376515e-02 -9.11944650e-01 9.01187042e-01 3.74273118e-04 1.06477292e-06
3.79526535e-02 -9.11620861e-01 9.00836346e-01 3.67251813e-04 1.07447441e-06
3.80682403e-02 -9.11295638e-01 9.00483962e-01 3.60382100e-04 1.08425154e-06
3.81844198e-02 -9.10968956e-01 9.00129877e-01 3.53659902e-04 1.09406491e-06
3.83012000e-02 -9.10640791e-01 8.99774076e-01 3.47081016e-04 1.10387155e-06
3.84185889e-02 -9.10311116e-01 8.99416533e-01 3.40641137e-04 1.11363086e-06
3.85365947e-02 -9.09979906e-01 8.99057238e-01 3.34336068e-04 1.12328245e-06
3.86552255e-02 -9.09647136e-01 8.98696166e-01 3.28161791e-04 1.13276945e-06
3.87744900e-02 -9.09312782e-01 8.98333298e-01 3.22114556e-04 1.14202850e-06
3.88943965e-02 -9.08976818e-01 8.97968615e-01 3.16191016e-04 1.15098453e-06
3.90149538e-02 -9.08639219e-01 8.97602092e-01 3.10388181e-04 1.15958081e-06
3.91361707e-02 -9.08299959e-01 8.97233709e-01 3.04703252e-04 1.16778707e-06
3.92580560e-02 -9.07959013e-01 8.96863440e-01 2.99133458e-04 1.17559312e-06
3.93806189e-02 -9.07616354e-01 8.96491260e-01 2.93675935e-04 1.18299564e-06
3.95038686e-02 -9.07271956e-01 8.96117145e-01 2.88327736e-04 1.18998576e-06
3.96278145e-02 -9.06925792e-01 8.95741069e-01 2.83085932e-04 1.19654914e-06
3.97524659e-02 -9.06577834e-01 8.95363006e-01 2.77947673e-04 1.20266657e-06
3.98778327e-02 -9.06228056e-01 8.94982930e-01 2.72910245e-04 1.20831506e-06
4.00039246e-02 -9.05876430e-01 8.94600817e-01 2.67971156e-04 1.21346386e-06
4.01307514e-02 -9.05522930e-01 8.94216642e-01 2.63128160e-04 1.21808439e-06
4.02583235e-02 -9.05167528e-01 8.93830380e-01 2.58379263e-04 1.22216082e-06
4.03866510e-02 -9.04810195e-01 8.93442009e-01 2.53722564e-04 1.22569767e-06
4.05157444e-02 -9.04450905e-01 8.93051504e-01 2.49156079e-04 1.22871191e-06
4.06456143e-02 -9.04089627e-01 8.92658842e-01 2.44677707e-04 1.23121835e-06
4.07762715e-02 -9.03726335e-01 8.92264000e-01 2.40285350e-04 1.23322389e-06
4.09077269e-02 -9.03360997e-01 8.91866954e-01 2.35976893e-04 1.23473100e-06
4.10399918e-02 -9.02993585e-01 8.91467683e-01 2.31750377e-04 1.23573753e-06
4.11730773e-02 -9.02624070e-01 8.91066160e-01 2.27603909e-04 1.23623956e-06
4.13069951e-02 -9.02252423e-01 8.90662362e-01 2.23535775e-04 1.23622708e-06
4.14417569e-02 -9.01878613e-01 8.90256262e-01 2.19544457e-04 1.23569219e-06
4.15773745e-02 -9.01502611e-01 8.89847834e-01 2.15628536e-04 1.23463886e-06
4.17138601e-02 -9.01124384e-01 8.89437049e-01 2.11786596e-04 1.23308447e-06
4.18512260e-02 -9.00743902e-01 8.89023878e-01 2.08017128e-04 1.23105052e-06
4.19894847e-02 -9.00361131e-01 8.88608293e-01 2.04318544e-04 1.22855654e-06
4.21286489e-02 -8.99976040e-01 8.88190262e-01 2.00689219e-04 1.22561231e-06
4.22687317e-02 -8.99588595e-01 8.87769755e-01 1.97127568e-04 1.22222336e-06
4.24097461e-02 -8.99198764e-01 8.87346739e-01 1.93632133e-04 1.21839386e-06
4.25517056e-02 -8.98806512e-01 8.86921182e-01 1.90201550e-04 1.21412740e-06
4.26946239e-02 -8.98411807e-01 8.86493050e-01 1.86834581e-04 1.20942496e-06
4.28385148e-02 -8.98014614e-01 8.86062307e-01 1.83530087e-04 1.20428641e-06
4.29833925e-02 -8.97614897e-01 8.85628920e-01 1.80286988e-04 1.19872428e-06
4.31292713e-02 -8.97212622e-01 8.85192853e-01 1.77104188e-04 1.19276569e-06
4.32761659e-02 -8.96807751e-01 8.84754068e-01 1.73980468e-04 1.18641820e-06
4.34240912e-02 -8.96400247e-01 8.84312531e-01 1.70914574e-04 1.17969599e-06
4.35730624e-02 -8.95990073e-01 8.83868204e-01 1.67905232e-04 1.17263118e-06
4.37230950e-02 -8.95577192e-01 8.83421045e-01 1.64951280e-04 1.16518441e-06
4.38742046e-02 -8.95161563e-01 8.82971024e-01 1.62051617e-04 1.15735707e-06
4.40264072e-02 -8.94743149e-01 8.82518094e-01 1.59205190e-04 1.14925918e-06
4.41797193e-02 -8.94321911e-01 8.82062207e-01 1.56410980e-04 1.14077139e-06
4.43341575e-02 -8.93897807e-01 8.81603349e-01 1.53668149e-04 1.13180034e-06
4.44897385e-02 -8.93470799e-01 8.81141473e-01 1.50975849e-04 1.12270204e-06
4.46464798e-02 -8.93040846e-01 8.80676494e-01 1.48333177e-04 1.11325676e-06
4.48043989e-02 -8.92607902e-01 8.80208454e-01 1.45739194e-04 1.10302977e-06
4.49635136e-02 -8.92171923e-01 8.79737336e-01 1.43192733e-04 1.09322583e-06
4.51238422e-02 -8.91732879e-01 8.79262921e-01 1.40692347e-04 1.08366221e-06
4.52854038e-02 -8.91290724e-01 8.78785336e-01 1.38237390e-04 1.07171329e-06
4.54482164e-02 -8.90845400e-01 8.78304767e-01 1.35828083e-04 1.05987210e-06
4.56122992e-02 -8.90396876e-01 8.77820604e-01 1.33463684e-04 1.05096571e-06
4.57776742e-02 -8.89945085e-01 8.77332889e-01 1.31142422e-04 1.03787256e-06
4.59443598e-02 -8.89489941e-01 8.76842668e-01 1.28862355e-04 1.02341715e-06
4.61123726e-02 -8.89031505e-01 8.76348773e-01 1.26620116e-04 1.02148826e-06
4.62817407e-02 -8.88569859e-01 8.75849852e-01 1.24416096e-04 1.01067504e-06
4.64524884e-02 -8.88104740e-01 8.75349151e-01 1.22262463e-04 9.70228284e-07
4.66246186e-02 -8.87635871e-01 8.74846757e-01 1.20165784e-04 9.56806530e-07
4.67981607e-02 -8.87163341e-01 8.74335990e-01 1.18102737e-04 9.88255656e-07
4.69731744e-02 -8.86687082e-01 8.73820926e-01 1.16044516e-04 9.66395115e-07
4.71496434e-02 -8.86207201e-01 8.73311539e-01 1.13993577e-04 9.26984951e-07
4.73275310e-02 -8.85725074e-01 8.72794774e-01 1.11974301e-04 1.00287829e-06
4.75069800e-02 -8.85240887e-01 8.72258371e-01 1.10047436e-04 9.54487862e-07
4.76880951e-02 -8.84750414e-01 8.71730344e-01 1.08311464e-04 5.56149906e-07
4.78706095e-02 -8.84250297e-01 8.71222828e-01 1.06697684e-04 4.99627707e-07
4.80544603e-02 -8.83745972e-01 8.70684773e-01 1.04822071e-04 1.38781994e-06
4.82403326e-02 -8.83245740e-01 8.70107144e-01 1.02474286e-04 1.94475740e-06
4.84283422e-02 -8.82748161e-01 8.69566738e-01 1.00225103e-04 7.53297999e-07
4.86169936e-02 -8.82244392e-01 8.69071828e-01 9.88676264e-05 -8.22500819e-07
4.88061884e-02 -8.81728352e-01 8.68524876e-01 9.81547932e-05 -8.06294611e-08
4.90013938e-02 -8.81193509e-01 8.67901376e-01 9.67890281e-05 1.95783663e-06
4.92120397e-02 -8.80621617e-01 8.67286793e-01 9.42995669e-05 1.98253693e-06
4.94452429e-02 -8.79994133e-01 8.66666110e-01 9.16604202e-05 6.01342059e-07
4.97033105e-02 -8.79304952e-01 8.65932134e-01 8.96520215e-05 3.89504149e-08
4.99872084e-02 -8.78549170e-01 8.65080339e-01 8.80088363e-05 4.61935743e-07
5.02996056e-02 -8.77714436e-01 8.64175942e-01 8.60523050e-05 8.51473811e-07
5.06440899e-02 -8.76788807e-01 8.63213225e-01 8.35340655e-05 8.08238706e-07
5.10238650e-02 -8.75767760e-01 8.62132457e-01 8.07136441e-05 6.40058254e-07
5.14422228e-02 -8.74648084e-01 8.60921358e-01 7.79444501e-05 5.61084656e-07
5.19031684e-02 -8.73420203e-01 8.59618864e-01 7.53672185e-05 5.47995770e-07
5.24111686e-02 -8.72069738e-01 8.58188742e-01 7.28645660e-05 5.54789131e-07
5.29709605e-02 -8.70583462e-01 8.56585693e-01 7.02222422e-05 5.35102159e-07
5.35877794e-02 -8.68951114e-01 8.54848889e-01 6.73450794e-05 4.58783552e-07
5.42674745e-02 -8.67161513e-01 8.52965896e-01 6.42876414e-05 3.62104133e-07
5.50164620e-02 -8.65199357e-01 8.50875505e-01 6.11554595e-05 2.86963373e-07
5.58417838e-02 -8.63045857e-01 8.48578891e-01 5.80424184e-05 2.35404990e-07
5.67512207e-02 -8.60680847e-01 8.46073536e-01 5.50019844e-05 1.85950353e-07
5.77533512e-02 -8.58084713e-01 8.43325638e-01 5.20451230e-05 1.24635850e-07
5.88576155e-02 -8.55238537e-01 8.40317173e-01 4.91619138e-05 5.08148035e-08
6.00744170e-02 -8.52122668e-01 8.37029052e-01 4.63501564e-05 -3.03243283e-08
6.14152227e-02 -8.48715208e-01 8.33435331e-01 4.36252126e-05 -1.13036029e-07
6.28926639e-02 -8.44991598e-01 8.29511255e-01 4.10116518e-05 -1.93816704e-07
6.45206566e-02 -8.40925383e-01 8.25231158e-01 3.85327213e-05 -2.70810078e-07
6.63145341e-02 -8.36489218e-01 8.20567739e-01 3.62043734e-05 -3.41912153e-07
6.82911891e-02 -8.31655261e-01 8.15492243e-01 3.40330082e-05 -4.03620015e-07
7.04692325e-02 -8.26394911e-01 8.09974136e-01 3.20182203e-05 -4.51134039e-07
7.28691692e-02 -8.20678399e-01 8.03981816e-01 3.01579759e-05 -4.79348199e-07
