VARIABLES="Y/c","convection","viscous",pressure gradient",Reynolds stress"
0.00000000e+00 0.00000000e+00 8.50425504e-01 9.69311339e-02 -9.29725118e-01
3.89583535e-06 -6.23804201e-04 8.50428214e-01 -1.79012176e-01 -7.14039557e-01
7.94502360e-06 -2.42259987e-03 8.50416208e-01 -5.20960246e-01 -3.43372418e-01
1.21534973e-05 -5.66377261e-03 8.50393258e-01 -1.22654654e+00 4.03945017e-01
1.65274099e-05 -1.04561041e-02 8.50347275e-01 -2.04128920e+00 1.16448140e+00
2.10731439e-05 -1.69193446e-02 8.50284526e-01 -2.84177390e+00 2.01591113e+00
2.57973179e-05 -2.50031569e-02 8.50203677e-01 -3.47668595e+00 2.63171008e+00
3.07067949e-05 -3.46316510e-02 8.50113199e-01 -3.88426844e+00 3.05849956e+00
3.58086905e-05 -4.56469877e-02 8.50013562e-01 -4.05736160e+00 3.23779690e+00
4.11103812e-05 -5.78691072e-02 8.49910302e-01 -4.03538081e+00 3.22712504e+00
4.66195131e-05 -7.10588915e-02 8.49805654e-01 -3.86874088e+00 3.07233150e+00
5.23440104e-05 -8.49538110e-02 8.49708225e-01 -3.61175005e+00 2.82724526e+00
5.82920844e-05 -9.92970496e-02 8.49627040e-01 -3.30681674e+00 2.53546617e+00
6.44722430e-05 -1.13868327e-01 8.49572187e-01 -2.98752370e+00 2.22914642e+00
7.08932997e-05 -1.28466720e-01 8.49549127e-01 -2.67514508e+00 1.93027664e+00
7.75643832e-05 -1.42845230e-01 8.49560053e-01 -2.38367853e+00 1.65208384e+00
8.44949470e-05 -1.56679434e-01 8.49607201e-01 -2.12012805e+00 1.40170943e+00
9.16947797e-05 -1.69605721e-01 8.49694463e-01 -1.88787264e+00 1.18186050e+00
9.91740144e-05 -1.81294277e-01 8.49826446e-01 -1.68696324e+00 9.92323816e-01
1.06943139e-04 -1.91522991e-01 8.49999939e-01 -1.51556311e+00 8.31059671e-01
1.15013008e-04 -2.00254491e-01 8.50197806e-01 -1.37081993e+00 6.95042744e-01
1.23394850e-04 -2.07621528e-01 8.50387483e-01 -1.24928192e+00 5.80976052e-01
1.32100279e-04 -2.13931323e-01 8.50529005e-01 -1.14773839e+00 4.85842789e-01
1.41141310e-04 -2.19794410e-01 8.50585729e-01 -1.06259513e+00 4.06941503e-01
1.50530360e-04 -2.26047848e-01 8.50543303e-01 -9.90577945e-01 3.41684412e-01
1.60280269e-04 -2.33182174e-01 8.50419151e-01 -9.29026239e-01 2.87656117e-01
1.70404304e-04 -2.40920648e-01 8.50254908e-01 -8.76463222e-01 2.42825313e-01
1.80916170e-04 -2.48657042e-01 8.50093592e-01 -8.31488419e-01 2.05524512e-01
1.91830026e-04 -2.56061928e-01 8.49952013e-01 -7.92644138e-01 1.74262725e-01
2.03160489e-04 -2.62953929e-01 8.49807934e-01 -7.58846315e-01 1.47826686e-01
2.14922650e-04 -2.69032398e-01 8.49611844e-01 -7.30002158e-01 1.25588716e-01
2.27132080e-04 -2.74238149e-01 8.49332122e-01 -7.06096364e-01 1.07287366e-01
2.39804843e-04 -2.79474988e-01 8.48988155e-01 -6.85822356e-01 9.22903309e-02
2.52957506e-04 -2.86747385e-01 8.48627220e-01 -6.65614783e-01 7.95716472e-02
2.66607146e-04 -2.97742648e-01 8.48252396e-01 -6.42988590e-01 6.85396215e-02
2.80771361e-04 -3.11929125e-01 8.47836013e-01 -6.18851131e-01 5.92409899e-02
2.95468282e-04 -3.26718666e-01 8.47412712e-01 -5.95586356e-01 5.17379575e-02
3.10716575e-04 -3.39623608e-01 8.47137053e-01 -5.75897087e-01 4.56008752e-02
3.26535455e-04 -3.50143559e-01 8.47203179e-01 -5.60110292e-01 3.99634877e-02
3.42944688e-04 -3.59654775e-01 8.47762473e-01 -5.45464482e-01 3.43187888e-02
3.59964606e-04 -3.68963105e-01 8.48812758e-01 -5.31337905e-01 2.91057011e-02
3.77616107e-04 -3.76233866e-01 8.50276634e-01 -5.20656130e-01 2.50575774e-02
3.95920667e-04 -3.78837081e-01 8.52038248e-01 -5.16620892e-01 2.22553996e-02
4.14900337e-04 -3.77427824e-01 8.53854287e-01 -5.18517922e-01 1.99797735e-02
4.34577746e-04 -3.76339427e-01 8.55359317e-01 -5.19022180e-01 1.75375617e-02
4.54976110e-04 -3.78971445e-01 8.56368726e-01 -5.13921461e-01 1.51464164e-02
4.76119226e-04 -3.84484500e-01 8.56945639e-01 -5.07887459e-01 1.32205050e-02
4.98031472e-04 -3.90240757e-01 8.57183092e-01 -5.02132481e-01 1.14520826e-02
5.20737812e-04 -3.95465711e-01 8.57133799e-01 -4.94442695e-01 9.81046639e-03
5.44263782e-04 -4.00772747e-01 8.56719919e-01 -4.87461589e-01 8.98572208e-03
5.68635495e-04 -4.06256439e-01 8.55839564e-01 -4.81857182e-01 8.95232494e-03
5.93879626e-04 -4.12434834e-01 8.54421726e-01 -4.73678929e-01 8.74172125e-03
6.20023406e-04 -4.21388166e-01 8.52817987e-01 -4.61122335e-01 7.79779987e-03
6.47094614e-04 -4.34564475e-01 8.51563516e-01 -4.44495069e-01 6.44503801e-03
6.75121556e-04 -4.50083588e-01 8.50884751e-01 -4.26647954e-01 5.33464999e-03
7.04133052e-04 -4.63473295e-01 8.50583903e-01 -4.13139656e-01 4.83515656e-03
7.34158426e-04 -4.71102003e-01 8.50343913e-01 -4.06724064e-01 4.70198034e-03
7.65227500e-04 -4.72101646e-01 8.50069182e-01 -4.05072746e-01 4.50490418e-03
7.97370578e-04 -4.66742942e-01 8.50245637e-01 -4.08522206e-01 4.30626891e-03
8.30618410e-04 -4.56486291e-01 8.51284303e-01 -4.19403737e-01 4.29180785e-03
8.65002152e-04 -4.47475508e-01 8.53069193e-01 -4.30735083e-01 4.05098816e-03
9.00553330e-04 -4.47747181e-01 8.55325860e-01 -4.30896566e-01 3.12708073e-03
9.37303815e-04 -4.58318604e-01 8.57360225e-01 -4.18449175e-01 1.92769335e-03
9.75285779e-04 -4.72803121e-01 8.58207969e-01 -4.03603088e-01 1.17695542e-03
1.01453164e-03 -4.86048792e-01 8.57207631e-01 -3.91083402e-01 8.93043685e-04
1.05507404e-03 -4.97983668e-01 8.54736374e-01 -3.75433339e-01 8.06695418e-04
1.09694577e-03 -5.08790148e-01 8.51681490e-01 -3.59104545e-01 1.12035444e-03
1.14017974e-03 -5.14363722e-01 8.49210502e-01 -3.52424952e-01 1.85734290e-03
1.18480885e-03 -5.10679902e-01 8.47559688e-01 -3.56384263e-01 2.26110280e-03
1.23086584e-03 -5.02320740e-01 8.46654280e-01 -3.61527096e-01 1.80495678e-03
1.27838323e-03 -5.00502738e-01 8.46831168e-01 -3.60263399e-01 1.07680955e-03
1.32739329e-03 -5.09637433e-01 8.47411184e-01 -3.52948189e-01 9.01050338e-04
1.37792800e-03 -5.21059088e-01 8.47162073e-01 -3.44777237e-01 1.18376055e-03
1.43001894e-03 -5.23438088e-01 8.46368955e-01 -3.43455979e-01 1.25474619e-03
1.48369721e-03 -5.14743901e-01 8.46826078e-01 -3.50416509e-01 9.50223718e-04
1.53899333e-03 -5.00428928e-01 8.47974610e-01 -3.64677260e-01 7.20395218e-04
1.59593709e-03 -4.83999224e-01 8.48063280e-01 -3.84603046e-01 7.95365175e-04
1.65455750e-03 -4.65446660e-01 8.45743701e-01 -4.01838413e-01 9.46843601e-04
1.71488272e-03 -4.49587199e-01 8.41887045e-01 -4.10944952e-01 1.07365914e-03
1.77693985e-03 -4.50194966e-01 8.39041256e-01 -4.07799605e-01 1.27780084e-03
1.84075485e-03 -4.77982666e-01 8.39604544e-01 -3.83924545e-01 1.41419458e-03
1.90635252e-03 -5.24315681e-01 8.43978011e-01 -3.40666317e-01 1.27011943e-03
1.97375621e-03 -5.64846909e-01 8.48886572e-01 -3.01409953e-01 1.03601483e-03
2.04298746e-03 -5.81436789e-01 8.50572691e-01 -2.87272491e-01 1.00527260e-03
2.11406656e-03 -5.77784082e-01 8.50103347e-01 -2.92719576e-01 1.06320205e-03
2.18701223e-03 -5.72302316e-01 8.50062501e-01 -2.94353719e-01 9.62218667e-04
2.26184004e-03 -5.73967577e-01 8.50910043e-01 -2.90633695e-01 7.41211213e-04
2.33856374e-03 -5.72306481e-01 8.51974184e-01 -2.96539467e-01 4.85681277e-04
2.41719695e-03 -5.58475572e-01 8.52080689e-01 -3.11429240e-01 1.55647999e-04
2.49774830e-03 -5.42365525e-01 8.50565910e-01 -3.20203118e-01 -6.89201012e-05
2.58022078e-03 -5.39532301e-01 8.49539053e-01 -3.18410362e-01 1.59764185e-04
2.66462239e-03 -5.54452411e-01 8.52300377e-01 -3.10945155e-01 7.19569301e-04
2.75096040e-03 -5.79324538e-01 8.58409847e-01 -2.94711667e-01 1.00694098e-03
2.83922115e-03 -5.98722779e-01 8.62804028e-01 -2.71824158e-01 7.86165661e-04
2.92939176e-03 -6.00029770e-01 8.64538796e-01 -2.66434592e-01 4.59607626e-04
3.02149320e-03 -5.86477677e-01 8.65377210e-01 -2.85457489e-01 3.14879068e-04
3.11552266e-03 -5.73442108e-01 8.64767663e-01 -3.02139230e-01 1.69500681e-04
3.21139972e-03 -5.70976593e-01 8.62525050e-01 -2.98348229e-01 -4.98467573e-05
3.30909721e-03 -5.75730360e-01 8.60604131e-01 -2.89476664e-01 -7.48635091e-05
3.40874355e-03 -5.78522245e-01 8.62073199e-01 -2.93798573e-01 1.40836525e-04
3.51033095e-03 -5.75967560e-01 8.65523358e-01 -3.00021591e-01 2.80598943e-04
3.61332990e-03 -5.74038222e-01 8.68559201e-01 -3.00291878e-01 2.04245982e-04
3.71688804e-03 -5.79790171e-01 8.72720280e-01 -3.01497085e-01 4.52705755e-05
3.82046687e-03 -5.90853120e-01 8.76039270e-01 -2.93884995e-01 -9.80194144e-05
3.92406237e-03 -5.98972714e-01 8.77428629e-01 -2.80057487e-01 -1.83405571e-04
4.02782572e-03 -6.01492450e-01 8.78504281e-01 -2.76769572e-01 -1.73801394e-04
4.13175392e-03 -5.96076024e-01 8.77016840e-01 -2.86022167e-01 -7.28638044e-05
4.23578002e-03 -5.79655550e-01 8.73084679e-01 -3.01130345e-01 -1.86349306e-05
4.33990924e-03 -5.62149669e-01 8.69401287e-01 -3.10265172e-01 -1.52857004e-04
4.44417050e-03 -5.62341313e-01 8.68079398e-01 -3.03965491e-01 -3.04906943e-04
4.54855620e-03 -5.85997376e-01 8.69989118e-01 -2.83701296e-01 -2.60059388e-04
4.65305324e-03 -6.17452378e-01 8.71327801e-01 -2.57350645e-01 -1.35169185e-04
4.75766639e-03 -6.35867422e-01 8.71177125e-01 -2.35775904e-01 -1.12499494e-04
4.86239909e-03 -6.30153182e-01 8.72675928e-01 -2.38536561e-01 -9.74695945e-05
4.96724692e-03 -6.01759590e-01 8.75813488e-01 -2.76025858e-01 4.09843941e-05
5.07220820e-03 -5.66061369e-01 8.77198121e-01 -3.17823775e-01 1.77938593e-04
5.17728398e-03 -5.48714208e-01 8.76711574e-01 -3.25927154e-01 2.22434457e-04
5.28247322e-03 -5.67241235e-01 8.76371275e-01 -3.07314379e-01 2.75926041e-04
5.38777436e-03 -6.10773091e-01 8.74589207e-01 -2.69698367e-01 2.96408782e-04
5.49318700e-03 -6.45481014e-01 8.70908405e-01 -2.28045800e-01 1.44055177e-04
5.59871053e-03 -6.46866826e-01 8.68325778e-01 -2.20961668e-01 -6.22950693e-05
5.70434391e-03 -6.24062458e-01 8.66111712e-01 -2.44184173e-01 -1.16840085e-04
5.81008636e-03 -6.07044580e-01 8.62703739e-01 -2.60290953e-01 -6.70785509e-05
5.91593718e-03 -6.13710038e-01 8.59964340e-01 -2.50375994e-01 -8.88629791e-05
6.02189551e-03 -6.37632167e-01 8.59284174e-01 -2.24585840e-01 -2.18854412e-04
6.12796052e-03 -6.60594564e-01 8.58976704e-01 -2.05006886e-01 -3.70194579e-04
6.23413142e-03 -6.68911546e-01 8.57769060e-01 -1.94870109e-01 -4.43535895e-04
6.34040739e-03 -6.64959709e-01 8.55176902e-01 -1.93336704e-01 -3.66336330e-04
6.44678763e-03 -6.63103238e-01 8.51821261e-01 -1.99243060e-01 -2.28710480e-04
6.55327132e-03 -6.70817846e-01 8.49152091e-01 -1.91196956e-01 -2.30734953e-04
6.65985765e-03 -6.81854600e-01 8.50971961e-01 -1.74591827e-01 -2.77508265e-04
6.76654580e-03 -6.88112251e-01 8.57176676e-01 -1.75942033e-01 -4.14512790e-05
6.87333495e-03 -6.89064554e-01 8.62506581e-01 -1.89459826e-01 4.13194639e-04
6.98022429e-03 -6.90757111e-01 8.65084169e-01 -1.90468323e-01 5.95710086e-04
7.08721297e-03 -7.02575508e-01 8.66609416e-01 -1.76186091e-01 2.48164391e-04
7.19430017e-03 -7.32396417e-01 8.67575568e-01 -1.44966598e-01 -3.44164947e-04
7.30148506e-03 -7.74778476e-01 8.68443327e-01 -1.00275598e-01 -6.80271080e-04
7.40876680e-03 -8.07315997e-01 8.67273782e-01 -7.30728268e-02 -5.44530021e-04
7.51614455e-03 -8.13540722e-01 8.65142081e-01 -6.88515118e-02 -1.54027857e-04
7.62361748e-03 -8.01992724e-01 8.65591373e-01 -7.78661668e-02 1.80974264e-04
7.73118475e-03 -7.89514832e-01 8.63957779e-01 -9.67885990e-02 2.96419580e-04
7.83884553e-03 -7.78552819e-01 8.59078098e-01 -1.05244902e-01 1.83410063e-04
7.94659896e-03 -7.59626922e-01 8.58979153e-01 -1.16553138e-01 7.73959848e-05
8.05444421e-03 -7.27179956e-01 8.64692178e-01 -1.60360415e-01 1.97012178e-04
8.16238041e-03 -6.90709213e-01 8.68250609e-01 -2.09834551e-01 3.30774229e-04
8.27040673e-03 -6.72699211e-01 8.67152537e-01 -2.18723295e-01 2.22543787e-04
8.37852230e-03 -6.90362661e-01 8.62900468e-01 -1.87259337e-01 9.27796734e-05
8.48672626e-03 -7.36001096e-01 8.56900301e-01 -1.42658394e-01 1.82724559e-04
8.59501776e-03 -7.81870097e-01 8.54255315e-01 -9.78641767e-02 2.56325497e-04
8.70339592e-03 -8.06842044e-01 8.57555684e-01 -6.80283360e-02 5.37664852e-05
8.81185989e-03 -8.10079324e-01 8.61644089e-01 -6.65335322e-02 -2.93102243e-04
8.92040879e-03 -7.98508400e-01 8.63176988e-01 -8.43260885e-02 -5.87246311e-04
9.02904175e-03 -7.75221839e-01 8.64433769e-01 -1.08123356e-01 -7.82880622e-04
9.13775790e-03 -7.44697789e-01 8.65046690e-01 -1.33050576e-01 -7.67937497e-04
9.24655636e-03 -7.17432787e-01 8.63694540e-01 -1.61544995e-01 -4.29197752e-04
9.35543626e-03 -7.04248319e-01 8.63148150e-01 -1.83632807e-01 2.42372476e-05
9.46439670e-03 -7.11191525e-01 8.63869465e-01 -1.76407974e-01 2.54798149e-04
9.57343682e-03 -7.39708650e-01 8.63182573e-01 -1.41414419e-01 2.66199696e-04
9.68255571e-03 -7.83286748e-01 8.63756417e-01 -1.04855418e-01 2.45626727e-04
9.79175248e-03 -8.21555659e-01 8.67199644e-01 -7.70449542e-02 1.56772028e-04
9.90102625e-03 -8.31292205e-01 8.68372373e-01 -6.28587068e-02 -6.06253545e-05
1.00103761e-02 -8.13058100e-01 8.64066048e-01 -7.46187209e-02 -2.21429765e-04
1.01198012e-02 -7.94593997e-01 8.56503859e-01 -8.87002094e-02 -1.78805160e-04
1.02293006e-02 -7.99383899e-01 8.51348628e-01 -7.87052089e-02 -6.48171647e-05
1.03388733e-02 -8.23968750e-01 8.50948312e-01 -5.59963276e-02 -9.96733662e-05
1.04485186e-02 -8.50609944e-01 8.53177012e-01 -2.93249202e-02 -2.89902433e-04
1.05582354e-02 -8.71153339e-01 8.54943090e-01 -2.59844506e-04 -3.43879224e-04
1.06680230e-02 -8.90281886e-01 8.55944316e-01 1.30612012e-02 -8.45511559e-05
1.07778802e-02 -9.09433026e-01 8.57757388e-01 1.88401305e-02 1.46082121e-04
1.08878064e-02 -9.17520657e-01 8.58990836e-01 3.25827369e-02 3.32613555e-06
1.09978004e-02 -9.03025491e-01 8.56441217e-01 3.00100257e-02 -2.07139299e-04
1.11078615e-02 -8.74880765e-01 8.52499108e-01 -1.48541300e-03 -2.86433659e-05
1.12179886e-02 -8.57874289e-01 8.50591973e-01 -2.45164943e-02 3.78249112e-04
1.13281809e-02 -8.59243262e-01 8.51206191e-01 -2.03637012e-02 5.24752946e-04
1.14384375e-02 -8.61607232e-01 8.53447035e-01 -1.42808284e-02 2.82802541e-04
1.15487574e-02 -8.55528915e-01 8.54742593e-01 -2.18279221e-02 -8.87894904e-05
1.16591396e-02 -8.49041426e-01 8.54878579e-01 -2.70799628e-02 -2.92442007e-04
1.17695833e-02 -8.40851414e-01 8.55015427e-01 -3.09548253e-02 -1.67798076e-04
1.18800874e-02 -8.19054595e-01 8.57028951e-01 -5.95061115e-02 1.70663609e-04
1.19906512e-02 -7.93426807e-01 8.60188446e-01 -9.46536123e-02 3.32417647e-04
1.21012736e-02 -7.93018690e-01 8.60018873e-01 -9.01832150e-02 1.12936025e-04
1.22119536e-02 -8.23458624e-01 8.56389555e-01 -4.98523707e-02 -1.83488774e-04
1.23226905e-02 -8.58955900e-01 8.55644398e-01 -1.93108342e-02 -2.28803725e-04
1.24334831e-02 -8.80738038e-01 8.58689016e-01 -6.40821687e-03 -1.69375464e-04
1.25443305e-02 -8.93266392e-01 8.60039266e-01 1.67932672e-02 -2.31612487e-04
1.26552319e-02 -8.97512803e-01 8.58715800e-01 3.21413631e-02 -2.57036094e-04
1.27661862e-02 -8.78281519e-01 8.57217427e-01 1.09355423e-02 -6.11738397e-05
1.28771926e-02 -8.30435806e-01 8.56907036e-01 -3.20039744e-02 2.20225581e-04
1.29882499e-02 -7.76090949e-01 8.56290190e-01 -7.88161845e-02 3.95016934e-04
1.30993574e-02 -7.44019903e-01 8.53980721e-01 -1.08166208e-01 3.85931159e-04
1.32105139e-02 -7.44899375e-01 8.50872907e-01 -1.00505991e-01 1.55156495e-04
1.33217187e-02 -7.70928815e-01 8.48800214e-01 -6.75410782e-02 -2.29266340e-04
1.34329706e-02 -8.05292963e-01 8.48098529e-01 -2.70617697e-02 -5.24897221e-04
1.35442688e-02 -8.29874989e-01 8.47940611e-01 3.64872722e-03 -4.69117131e-04
1.36556123e-02 -8.37131350e-01 8.48905384e-01 8.34011081e-03 -8.58572246e-05
1.37670001e-02 -8.33886169e-01 8.51859668e-01 -5.45102561e-03 2.19090057e-04
1.38784312e-02 -8.28983632e-01 8.52585799e-01 -9.96348488e-03 1.17204189e-04
1.39899047e-02 -8.23887015e-01 8.48752358e-01 -5.74557520e-04 -1.27492956e-04
1.41014196e-02 -8.15071194e-01 8.44506714e-01 -4.06407333e-03 1.74946085e-06
1.42129750e-02 -8.01584620e-01 8.42920841e-01 -2.92567830e-02 4.46851174e-04
1.43245697e-02 -7.91196797e-01 8.43836519e-01 -4.02281099e-02 6.59664388e-04
1.44362030e-02 -7.95786249e-01 8.44265709e-01 -2.48626527e-02 4.81657159e-04
1.45478738e-02 -8.18663460e-01 8.42238813e-01 -4.05107176e-03 2.38785866e-04
1.46595810e-02 -8.49218484e-01 8.39069905e-01 2.39704418e-02 7.75111920e-05
1.47713239e-02 -8.70304753e-01 8.35664762e-01 5.16043912e-02 -1.28007271e-04
1.48831013e-02 -8.73113471e-01 8.35556311e-01 5.91362017e-02 -3.55379337e-04
1.49949122e-02 -8.65420787e-01 8.37967341e-01 5.42502380e-02 -3.64884852e-04
1.51067558e-02 -8.59316750e-01 8.39556237e-01 4.47094226e-02 -5.00072513e-05
1.52186310e-02 -8.57153175e-01 8.41368053e-01 3.39883141e-02 3.04977318e-04
1.53305368e-02 -8.57570765e-01 8.43840506e-01 3.13709132e-02 3.49494706e-04
1.54424722e-02 -8.63400024e-01 8.45779191e-01 3.75440265e-02 1.58018821e-04
1.55544363e-02 -8.71662144e-01 8.45838748e-01 4.53746573e-02 3.37786938e-05
1.56664281e-02 -8.77372082e-01 8.47699473e-01 4.77881805e-02 8.90579377e-05
1.57784465e-02 -8.88428342e-01 8.50663766e-01 5.09673243e-02 2.09176072e-04
1.58904907e-02 -9.10608661e-01 8.52022634e-01 6.50106997e-02 1.45791668e-04
1.60025595e-02 -9.33238126e-01 8.50642958e-01 8.80663311e-02 -1.95703121e-04
1.61146520e-02 -9.48457935e-01 8.48358704e-01 1.09941864e-01 -5.17636301e-04
1.62267672e-02 -9.66096027e-01 8.49292788e-01 1.24938650e-01 -4.50776280e-04
1.63389042e-02 -9.92381395e-01 8.51119392e-01 1.40005436e-01 -6.73920926e-05
1.64510618e-02 -1.01487094e+00 8.51398210e-01 1.59645856e-01 2.02302917e-04
1.65632392e-02 -1.02392832e+00 8.50398410e-01 1.72930775e-01 1.54336426e-04
1.66754353e-02 -1.02836274e+00 8.49663236e-01 1.75055271e-01 -2.44059633e-05
1.67876491e-02 -1.03709777e+00 8.49435485e-01 1.77725563e-01 -1.12577139e-04
1.68998796e-02 -1.04267037e+00 8.48189830e-01 1.82929200e-01 -5.11911710e-05
1.70121259e-02 -1.03408799e+00 8.46256643e-01 1.71138888e-01 1.07857111e-04
1.71243870e-02 -1.01557836e+00 8.43533585e-01 1.46346592e-01 2.30947312e-04
1.72366617e-02 -1.00235722e+00 8.39811428e-01 1.35745004e-01 2.32068553e-04
1.73489492e-02 -1.00039727e+00 8.37669301e-01 1.35492278e-01 1.95065041e-04
1.74612484e-02 -1.00009498e+00 8.37281248e-01 1.27704169e-01 1.89006575e-04
1.75735584e-02 -9.93252579e-01 8.36448871e-01 1.18374644e-01 1.43256961e-04
1.76858781e-02 -9.87334500e-01 8.36271364e-01 1.15401198e-01 5.93480913e-05
1.77982065e-02 -9.96031737e-01 8.35640202e-01 1.20904697e-01 4.83996610e-05
1.79105426e-02 -1.02053213e+00 8.33354792e-01 1.41079431e-01 1.02772332e-04
1.80228855e-02 -1.04759244e+00 8.32317722e-01 1.74400721e-01 1.43321678e-04
1.81352341e-02 -1.06675176e+00 8.34710767e-01 1.92252424e-01 1.57787432e-04
1.82475875e-02 -1.08317070e+00 8.38149292e-01 1.94880199e-01 4.23978735e-05
1.83599445e-02 -1.10616107e+00 8.40352425e-01 2.17048213e-01 -3.05347568e-04
1.84723043e-02 -1.12711416e+00 8.41517613e-01 2.48184116e-01 -5.97665139e-04
1.85846658e-02 -1.12555891e+00 8.41037413e-01 2.47131126e-01 -4.25658133e-04
1.86970279e-02 -1.10307101e+00 8.40260753e-01 2.16690003e-01 5.87195666e-05
1.88093898e-02 -1.08924168e+00 8.40353194e-01 2.08728619e-01 3.30862942e-04
1.89217504e-02 -1.10104198e+00 8.40257068e-01 2.33112506e-01 2.58938014e-04
1.90341088e-02 -1.12027257e+00 8.40185248e-01 2.49482544e-01 9.76507440e-05
1.91464638e-02 -1.12756638e+00 8.39525638e-01 2.53496971e-01 -2.92684953e-05
1.92588145e-02 -1.13124985e+00 8.36999385e-01 2.65574180e-01 -1.17129457e-04
1.93711599e-02 -1.14465398e+00 8.34575134e-01 2.82460728e-01 -9.31875974e-05
1.94834990e-02 -1.16102865e+00 8.33740092e-01 2.92865764e-01 5.72970827e-06
1.95958308e-02 -1.16690925e+00 8.32152560e-01 2.98337152e-01 1.68743168e-05
1.97081542e-02 -1.16264922e+00 8.29055502e-01 2.97652048e-01 -5.79218032e-05
1.98204684e-02 -1.15913959e+00 8.26057414e-01 2.92253580e-01 -6.79818749e-05
1.99327723e-02 -1.16297033e+00 8.24924604e-01 2.92662908e-01 -1.16187250e-06
2.00450648e-02 -1.17105295e+00 8.25704575e-01 3.00938758e-01 1.36661035e-05
2.01573450e-02 -1.17708669e+00 8.27522709e-01 3.07594523e-01 -5.84477042e-05
2.02696119e-02 -1.18035807e+00 8.29741577e-01 3.09678817e-01 -1.08292814e-04
2.03818645e-02 -1.18635345e+00 8.30800224e-01 3.11558667e-01 -6.61411876e-05
2.04941018e-02 -1.19738741e+00 8.28591462e-01 3.20953676e-01 -1.80644591e-05
2.06063228e-02 -1.20737767e+00 8.24771900e-01 3.36195868e-01 -5.82032882e-05
2.07185264e-02 -1.20969745e+00 8.23330026e-01 3.43829280e-01 -1.07359793e-04
2.08307118e-02 -1.20514289e+00 8.23858129e-01 3.37965605e-01 -3.26704543e-05
2.09428778e-02 -1.19929055e+00 8.23656996e-01 3.27633881e-01 1.19308252e-04
2.10550236e-02 -1.19753446e+00 8.23131680e-01 3.28787631e-01 2.17898518e-04
2.11671480e-02 -1.20244606e+00 8.22798950e-01 3.40152152e-01 2.91960901e-04
2.12792502e-02 -1.21060132e+00 8.21470281e-01 3.46735721e-01 4.03643190e-04
2.13913291e-02 -1.21534696e+00 8.20118557e-01 3.50069630e-01 4.30788834e-04
2.15033837e-02 -1.21480073e+00 8.20056620e-01 3.57716537e-01 2.94458646e-04
2.16154130e-02 -1.21124285e+00 8.21047991e-01 3.56741117e-01 1.57368288e-04
2.17274161e-02 -1.20563173e+00 8.22050494e-01 3.44576916e-01 1.34364999e-04
2.18393919e-02 -1.20115328e+00 8.22092316e-01 3.40406841e-01 1.40402277e-04
2.19513395e-02 -1.20379604e+00 8.21900976e-01 3.48848221e-01 1.55824999e-04
2.20632579e-02 -1.21044831e+00 8.21884875e-01 3.54504106e-01 2.58955163e-04
2.21751460e-02 -1.20918652e+00 8.21414523e-01 3.49909434e-01 3.70543345e-04
2.22870030e-02 -1.19748249e+00 8.20510266e-01 3.41850906e-01 3.17969004e-04
2.23988277e-02 -1.18651753e+00 8.19634555e-01 3.34984988e-01 1.18300209e-04
2.25106193e-02 -1.18531509e+00 8.18602513e-01 3.34980005e-01 -3.73431487e-05
2.26223768e-02 -1.19116669e+00 8.18134197e-01 3.42308581e-01 -5.61610832e-06
2.27340991e-02 -1.19564999e+00 8.19506416e-01 3.44191812e-01 1.87505561e-04
2.28457853e-02 -1.19374270e+00 8.22034007e-01 3.37699593e-01 3.77068764e-04
2.29574344e-02 -1.18680514e+00 8.24131810e-01 3.31069218e-01 4.28940295e-04
2.30690455e-02 -1.18023544e+00 8.25154070e-01 3.27219222e-01 3.75081945e-04
2.31806175e-02 -1.17865479e+00 8.25153306e-01 3.26882585e-01 3.19472118e-04
2.32921495e-02 -1.18128693e+00 8.25206819e-01 3.30191577e-01 2.85059556e-04
2.34036404e-02 -1.18310584e+00 8.25966603e-01 3.32937186e-01 2.32233845e-04
2.35150895e-02 -1.18190340e+00 8.25255935e-01 3.34324916e-01 1.57465094e-04
2.36264956e-02 -1.18200470e+00 8.22689686e-01 3.38815911e-01 1.02919422e-04
2.37378577e-02 -1.18824319e+00 8.20970722e-01 3.46944059e-01 9.02319339e-05
2.38491751e-02 -1.19792259e+00 8.20823313e-01 3.56289731e-01 9.74770480e-05
2.39604465e-02 -1.20401034e+00 8.21388919e-01 3.63404652e-01 1.21588663e-04
2.40716712e-02 -1.20402327e+00 8.22367395e-01 3.61465667e-01 1.92225425e-04
2.41828481e-02 -1.20044698e+00 8.23123460e-01 3.54701121e-01 2.94052369e-04
2.42939763e-02 -1.19626276e+00 8.23281598e-01 3.51717899e-01 3.73799102e-04
2.44050548e-02 -1.19348157e+00 8.23076294e-01 3.49405777e-01 4.06145478e-04
2.45160826e-02 -1.19229485e+00 8.22698445e-01 3.46749855e-01 3.68749318e-04
2.46270589e-02 -1.19027104e+00 8.22456622e-01 3.45837113e-01 2.42508518e-04
2.47379826e-02 -1.18524347e+00 8.21492692e-01 3.44086925e-01 8.41697321e-05
2.48488528e-02 -1.17937094e+00 8.19655531e-01 3.41690718e-01 -4.98924757e-06
2.49596685e-02 -1.17856932e+00 8.18739991e-01 3.42353494e-01 -3.49698373e-07
2.50704289e-02 -1.18712233e+00 8.18912960e-01 3.50344071e-01 3.01121955e-05
2.51811329e-02 -1.20243863e+00 8.19000744e-01 3.68255635e-01 6.06647659e-05
2.52917796e-02 -1.21461737e+00 8.18409375e-01 3.83564151e-01 1.73299122e-04
2.54023680e-02 -1.21387620e+00 8.17142733e-01 3.80745211e-01 3.86910363e-04
2.55128973e-02 -1.20130371e+00 8.15732437e-01 3.67799580e-01 5.45877618e-04
2.56233665e-02 -1.18873862e+00 8.14501223e-01 3.59595341e-01 5.26490677e-04
2.57337746e-02 -1.18586870e+00 8.13264503e-01 3.59664048e-01 4.13173639e-04
2.58441208e-02 -1.19165305e+00 8.12828836e-01 3.65669747e-01 3.61518121e-04
2.59544040e-02 -1.19742823e+00 8.13157153e-01 3.69950326e-01 4.02873998e-04
2.60646234e-02 -1.19420365e+00 8.13257395e-01 3.65035328e-01 4.39644972e-04
2.61747780e-02 -1.17970090e+00 8.13367544e-01 3.51165125e-01 3.91708153e-04
2.62848669e-02 -1.16091349e+00 8.13748735e-01 3.34600125e-01 3.14034042e-04
2.63948892e-02 -1.14678763e+00 8.14800192e-01 3.20980047e-01 3.24742134e-04
2.65048439e-02 -1.13862593e+00 8.15418881e-01 3.10014710e-01 4.21831033e-04
2.66147302e-02 -1.13186421e+00 8.14981763e-01 3.02095452e-01 4.68291905e-04
2.67245471e-02 -1.12522144e+00 8.14302968e-01 2.98037020e-01 3.97204424e-04
2.68342937e-02 -1.12221418e+00 8.13625191e-01 2.95770631e-01 3.00458371e-04
2.69439691e-02 -1.12479690e+00 8.12816274e-01 2.96674274e-01 2.73063548e-04
2.70535724e-02 -1.13062483e+00 8.11807753e-01 3.01965268e-01 2.86667654e-04
2.71631027e-02 -1.13584950e+00 8.11496217e-01 3.07855207e-01 2.92601130e-04
2.72725591e-02 -1.13860757e+00 8.11719673e-01 3.09965786e-01 3.28224236e-04
2.73819406e-02 -1.13633568e+00 8.12287869e-01 3.05772326e-01 4.34210148e-04
2.74912465e-02 -1.12525766e+00 8.12670835e-01 2.93375176e-01 5.54534401e-04
2.76004757e-02 -1.10601885e+00 8.12805280e-01 2.73003095e-01 5.83060019e-04
2.77096274e-02 -1.08650211e+00 8.13248312e-01 2.52901524e-01 4.86371001e-04
2.78187007e-02 -1.07410105e+00 8.13739358e-01 2.41275004e-01 3.56013238e-04
2.79276947e-02 -1.06689624e+00 8.14221156e-01 2.33882974e-01 3.23980173e-04
2.80366085e-02 -1.05779576e+00 8.14534217e-01 2.22563220e-01 4.01919345e-04
2.81454413e-02 -1.04596048e+00 8.14622200e-01 2.10022545e-01 4.72102377e-04
2.82541922e-02 -1.03710067e+00 8.14426083e-01 2.02518567e-01 4.49712150e-04
2.83628602e-02 -1.03323908e+00 8.14366558e-01 1.99116799e-01 3.70687168e-04
2.84714445e-02 -1.02928585e+00 8.15018573e-01 1.94682257e-01 3.12000327e-04
2.85799443e-02 -1.01999623e+00 8.15969987e-01 1.84782357e-01 2.99695739e-04
2.86883587e-02 -1.00637977e+00 8.16434880e-01 1.70495943e-01 3.00809792e-04
2.87966868e-02 -9.94927414e-01 8.16642949e-01 1.58995996e-01 2.77804845e-04
2.89049277e-02 -9.90337393e-01 8.17392007e-01 1.54345476e-01 2.44472020e-04
2.90130806e-02 -9.89241387e-01 8.18417854e-01 1.51926540e-01 2.44731424e-04
2.91211446e-02 -9.84564718e-01 8.18916535e-01 1.44857168e-01 2.75306682e-04
2.92291189e-02 -9.75378751e-01 8.19037258e-01 1.34327244e-01 2.83354212e-04
2.93370026e-02 -9.66836141e-01 8.19409570e-01 1.26141121e-01 2.53330322e-04
2.94447949e-02 -9.61483226e-01 8.20161905e-01 1.19996227e-01 2.27166286e-04
2.95524949e-02 -9.56914087e-01 8.20731190e-01 1.13966167e-01 2.26007315e-04
2.96601018e-02 -9.51119350e-01 8.20671434e-01 1.08488517e-01 2.29136019e-04
2.97676148e-02 -9.44870108e-01 8.20203361e-01 1.03136271e-01 2.29267753e-04
2.98750330e-02 -9.39295110e-01 8.20010058e-01 9.70652201e-02 2.35416887e-04
2.99823555e-02 -9.34702009e-01 8.20368941e-01 9.10563943e-02 2.31931332e-04
3.00895817e-02 -9.31417233e-01 8.20828982e-01 8.74004896e-02 1.95786354e-04
3.01967105e-02 -9.29378964e-01 8.21101555e-01 8.60426128e-02 1.44983231e-04
3.03037413e-02 -9.27632537e-01 8.21296927e-01 8.38530398e-02 1.18566853e-04
3.04106731e-02 -9.25803342e-01 8.21478694e-01 8.09686814e-02 1.18419331e-04
3.05175052e-02 -9.24506832e-01 8.21699525e-01 7.93812906e-02 1.16281079e-04
3.06242367e-02 -9.23467481e-01 8.21895467e-01 7.82043055e-02 1.02531373e-04
3.07308670e-02 -9.21561559e-01 8.21906279e-01 7.62139392e-02 9.11036564e-05
3.08373950e-02 -9.18907566e-01 8.21781736e-01 7.35119662e-02 9.06393792e-05
3.09438201e-02 -9.16547812e-01 8.21615334e-01 7.09176203e-02 9.30409168e-05
3.10501414e-02 -9.14477970e-01 8.21553400e-01 6.88657868e-02 8.95230266e-05
3.11563582e-02 -9.11713820e-01 8.21820626e-01 6.60737250e-02 8.77121031e-05
3.12624696e-02 -9.07683913e-01 8.22218912e-01 6.15868713e-02 9.93355836e-05
3.13684749e-02 -9.02672068e-01 8.22460141e-01 5.61996337e-02 1.16589591e-04
3.14743732e-02 -8.97398925e-01 8.22797362e-01 5.07694524e-02 1.19170559e-04
3.15801639e-02 -8.92477548e-01 8.23290118e-01 4.55683802e-02 1.01258886e-04
3.16858461e-02 -8.88139952e-01 8.23473755e-01 4.10004828e-02 7.70907695e-05
3.17914190e-02 -8.84568145e-01 8.23233802e-01 3.73983012e-02 6.17841829e-05
3.18968818e-02 -8.82232493e-01 8.22870223e-01 3.50271803e-02 5.53385630e-05
3.20022339e-02 -8.81551289e-01 8.22690760e-01 3.42918514e-02 4.79800040e-05
3.21074744e-02 -8.82162836e-01 8.22780491e-01 3.50686611e-02 3.89462452e-05
3.22126026e-02 -8.82631284e-01 8.23041407e-01 3.54836202e-02 3.90312956e-05
3.23176177e-02 -8.81444245e-01 8.23304025e-01 3.37279133e-02 4.82454596e-05
3.24225190e-02 -8.78654385e-01 8.23466285e-01 3.06155091e-02 4.89787919e-05
3.25273057e-02 -8.75752140e-01 8.23609406e-01 2.80150637e-02 3.42710423e-05
3.26319771e-02 -8.73615621e-01 8.23788382e-01 2.60442416e-02 2.15240304e-05
3.27365323e-02 -8.71647725e-01 8.23890749e-01 2.37591405e-02 2.39893689e-05
3.28409708e-02 -8.69214746e-01 8.23909713e-01 2.12337857e-02 3.17752641e-05
3.29452917e-02 -8.66666589e-01 8.23852581e-01 1.91134792e-02 3.40366916e-05
3.30494944e-02 -8.64462334e-01 8.23650823e-01 1.73715407e-02 3.62376320e-05
3.31535780e-02 -8.62457845e-01 8.23349006e-01 1.55666168e-02 4.26013066e-05
3.32575420e-02 -8.60601557e-01 8.23128412e-01 1.38489495e-02 4.20807825e-05
3.33613854e-02 -8.59462881e-01 8.23093474e-01 1.30025563e-02 2.59433481e-05
3.34651077e-02 -8.59485687e-01 8.23108891e-01 1.33332132e-02 5.79245548e-06
3.35687082e-02 -8.60159308e-01 8.23042451e-01 1.41457293e-02 2.18442987e-07
3.36721860e-02 -8.60450120e-01 8.22910648e-01 1.44468951e-02 1.03657229e-05
3.37755405e-02 -8.59882541e-01 8.22696395e-01 1.41042865e-02 2.08027818e-05
3.38787711e-02 -8.58690049e-01 8.22387351e-01 1.34927495e-02 2.20630907e-05
3.39818772e-02 -8.57055294e-01 8.22065269e-01 1.23866671e-02 1.98341350e-05
3.40848575e-02 -8.54993272e-01 8.21784701e-01 1.05133432e-02 1.96827100e-05
3.41877116e-02 -8.53000624e-01 8.21565195e-01 8.69645803e-03 1.69366241e-05
3.42904399e-02 -8.51857154e-01 8.21392344e-01 7.98863563e-03 9.21177945e-06
3.43930404e-02 -8.51530548e-01 8.21242346e-01 8.01303464e-03 5.18307713e-06
3.44955110e-02 -8.51104319e-01 8.21109644e-01 7.64673025e-03 1.08786580e-05
3.45978544e-02 -8.50016304e-01 8.20981953e-01 6.65217103e-03 1.85488839e-05
3.47000718e-02 -8.48672055e-01 8.20838191e-01 5.62015664e-03 1.78599826e-05
3.48021544e-02 -8.47696033e-01 8.20655374e-01 4.97627236e-03 9.15783877e-06
3.49040995e-02 -8.47201538e-01 8.20398187e-01 4.78232630e-03 -2.56767593e-07
3.50059252e-02 -8.46979309e-01 8.20114889e-01 4.90119325e-03 -5.50754763e-06
3.51076321e-02 -8.46898438e-01 8.19887318e-01 5.13884860e-03 -5.74326095e-06
3.52091763e-02 -8.46850364e-01 8.19696476e-01 5.35835285e-03 -1.90583303e-06
3.53105572e-02 -8.46615437e-01 8.19489577e-01 5.36183461e-03 3.22696808e-06
3.54119269e-02 -8.46064717e-01 8.19260365e-01 5.09204991e-03 5.71069940e-06
3.55135310e-02 -8.45333130e-01 8.19030772e-01 4.71961993e-03 4.65031040e-06
3.56155256e-02 -8.44606703e-01 8.18807420e-01 4.30922515e-03 3.41340718e-06
3.57179155e-02 -8.43893351e-01 8.18570502e-01 3.84822830e-03 4.24655435e-06
3.58206624e-02 -8.43146878e-01 8.18312603e-01 3.40854684e-03 5.13138747e-06
3.59237721e-02 -8.42443789e-01 8.18048635e-01 3.07259477e-03 3.80466418e-06
3.60272681e-02 -8.41892932e-01 8.17783329e-01 2.87764887e-03 1.37140782e-06
3.61311533e-02 -8.41476327e-01 8.17510696e-01 2.79113710e-03 1.83499646e-07
3.62354243e-02 -8.41081201e-01 8.17228102e-01 2.73102509e-03 6.13387330e-07
3.63400880e-02 -8.40640362e-01 8.16936748e-01 2.65053517e-03 1.35185782e-06
3.64451530e-02 -8.40175151e-01 8.16638892e-01 2.56066691e-03 1.52685516e-06
3.65506226e-02 -8.39724666e-01 8.16335934e-01 2.48299795e-03 1.34500159e-06
3.66565009e-02 -8.39290331e-01 8.16028434e-01 2.41910533e-03 1.22032582e-06
3.67627940e-02 -8.38853610e-01 8.15717206e-01 2.35891834e-03 1.20614844e-06
3.68695075e-02 -8.38409319e-01 8.15402540e-01 2.29801285e-03 1.20487759e-06
3.69766461e-02 -8.37964781e-01 8.15083658e-01 2.23940955e-03 1.20531535e-06
3.70842153e-02 -8.37523401e-01 8.14760694e-01 2.18585882e-03 1.22984501e-06
3.71922207e-02 -8.37082101e-01 8.14434961e-01 2.13574459e-03 1.26536093e-06
3.73006678e-02 -8.36638364e-01 8.14107112e-01 2.08562074e-03 1.29692414e-06
3.74095622e-02 -8.36192478e-01 8.13776805e-01 2.03466254e-03 1.32377541e-06
3.75189094e-02 -8.35745291e-01 8.13443559e-01 1.98469578e-03 1.33623243e-06
3.76287153e-02 -8.35297291e-01 8.13107306e-01 1.93701597e-03 1.32110581e-06
3.77389856e-02 -8.34848974e-01 8.12768297e-01 1.89156347e-03 1.28589401e-06
3.78497263e-02 -8.34400580e-01 8.12426729e-01 1.84795254e-03 1.25375958e-06
3.79609432e-02 -8.33951844e-01 8.12082695e-01 1.80583615e-03 1.23690728e-06
3.80726424e-02 -8.33502469e-01 8.11736257e-01 1.76497050e-03 1.22453423e-06
3.81848300e-02 -8.33052309e-01 8.11387470e-01 1.72533225e-03 1.20271687e-06
3.82975122e-02 -8.32601311e-01 8.11036399e-01 1.68696600e-03 1.17640636e-06
3.84106952e-02 -8.32149662e-01 8.10683082e-01 1.64980299e-03 1.15272124e-06
3.85243855e-02 -8.31697496e-01 8.10327558e-01 1.61376840e-03 1.12918178e-06
3.86385893e-02 -8.31244743e-01 8.09969869e-01 1.57882871e-03 1.10580588e-06
3.87533133e-02 -8.30791355e-01 8.09610043e-01 1.54493898e-03 1.08400131e-06
3.88685640e-02 -8.30337301e-01 8.09248114e-01 1.51205233e-03 1.06361335e-06
3.89843482e-02 -8.29882566e-01 8.08884106e-01 1.48012571e-03 1.04459485e-06
3.91006726e-02 -8.29427145e-01 8.08518040e-01 1.44912313e-03 1.02705165e-06
3.92175441e-02 -8.28971029e-01 8.08149937e-01 1.41900981e-03 1.01139691e-06
3.93349696e-02 -8.28514201e-01 8.07779812e-01 1.38974968e-03 9.97819952e-07
3.94529563e-02 -8.28056637e-01 8.07407678e-01 1.36130719e-03 9.86244711e-07
3.95715112e-02 -8.27598317e-01 8.07033545e-01 1.33364926e-03 9.76534452e-07
3.96906417e-02 -8.27139224e-01 8.06657423e-01 1.30674474e-03 9.68677995e-07
3.98103551e-02 -8.26679339e-01 8.06279319e-01 1.28056334e-03 9.62719753e-07
3.99306589e-02 -8.26218641e-01 8.05899239e-01 1.25507567e-03 9.58630039e-07
4.00515606e-02 -8.25757105e-01 8.05517187e-01 1.23025398e-03 9.56289156e-07
4.01730679e-02 -8.25294710e-01 8.05133168e-01 1.20607244e-03 9.55559089e-07
4.02951887e-02 -8.24831438e-01 8.04747186e-01 1.18250660e-03 9.56328229e-07
4.04179307e-02 -8.24367264e-01 8.04359244e-01 1.15953304e-03 9.58489300e-07
4.05413020e-02 -8.23902168e-01 8.03969344e-01 1.13712927e-03 9.61919751e-07
4.06653108e-02 -8.23436127e-01 8.03577485e-01 1.11527396e-03 9.66489192e-07
4.07899653e-02 -8.22969118e-01 8.03183671e-01 1.09394696e-03 9.72079117e-07
4.09152738e-02 -8.22501121e-01 8.02787899e-01 1.07312926e-03 9.78591722e-07
4.10412448e-02 -8.22032112e-01 8.02390166e-01 1.05280277e-03 9.85938819e-07
4.11678870e-02 -8.21562071e-01 8.01990472e-01 1.03295012e-03 9.94031173e-07
4.12952091e-02 -8.21090974e-01 8.01588812e-01 1.01355455e-03 1.00276682e-06
4.14232199e-02 -8.20618799e-01 8.01185183e-01 9.94599862e-04 1.01202303e-06
4.15519285e-02 -8.20145524e-01 8.00779578e-01 9.76070496e-04 1.02165966e-06
4.16813440e-02 -8.19671125e-01 8.00371993e-01 9.57951697e-04 1.03153391e-06
4.18114756e-02 -8.19195579e-01 7.99962419e-01 9.40229537e-04 1.04152176e-06
4.19423329e-02 -8.18718863e-01 7.99550849e-01 9.22890999e-04 1.05153159e-06
4.20739252e-02 -8.18240956e-01 7.99137273e-01 9.05923782e-04 1.06150467e-06
4.22062625e-02 -8.17761832e-01 7.98721679e-01 8.89316270e-04 1.07140462e-06
4.23393544e-02 -8.17281471e-01 7.98304053e-01 8.73057283e-04 1.08119862e-06
4.24732110e-02 -8.16799846e-01 7.97884379e-01 8.57136022e-04 1.09084184e-06
4.26078426e-02 -8.16316935e-01 7.97462640e-01 8.41542007e-04 1.10026737e-06
4.27432593e-02 -8.15832712e-01 7.97038817e-01 8.26265130e-04 1.10939145e-06
4.28794718e-02 -8.15347153e-01 7.96612887e-01 8.11295772e-04 1.11812688e-06
4.30164906e-02 -8.14860232e-01 7.96184827e-01 7.96624889e-04 1.12640525e-06
4.31543265e-02 -8.14371924e-01 7.95754611e-01 7.82243926e-04 1.13418773e-06
4.32929907e-02 -8.13882204e-01 7.95322216e-01 7.68144822e-04 1.14146374e-06
4.34324941e-02 -8.13391047e-01 7.94887613e-01 7.54319837e-04 1.14824316e-06
4.35728483e-02 -8.12898426e-01 7.94450778e-01 7.40761472e-04 1.15453666e-06
4.37140646e-02 -8.12404317e-01 7.94011688e-01 7.27462435e-04 1.16033964e-06
4.38561550e-02 -8.11908693e-01 7.93570322e-01 7.14415624e-04 1.16562926e-06
4.39991311e-02 -8.11411528e-01 7.93126659e-01 7.01614246e-04 1.17036686e-06
4.41430053e-02 -8.10912795e-01 7.92680681e-01 6.89051861e-04 1.17451014e-06
4.42877897e-02 -8.10412469e-01 7.92232374e-01 6.76722398e-04 1.17803108e-06
4.44334969e-02 -8.09910523e-01 7.91781721e-01 6.64620106e-04 1.18092490e-06
4.45801396e-02 -8.09406932e-01 7.91328709e-01 6.52739484e-04 1.18320669e-06
4.47277308e-02 -8.08901668e-01 7.90873325e-01 6.41075197e-04 1.18490284e-06
4.48762836e-02 -8.08394704e-01 7.90415553e-01 6.29622040e-04 1.18604332e-06
4.50258114e-02 -8.07886014e-01 7.89955383e-01 6.18374925e-04 1.18664999e-06
4.51763278e-02 -8.07375569e-01 7.89492797e-01 6.07328841e-04 1.18672127e-06
4.53278466e-02 -8.06863343e-01 7.89027782e-01 5.96478998e-04 1.18622951e-06
4.54803820e-02 -8.06349306e-01 7.88560320e-01 5.85820870e-04 1.18514338e-06
4.56339482e-02 -8.05833428e-01 7.88090389e-01 5.75350329e-04 1.18346455e-06
4.57885598e-02 -8.05315678e-01 7.87617971e-01 5.65063364e-04 1.18125420e-06
4.59442316e-02 -8.04796029e-01 7.87143039e-01 5.54955797e-04 1.17856374e-06
4.61009787e-02 -8.04274454e-01 7.86665567e-01 5.45023348e-04 1.17531578e-06
4.62588165e-02 -8.03750916e-01 7.86185524e-01 5.35262275e-04 1.17141272e-06
4.64177606e-02 -8.03225376e-01 7.85702878e-01 5.25669698e-04 1.16697379e-06
4.65778269e-02 -8.02697799e-01 7.85217589e-01 5.16242690e-04 1.16228950e-06
4.67390316e-02 -8.02168165e-01 7.84729624e-01 5.06976694e-04 1.15754633e-06
4.69013911e-02 -8.01636462e-01 7.84238944e-01 4.97865967e-04 1.15237134e-06
4.70649223e-02 -8.01102650e-01 7.83745497e-01 4.88907020e-04 1.14569049e-06
4.72296422e-02 -8.00566627e-01 7.83249272e-01 4.80101467e-04 1.13752514e-06
4.73955681e-02 -8.00028335e-01 7.82750226e-01 4.71451086e-04 1.13042333e-06
4.75627179e-02 -7.99487842e-01 7.82248285e-01 4.62948542e-04 1.12583976e-06
4.77311097e-02 -7.98945226e-01 7.81743479e-01 4.54578026e-04 1.12069124e-06
4.79007615e-02 -7.98400411e-01 7.81235792e-01 4.46331753e-04 1.11062664e-06
4.80716923e-02 -7.97853118e-01 7.80725038e-01 4.38226090e-04 1.09435272e-06
4.82439216e-02 -7.97302982e-01 7.80211317e-01 4.30288314e-04 1.07911888e-06
4.84174678e-02 -7.96750252e-01 7.79694778e-01 4.22508501e-04 1.08163998e-06
4.85923506e-02 -7.96196072e-01 7.79174910e-01 4.14818838e-04 1.09793304e-06
4.87685926e-02 -7.95640503e-01 7.78651736e-01 4.07172050e-04 1.08336467e-06
4.89462127e-02 -7.95081206e-01 7.78126124e-01 3.99641496e-04 1.02192523e-06
4.91252275e-02 -7.94516786e-01 7.77597102e-01 3.92365411e-04 9.81047638e-07
4.93056662e-02 -7.93949553e-01 7.77063533e-01 3.85351504e-04 1.01732894e-06
4.94875536e-02 -7.93382782e-01 7.76528115e-01 3.78383948e-04 1.09816991e-06
4.96708921e-02 -7.92818079e-01 7.75990932e-01 3.71209843e-04 1.13958091e-06
4.98557119e-02 -7.92251744e-01 7.75446427e-01 3.63929426e-04 1.00318813e-06
5.00420755e-02 -7.91670246e-01 7.74897956e-01 3.57123715e-04 6.76830624e-07
5.02299645e-02 -7.91069616e-01 7.74353839e-01 3.51155574e-04 6.44815157e-07
5.04193394e-02 -7.90483964e-01 7.73803309e-01 3.45287117e-04 1.32515976e-06
5.06103504e-02 -7.89942473e-01 7.73236059e-01 3.38375637e-04 1.82214539e-06
5.08031072e-02 -7.89389479e-01 7.72675287e-01 3.30800051e-04 8.80264609e-07
5.09973262e-02 -7.88746650e-01 7.72131334e-01 3.24333855e-04 -4.67407015e-07
5.11929405e-02 -7.88071801e-01 7.71561909e-01 3.19440651e-04 1.88812475e-07
5.13906741e-02 -7.87505042e-01 7.70959030e-01 3.14377004e-04 2.19703029e-06
5.15906472e-02 -7.87021619e-01 7.70386276e-01 3.08007725e-04 2.31963393e-06
5.17912761e-02 -7.86444854e-01 7.69851670e-01 3.01412298e-04 2.20077322e-07
5.19924591e-02 -7.85734102e-01 7.69274395e-01 2.95643486e-04 -6.56729782e-07
5.21999854e-02 -7.85051302e-01 7.68630599e-01 2.89992105e-04 8.62680873e-07
5.24238317e-02 -7.84448868e-01 7.67985205e-01 2.83719589e-04 1.64822700e-06
5.26715175e-02 -7.83777248e-01 7.67321566e-01 2.77292054e-04 8.95398539e-07
5.29454664e-02 -7.82955527e-01 7.66550172e-01 2.70878007e-04 4.30400553e-07
5.32466811e-02 -7.82040702e-01 7.65666404e-01 2.63837401e-04 7.01495944e-07
5.35779639e-02 -7.81076239e-01 7.64723370e-01 2.55853523e-04 9.09801987e-07
5.39430855e-02 -7.80032255e-01 7.63714845e-01 2.47296859e-04 7.59495960e-07
5.43454049e-02 -7.78875736e-01 7.62589360e-01 2.38456196e-04 5.74746561e-07
5.47883700e-02 -7.77601868e-01 7.61336599e-01 2.29256046e-04 5.23190285e-07
5.52761777e-02 -7.76208492e-01 7.59985685e-01 2.19644247e-04 5.41969703e-07
5.58135070e-02 -7.74688626e-01 7.58505973e-01 2.09772305e-04 5.89473084e-07
5.64053153e-02 -7.73036518e-01 7.56860407e-01 1.99777126e-04 6.16868962e-07
5.70570794e-02 -7.71238217e-01 7.55076894e-01 1.89594174e-04 5.65580307e-07
5.77749160e-02 -7.69273136e-01 7.53144904e-01 1.79073365e-04 4.58036721e-07
5.85655312e-02 -7.67127463e-01 7.51014711e-01 1.68182994e-04 3.49707660e-07
5.94362812e-02 -7.64791756e-01 7.48683346e-01 1.57052857e-04 2.68454547e-07
6.03952907e-02 -7.62253503e-01 7.46146732e-01 1.45867809e-04 2.08385027e-07
6.14515131e-02 -7.59495579e-01 7.43376655e-01 1.34781182e-04 1.52819130e-07
6.26147967e-02 -7.56499430e-01 7.40356850e-01 1.23898336e-04 8.96872015e-08
6.38959901e-02 -7.53247519e-01 7.37070888e-01 1.13283312e-04 1.49661117e-08
6.53070450e-02 -7.49723435e-01 7.33497242e-01 1.02990294e-04 -6.79034565e-08
6.68611216e-02 -7.45910502e-01 7.29615795e-01 9.30875518e-05 -1.52824823e-07
6.85727120e-02 -7.41790405e-01 7.25405652e-01 8.36563936e-05 -2.34728657e-07
7.04577781e-02 -7.37342952e-01 7.20843516e-01 7.47772280e-05 -3.10125592e-07
7.25338979e-02 -7.32546801e-01 7.15904939e-01 6.65164066e-05 -3.75832812e-07
7.48204292e-02 -7.27380227e-01 7.10565984e-01 5.89222201e-05 -4.27842267e-07
7.73386913e-02 -7.21821251e-01 7.04803481e-01 5.20266632e-05 -4.61304131e-07
