VARIABLES="Y/c","convection","viscous",pressure gradient",Reynolds stress"
0.00000000e+00 0.00000000e+00 5.70502409e+00 1.18024992e-05 -6.20602753e+00
1.09846017e-06 -1.69406137e-03 5.72032169e+00 -4.41185314e-06 -5.80850476e+00
2.23765486e-06 -1.65203280e-03 5.72425841e+00 -1.50293031e-06 -5.71024453e+00
3.41895903e-06 -4.46039445e-03 5.72238435e+00 -6.74713145e-06 -5.84165332e+00
4.64378265e-06 -6.45779236e-03 5.72476849e+00 -1.27707096e-05 -5.71581599e+00
5.91357050e-06 -1.10434574e-02 5.72348080e+00 -2.61407798e-05 -5.81008990e+00
7.22980200e-06 -1.53491945e-02 5.72437117e+00 -4.31646163e-05 -5.73707302e+00
8.59399073e-06 -2.21800161e-02 5.72414896e+00 -6.12702910e-05 -5.77106213e+00
1.00076839e-05 -2.92660837e-02 5.72288583e+00 -8.71422264e-05 -5.74251441e+00
1.14724617e-05 -3.87792355e-02 5.72445803e+00 -1.07564903e-04 -5.74170785e+00
1.29899363e-05 -4.91657792e-02 5.72022691e+00 -1.31176785e-04 -5.72907497e+00
1.45617509e-05 -6.19708083e-02 5.72442723e+00 -1.47808537e-04 -5.71546257e+00
1.61895782e-05 -7.62556040e-02 5.71637239e+00 -1.61777112e-04 -5.70291170e+00
1.78751192e-05 -9.30690675e-02 5.72407251e+00 -1.66509184e-04 -5.68456427e+00
1.96201010e-05 -1.12008627e-01 5.71137317e+00 -1.65003315e-04 -5.66700829e+00
2.14262752e-05 -1.33678738e-01 5.72339246e+00 -1.53787132e-04 -5.64468450e+00
2.32954149e-05 -1.58164032e-01 5.70539626e+00 -1.34455513e-04 -5.62098713e+00
2.52293125e-05 -1.85682405e-01 5.72234616e+00 -1.06917633e-04 -5.59338453e+00
2.72297765e-05 -2.16742500e-01 5.69877167e+00 -7.21988880e-05 -5.56296458e+00
2.92986277e-05 -2.51212078e-01 5.72083817e+00 -3.20601164e-05 -5.52863382e+00
3.14376959e-05 -2.90003484e-01 5.69204270e+00 1.22091080e-05 -5.49059866e+00
3.36488148e-05 -3.32626172e-01 5.71871689e+00 5.81565328e-05 -5.44824158e+00
3.59338177e-05 -3.80424520e-01 5.68601839e+00 1.04276131e-04 -5.40140123e+00
3.82945321e-05 -4.32508981e-01 5.71580245e+00 1.48252227e-04 -5.34974901e+00
4.07327731e-05 -4.90729245e-01 5.68181981e+00 1.88586252e-04 -5.29271969e+00
4.32503377e-05 -5.53724937e-01 5.71196770e+00 2.23630585e-04 -5.23042220e+00
4.58489968e-05 -6.23944608e-01 5.68090720e+00 2.52119742e-04 -5.16165298e+00
4.85304876e-05 -6.99486896e-01 5.70730323e+00 2.73153032e-04 -5.08724193e+00
5.12965047e-05 -7.83442001e-01 5.68506472e+00 2.85725319e-04 -5.00502286e+00
5.41486907e-05 -8.73384243e-01 5.70240313e+00 2.89436782e-04 -4.91693216e+00
5.70886255e-05 -9.72958063e-01 5.69629760e+00 2.83286821e-04 -4.81939447e+00
6.01178151e-05 -1.07933657e+00 5.69879364e+00 2.67017436e-04 -4.71614606e+00
6.32376789e-05 -1.19673572e+00 5.71655768e+00 2.39261912e-04 -4.60080588e+00
6.64495369e-05 -1.32132288e+00 5.69942486e+00 1.99752562e-04 -4.48253281e+00
6.97545942e-05 -1.46005443e+00 5.74718364e+00 1.46584218e-04 -4.34294337e+00
7.31539261e-05 -1.60308632e+00 5.70876531e+00 7.98831155e-05 -4.21696008e+00
7.66484603e-05 -1.76731216e+00 5.78791471e+00 -2.16190924e-06 -4.03973924e+00
8.02389588e-05 -1.93462669e+00 5.73140387e+00 -9.85919860e-05 -3.91035572e+00
8.39259982e-05 -2.11169264e+00 5.83429578e+00 -2.07984355e-04 -3.71085236e+00
8.77099520e-05 -2.34655352e+00 5.76836018e+00 -3.29939139e-04 -3.48034700e+00
9.15924622e-05 -2.39659872e+00 5.86945029e+00 -4.54354889e-04 -3.39554316e+00
9.55739222e-05 -2.65322371e+00 5.79503699e+00 -5.81352508e-04 -3.13225834e+00
9.96576399e-05 -2.86430090e+00 5.86198851e+00 -6.97017526e-04 -2.90044589e+00
1.03846383e-04 -3.08951888e+00 5.79976398e+00 -7.93396844e-04 -2.69341618e+00
1.08143279e-04 -3.34297110e+00 5.83024859e+00 -8.59007430e-04 -2.42861657e+00
1.12551883e-04 -3.58487660e+00 5.79494680e+00 -8.82618269e-04 -2.18567701e+00
1.17076238e-04 -3.85679276e+00 5.79320960e+00 -8.57637457e-04 -1.91103406e+00
1.21721017e-04 -4.13034079e+00 5.78765774e+00 -7.78498657e-04 -1.63287781e+00
1.26491584e-04 -4.42008061e+00 5.76227034e+00 -6.47745183e-04 -1.33919361e+00
1.31394054e-04 -4.72154231e+00 5.78087080e+00 -4.71647408e-04 -1.03656845e+00
1.36435541e-04 -5.03402089e+00 5.74176753e+00 -2.63671086e-04 -7.20049659e-01
1.41624393e-04 -5.35839194e+00 5.77448155e+00 -4.02344828e-05 -3.92642503e-01
1.46970080e-04 -5.69333707e+00 5.73061633e+00 1.79764746e-04 -5.59985355e-02
1.52483256e-04 -6.03693287e+00 5.76699846e+00 3.79693710e-04 2.87588097e-01
1.58176641e-04 -6.39017692e+00 5.72506803e+00 5.47056712e-04 6.42415894e-01
1.64065468e-04 -6.74865868e+00 5.75707209e+00 6.75687583e-04 1.00699556e+00
1.70165531e-04 -7.11476129e+00 5.72122079e+00 7.65665239e-04 1.37498754e+00
1.76489864e-04 -7.48121542e+00 5.74438957e+00 8.22762494e-04 1.74280483e+00
1.83047600e-04 -7.84972481e+00 5.71634606e+00 8.56394588e-04 2.11203623e+00
1.89846004e-04 -8.21148796e+00 5.72954827e+00 8.75916658e-04 2.48017440e+00
1.96892765e-04 -8.56731846e+00 5.70906489e+00 8.88395914e-04 2.83938099e+00
2.04196308e-04 -8.90753582e+00 5.71336727e+00 8.97398330e-04 3.18359937e+00
2.11765137e-04 -9.23045714e+00 5.69886268e+00 9.04215451e-04 3.50936018e+00
2.19607743e-04 -9.52671829e+00 5.69637324e+00 9.08075156e-04 3.81104122e+00
2.27732862e-04 -9.79202587e+00 5.68570859e+00 9.07766033e-04 4.08064464e+00
2.36149497e-04 -1.00183592e+01 5.67873432e+00 9.01993595e-04 4.31148984e+00
2.44866877e-04 -1.01991710e+01 5.66992555e+00 8.90177212e-04 4.49756018e+00
2.53894420e-04 -1.03286691e+01 5.66047093e+00 8.71683822e-04 4.63198383e+00
2.63241425e-04 -1.03990988e+01 5.65212529e+00 8.46174172e-04 4.70806636e+00
2.72916634e-04 -1.04078693e+01 5.64167798e+00 8.13431368e-04 4.72128185e+00
2.82928175e-04 -1.03491837e+01 5.63311794e+00 7.73644437e-04 4.66882044e+00
2.93283835e-04 -1.02250882e+01 5.62264576e+00 7.27098362e-04 4.54940036e+00
3.03991227e-04 -1.00338437e+01 5.61379426e+00 6.74413859e-04 4.36420165e+00
3.15057740e-04 -9.78269981e+00 5.60385201e+00 6.16561791e-04 4.11766604e+00
3.26490441e-04 -9.47632112e+00 5.59499281e+00 5.54874191e-04 3.81708796e+00
3.38295958e-04 -9.12711525e+00 5.58585777e+00 4.90918616e-04 3.47240888e+00
3.50480369e-04 -8.74563658e+00 5.57738366e+00 4.26441274e-04 3.09610806e+00
3.63049376e-04 -8.34736731e+00 5.56915634e+00 3.63271928e-04 2.70238528e+00
3.76008729e-04 -7.94612580e+00 5.56137333e+00 3.03118294e-04 2.30585694e+00
3.89364403e-04 -7.55664025e+00 5.55403052e+00 2.47476591e-04 1.92064570e+00
4.03122286e-04 -7.19134791e+00 5.54705863e+00 1.97495579e-04 1.55944966e+00
4.17287811e-04 -6.86029305e+00 5.54048048e+00 1.53935253e-04 1.23245546e+00
4.31865797e-04 -6.57075787e+00 5.53425017e+00 1.17084894e-04 9.46644412e-01
4.46860404e-04 -6.32590690e+00 5.52825105e+00 8.68283889e-05 7.05590376e-01
4.62275173e-04 -6.12642743e+00 5.52256421e+00 6.26860163e-05 5.09546835e-01
4.78112986e-04 -5.96926003e+00 5.51693018e+00 4.39438601e-05 3.55949116e-01
4.94376041e-04 -5.85014527e+00 5.51154163e+00 2.97353145e-05 2.40155365e-01
5.11066393e-04 -5.76277000e+00 5.50607030e+00 1.91642985e-05 1.56236804e-01
5.28186158e-04 -5.70107101e+00 5.50075690e+00 1.13837148e-05 9.78384883e-02
5.45736173e-04 -5.65868216e+00 5.49528580e+00 5.66207008e-06 5.88864475e-02
5.63715789e-04 -5.63040368e+00 5.48988421e+00 1.39621592e-06 3.40068614e-02
5.82125074e-04 -5.61170794e+00 5.48430104e+00 -1.87262156e-06 1.88034144e-02
6.00963427e-04 -5.59932401e+00 5.47871104e+00 -4.46970838e-06 9.95211715e-03
6.20225645e-04 -5.59080873e+00 5.47294817e+00 -6.61619616e-06 5.04640499e-03
6.39907597e-04 -5.58454341e+00 5.46712274e+00 -8.46163354e-06 2.42625703e-03
6.60013661e-04 -5.57947069e+00 5.46114188e+00 -1.00978554e-05 1.08342807e-03
6.80543360e-04 -5.57499167e+00 5.45505904e+00 -1.15714185e-05 4.73952686e-04
7.01479268e-04 -5.57083432e+00 5.44884573e+00 -1.29070312e-05 2.40620598e-04
7.22816057e-04 -5.56677976e+00 5.44251151e+00 -1.41253782e-05 1.12838883e-04
7.44582267e-04 -5.56267205e+00 5.43605073e+00 -1.52488841e-05 -1.48906688e-06
7.66774778e-04 -5.55843857e+00 5.42945023e+00 -1.62845510e-05 -3.90521360e-05
7.89274378e-04 -5.55419512e+00 5.42276777e+00 -1.72207954e-05 1.86009154e-05
8.11891572e-04 -5.55002601e+00 5.41602786e+00 -1.80484403e-05 8.10543196e-05
8.34507670e-04 -5.54588476e+00 5.40929671e+00 -1.87949427e-05 5.54888500e-05
8.57122252e-04 -5.54163720e+00 5.40254396e+00 -1.94768195e-05 -3.11987284e-05
8.79768628e-04 -5.53729962e+00 5.39578724e+00 -2.00847706e-05 -5.12690477e-05
9.02445929e-04 -5.53296978e+00 5.38901506e+00 -2.06233470e-05 -3.73252749e-06
9.25139423e-04 -5.52867576e+00 5.38222545e+00 -2.11004275e-05 1.03720748e-05
9.47850342e-04 -5.52438308e+00 5.37542795e+00 -2.15234155e-05 1.69461232e-06
9.70584999e-04 -5.52007066e+00 5.36861478e+00 -2.19040110e-05 5.49309123e-06
9.93341609e-04 -5.51574870e+00 5.36178890e+00 -2.22425489e-05 8.24752697e-06
1.01611721e-03 -5.51141667e+00 5.35495003e+00 -2.25404311e-05 6.41704398e-06
1.03891276e-03 -5.50707017e+00 5.34809853e+00 -2.28042505e-05 5.61045733e-06
1.06172894e-03 -5.50271187e+00 5.34123427e+00 -2.30374269e-05 6.74644574e-06
1.08456468e-03 -5.49834284e+00 5.33435679e+00 -2.32426259e-05 5.56181072e-06
1.10741952e-03 -5.49396118e+00 5.32746706e+00 -2.34220738e-05 2.65749770e-06
1.13029359e-03 -5.48956646e+00 5.32056453e+00 -2.35789854e-05 -5.76136827e-07
1.15318660e-03 -5.48515964e+00 5.31364945e+00 -2.37156433e-05 -5.00464730e-06
1.17609818e-03 -5.48074085e+00 5.30672193e+00 -2.38338874e-05 -1.08078281e-05
1.19902822e-03 -5.47631043e+00 5.29978185e+00 -2.39355422e-05 -1.67548054e-05
1.22197661e-03 -5.47186961e+00 5.29282961e+00 -2.40222560e-05 -2.19111092e-05
1.24494312e-03 -5.46741951e+00 5.28586477e+00 -2.40954071e-05 -2.55016673e-05
1.26792757e-03 -5.46296101e+00 5.27888804e+00 -2.41562200e-05 -2.65320412e-05
1.29092980e-03 -5.45849462e+00 5.27189884e+00 -2.42062147e-05 -2.44340193e-05
1.31394964e-03 -5.45402039e+00 5.26489788e+00 -2.42461359e-05 -1.93677883e-05
1.33698690e-03 -5.44953762e+00 5.25788466e+00 -2.42769773e-05 -1.20340711e-05
1.36004141e-03 -5.44504517e+00 5.25085978e+00 -2.43000923e-05 -3.58636290e-06
1.38311299e-03 -5.44054167e+00 5.24382284e+00 -2.43161996e-05 4.56979032e-06
1.40620145e-03 -5.43602590e+00 5.23677428e+00 -2.43259584e-05 1.11701533e-05
1.42930662e-03 -5.43149703e+00 5.22971388e+00 -2.43302761e-05 1.53854748e-05
1.45242831e-03 -5.42695486e+00 5.22264191e+00 -2.43295508e-05 1.69564615e-05
1.47556634e-03 -5.42239972e+00 5.21555828e+00 -2.43248106e-05 1.61882809e-05
1.49872053e-03 -5.41783236e+00 5.20846314e+00 -2.43157422e-05 1.37856186e-05
1.52189069e-03 -5.41325366e+00 5.20135651e+00 -2.43033454e-05 1.05967543e-05
1.54507663e-03 -5.40866441e+00 5.19423845e+00 -2.42876471e-05 7.38307162e-06
1.56827818e-03 -5.40406514e+00 5.18710904e+00 -2.42690469e-05 4.66428267e-06
1.59149514e-03 -5.39945610e+00 5.17996828e+00 -2.42478036e-05 2.66711146e-06
1.61472733e-03 -5.39483731e+00 5.17281627e+00 -2.42240157e-05 1.37305346e-06
1.63797457e-03 -5.39020860e+00 5.16565301e+00 -2.41982494e-05 6.21962917e-07
1.66123667e-03 -5.38556982e+00 5.15847860e+00 -2.41705073e-05 2.16294590e-07
1.68451345e-03 -5.38092082e+00 5.15129302e+00 -2.41411443e-05 -7.93290095e-09
1.70780473e-03 -5.37626151e+00 5.14409637e+00 -2.41103497e-05 -1.52898125e-07
1.73111032e-03 -5.37159188e+00 5.13688865e+00 -2.40782757e-05 -2.64371295e-07
1.75443005e-03 -5.36691194e+00 5.12966992e+00 -2.40448508e-05 -3.53816319e-07
1.77776371e-03 -5.36222171e+00 5.12244021e+00 -2.40106064e-05 -4.21619031e-07
1.80111114e-03 -5.35752120e+00 5.11519959e+00 -2.39753697e-05 -4.70436858e-07
1.82447215e-03 -5.35281045e+00 5.10794811e+00 -2.39391976e-05 -5.07552335e-07
1.84784654e-03 -5.34808947e+00 5.10068583e+00 -2.39023985e-05 -5.41298131e-07
1.87123414e-03 -5.34335829e+00 5.09341282e+00 -2.38648536e-05 -5.77355780e-07
1.89463475e-03 -5.33861695e+00 5.08612914e+00 -2.38265619e-05 -6.17303700e-07
1.91804820e-03 -5.33386548e+00 5.07883484e+00 -2.37880351e-05 -6.59687705e-07
1.94147428e-03 -5.32910391e+00 5.07153000e+00 -2.37490007e-05 -7.02243068e-07
1.96491282e-03 -5.32433228e+00 5.06421465e+00 -2.37094106e-05 -7.43613042e-07
1.98836362e-03 -5.31955063e+00 5.05688887e+00 -2.36695491e-05 -7.83765319e-07
2.01182650e-03 -5.31475899e+00 5.04955270e+00 -2.36294728e-05 -8.23425021e-07
2.03530126e-03 -5.30995741e+00 5.04220622e+00 -2.35890659e-05 -8.63312076e-07
2.05878773e-03 -5.30514593e+00 5.03484948e+00 -2.35483801e-05 -9.03640483e-07
2.08228569e-03 -5.30032459e+00 5.02748255e+00 -2.35075306e-05 -9.44235422e-07
2.10579498e-03 -5.29549343e+00 5.02010551e+00 -2.34663300e-05 -9.84819722e-07
2.12931539e-03 -5.29065251e+00 5.01271843e+00 -2.34253130e-05 -1.02519402e-06
2.15284674e-03 -5.28580188e+00 5.00532138e+00 -2.33839300e-05 -1.06529134e-06
2.17638883e-03 -5.28094159e+00 4.99791445e+00 -2.33423346e-05 -1.10516095e-06
2.19994147e-03 -5.27607170e+00 4.99049773e+00 -2.33007130e-05 -1.14493343e-06
2.22350447e-03 -5.27119226e+00 4.98307129e+00 -2.32590197e-05 -1.18468451e-06
2.24707764e-03 -5.26630333e+00 4.97563522e+00 -2.32172772e-05 -1.22432123e-06
2.27066078e-03 -5.26140496e+00 4.96818959e+00 -2.31753104e-05 -1.26373720e-06
2.29425370e-03 -5.25649721e+00 4.96073447e+00 -2.31334127e-05 -1.30291741e-06
2.31785621e-03 -5.25158013e+00 4.95326992e+00 -2.30914504e-05 -1.34188451e-06
2.34146812e-03 -5.24665377e+00 4.94579603e+00 -2.30495544e-05 -1.38063037e-06
2.36508922e-03 -5.24171821e+00 4.93831287e+00 -2.30074811e-05 -1.41915070e-06
2.38871933e-03 -5.23677350e+00 4.93082055e+00 -2.29655571e-05 -1.45745329e-06
2.41235825e-03 -5.23181971e+00 4.92331915e+00 -2.29235214e-05 -1.49555801e-06
2.43600579e-03 -5.22685691e+00 4.91580877e+00 -2.28816347e-05 -1.53346247e-06
2.45966175e-03 -5.22188516e+00 4.90828951e+00 -2.28396091e-05 -1.57112791e-06
2.48332594e-03 -5.21690453e+00 4.90076145e+00 -2.27975968e-05 -1.60853457e-06
2.50699815e-03 -5.21191508e+00 4.89322467e+00 -2.27555422e-05 -1.64568837e-06
2.53067821e-03 -5.20691689e+00 4.88567927e+00 -2.27134821e-05 -1.68260675e-06
2.55436589e-03 -5.20191001e+00 4.87812534e+00 -2.26715256e-05 -1.71929202e-06
2.57806102e-03 -5.19689452e+00 4.87056298e+00 -2.26296144e-05 -1.75571849e-06
2.60176340e-03 -5.19187049e+00 4.86299228e+00 -2.25876797e-05 -1.79187896e-06
2.62547282e-03 -5.18683798e+00 4.85541332e+00 -2.25458126e-05 -1.82777996e-06
2.64918909e-03 -5.18179707e+00 4.84782620e+00 -2.25040177e-05 -1.86341613e-06
2.67291202e-03 -5.17674781e+00 4.84023099e+00 -2.24620933e-05 -1.89877138e-06
2.69664140e-03 -5.17169029e+00 4.83262779e+00 -2.24204281e-05 -1.93380485e-06
2.72037704e-03 -5.16662456e+00 4.82501669e+00 -2.23785405e-05 -1.96852718e-06
2.74411874e-03 -5.16155071e+00 4.81739779e+00 -2.23367017e-05 -2.00295888e-06
2.76786630e-03 -5.15646881e+00 4.80977119e+00 -2.22952004e-05 -2.03707702e-06
2.79161952e-03 -5.15137893e+00 4.80213699e+00 -2.22534128e-05 -2.07086688e-06
2.81537820e-03 -5.14628114e+00 4.79449529e+00 -2.22117506e-05 -2.10431406e-06
2.83914215e-03 -5.14117552e+00 4.78684618e+00 -2.21700991e-05 -2.13743183e-06
2.86291117e-03 -5.13606213e+00 4.77918976e+00 -2.21285943e-05 -2.17022608e-06
2.88668505e-03 -5.13094107e+00 4.77152615e+00 -2.20872393e-05 -2.20267055e-06
2.91046360e-03 -5.12581240e+00 4.76385543e+00 -2.20457532e-05 -2.23472573e-06
2.93424661e-03 -5.12067619e+00 4.75617772e+00 -2.20043760e-05 -2.26638551e-06
2.95803389e-03 -5.11553251e+00 4.74849308e+00 -2.19630443e-05 -2.29766805e-06
2.98182525e-03 -5.11038144e+00 4.74080160e+00 -2.19216375e-05 -2.32856657e-06
3.00562046e-03 -5.10522304e+00 4.73310336e+00 -2.18804856e-05 -2.35903901e-06
3.02941935e-03 -5.10005737e+00 4.72539844e+00 -2.18392924e-05 -2.38911664e-06
3.05322170e-03 -5.09488453e+00 4.71768693e+00 -2.17981982e-05 -2.41882680e-06
3.07702732e-03 -5.08970457e+00 4.70996896e+00 -2.17571469e-05 -2.44821809e-06
3.10083601e-03 -5.08451759e+00 4.70224463e+00 -2.17161731e-05 -2.47712304e-06
3.12464756e-03 -5.07932366e+00 4.69451406e+00 -2.16753040e-05 -2.50559858e-06
3.14846178e-03 -5.07412287e+00 4.68677737e+00 -2.16342846e-05 -2.53377823e-06
3.17227846e-03 -5.06891529e+00 4.67903465e+00 -2.15934227e-05 -2.56165740e-06
3.19609740e-03 -5.06370098e+00 4.67128599e+00 -2.15525772e-05 -2.58898950e-06
3.21991841e-03 -5.05848002e+00 4.66353145e+00 -2.15117377e-05 -2.61518358e-06
3.24374127e-03 -5.05325249e+00 4.65577114e+00 -2.14710074e-05 -2.64170718e-06
3.26756580e-03 -5.04801843e+00 4.64800511e+00 -2.14303101e-05 -2.66890079e-06
3.29139179e-03 -5.04277795e+00 4.64023349e+00 -2.13898272e-05 -2.69525942e-06
3.31521903e-03 -5.03753110e+00 4.63245638e+00 -2.13494580e-05 -2.71889495e-06
3.33904733e-03 -5.03227797e+00 4.62467386e+00 -2.13090827e-05 -2.74183667e-06
3.36287649e-03 -5.02701867e+00 4.61688611e+00 -2.12687558e-05 -2.76741911e-06
3.38670629e-03 -5.02175324e+00 4.60909320e+00 -2.12285408e-05 -2.79231382e-06
3.41053656e-03 -5.01648177e+00 4.60129521e+00 -2.11883678e-05 -2.81548005e-06
3.43436707e-03 -5.01120433e+00 4.59349224e+00 -2.11482950e-05 -2.83845551e-06
3.45819763e-03 -5.00592099e+00 4.58568437e+00 -2.11082215e-05 -2.86095592e-06
3.48202804e-03 -5.00063182e+00 4.57787171e+00 -2.10681981e-05 -2.88310812e-06
3.50585810e-03 -4.99533690e+00 4.57005434e+00 -2.10284627e-05 -2.90481175e-06
3.52968760e-03 -4.99003632e+00 4.56223238e+00 -2.09884717e-05 -2.92607333e-06
3.55351635e-03 -4.98473014e+00 4.55440593e+00 -2.09486804e-05 -2.94687878e-06
3.57734414e-03 -4.97941846e+00 4.54657510e+00 -2.09090020e-05 -2.96722831e-06
3.60117077e-03 -4.97410134e+00 4.53873998e+00 -2.08693581e-05 -2.98713106e-06
3.62499604e-03 -4.96877886e+00 4.53090068e+00 -2.08297753e-05 -3.00656952e-06
3.64881975e-03 -4.96345108e+00 4.52305726e+00 -2.07901316e-05 -3.02554158e-06
3.67264169e-03 -4.95811809e+00 4.51520981e+00 -2.07507831e-05 -3.04402606e-06
3.69646168e-03 -4.95277995e+00 4.50735842e+00 -2.07113299e-05 -3.06203650e-06
3.72027950e-03 -4.94743674e+00 4.49950319e+00 -2.06719819e-05 -3.07960417e-06
3.74409495e-03 -4.94208854e+00 4.49164422e+00 -2.06328139e-05 -3.09674846e-06
3.76790784e-03 -4.93673543e+00 4.48378165e+00 -2.05937236e-05 -3.11344442e-06
3.79171796e-03 -4.93137750e+00 4.47591558e+00 -2.05547889e-05 -3.12966460e-06
3.81552511e-03 -4.92601483e+00 4.46804612e+00 -2.05158854e-05 -3.14538889e-06
3.83932910e-03 -4.92064747e+00 4.46017333e+00 -2.04769395e-05 -3.16063791e-06
3.86312971e-03 -4.91527551e+00 4.45229730e+00 -2.04381058e-05 -3.17541666e-06
3.88692676e-03 -4.90989901e+00 4.44441810e+00 -2.03994541e-05 -3.18970779e-06
3.91072003e-03 -4.90451804e+00 4.43653583e+00 -2.03608492e-05 -3.20351814e-06
3.93450934e-03 -4.89913268e+00 4.42865058e+00 -2.03223940e-05 -3.21685454e-06
3.95829448e-03 -4.89374302e+00 4.42076246e+00 -2.02841168e-05 -3.22974362e-06
3.98207524e-03 -4.88834914e+00 4.41287159e+00 -2.02457764e-05 -3.24218628e-06
4.00585144e-03 -4.88295111e+00 4.40497808e+00 -2.02076491e-05 -3.25417304e-06
4.02962286e-03 -4.87754900e+00 4.39708203e+00 -2.01695698e-05 -3.26566444e-06
4.05338932e-03 -4.87214291e+00 4.38918352e+00 -2.01315907e-05 -3.27665982e-06
4.07715061e-03 -4.86673290e+00 4.38128265e+00 -2.00935999e-05 -3.28718679e-06
4.10090654e-03 -4.86131904e+00 4.37337953e+00 -2.00556282e-05 -3.29726478e-06
4.12465690e-03 -4.85590142e+00 4.36547424e+00 -2.00179226e-05 -3.30688373e-06
4.14840149e-03 -4.85048010e+00 4.35756688e+00 -1.99801524e-05 -3.31602431e-06
4.17214012e-03 -4.84505518e+00 4.34965754e+00 -1.99425665e-05 -3.32467952e-06
4.19587259e-03 -4.83962670e+00 4.34174631e+00 -1.99051529e-05 -3.33283803e-06
4.21959870e-03 -4.83419476e+00 4.33383328e+00 -1.98677470e-05 -3.34049911e-06
4.24331825e-03 -4.82875942e+00 4.32591855e+00 -1.98305520e-05 -3.34764197e-06
4.26703105e-03 -4.82332077e+00 4.31800221e+00 -1.97933613e-05 -3.35425964e-06
4.29073689e-03 -4.81787888e+00 4.31008438e+00 -1.97562517e-05 -3.36042721e-06
4.31443559e-03 -4.81243383e+00 4.30216516e+00 -1.97191797e-05 -3.36627054e-06
4.33812694e-03 -4.80698570e+00 4.29424465e+00 -1.96823819e-05 -3.37196130e-06
4.36181074e-03 -4.80153457e+00 4.28632294e+00 -1.96454496e-05 -3.37763942e-06
4.38548681e-03 -4.79608049e+00 4.27840012e+00 -1.96086630e-05 -3.38340500e-06
4.40915493e-03 -4.79062356e+00 4.27047626e+00 -1.95718937e-05 -3.38924646e-06
4.43281493e-03 -4.78516383e+00 4.26255146e+00 -1.95353593e-05 -3.39505590e-06
4.45646660e-03 -4.77970139e+00 4.25462582e+00 -1.94988663e-05 -3.40054413e-06
4.48010974e-03 -4.77423632e+00 4.24669944e+00 -1.94625500e-05 -3.40531073e-06
4.50374417e-03 -4.76876868e+00 4.23877240e+00 -1.94262592e-05 -3.40896864e-06
4.52736968e-03 -4.76329855e+00 4.23084481e+00 -1.93900200e-05 -3.41126410e-06
4.55098609e-03 -4.75782602e+00 4.22291676e+00 -1.93538504e-05 -3.41216777e-06
4.57459319e-03 -4.75235115e+00 4.21498837e+00 -1.93176212e-05 -3.41187041e-06
4.59819080e-03 -4.74687403e+00 4.20705973e+00 -1.92815255e-05 -3.41069276e-06
4.62177872e-03 -4.74139474e+00 4.19913096e+00 -1.92456696e-05 -3.40905813e-06
4.64535675e-03 -4.73591335e+00 4.19120217e+00 -1.92096643e-05 -3.40734605e-06
4.66892471e-03 -4.73042994e+00 4.18327342e+00 -1.91738630e-05 -3.40585678e-06
4.69248240e-03 -4.72494457e+00 4.17534479e+00 -1.91381054e-05 -3.40468802e-06
4.71602962e-03 -4.71945730e+00 4.16741635e+00 -1.91024355e-05 -3.40372913e-06
4.73956620e-03 -4.71396821e+00 4.15948817e+00 -1.90668427e-05 -3.40277532e-06
4.76309193e-03 -4.70847737e+00 4.15156036e+00 -1.90314353e-05 -3.40160653e-06
4.78660662e-03 -4.70298486e+00 4.14363301e+00 -1.89962331e-05 -3.40004742e-06
4.81011009e-03 -4.69749076e+00 4.13570624e+00 -1.89611112e-05 -3.39799206e-06
4.83360214e-03 -4.69199515e+00 4.12778017e+00 -1.89258717e-05 -3.39537560e-06
4.85708258e-03 -4.68649810e+00 4.11985489e+00 -1.88907683e-05 -3.39218890e-06
4.88055122e-03 -4.68099970e+00 4.11193050e+00 -1.88556938e-05 -3.38848591e-06
4.90400788e-03 -4.67550001e+00 4.10400708e+00 -1.88207216e-05 -3.38434230e-06
4.92745236e-03 -4.66999909e+00 4.09608470e+00 -1.87856757e-05 -3.37981922e-06
4.95088448e-03 -4.66449701e+00 4.08816343e+00 -1.87508817e-05 -3.37492079e-06
4.97430404e-03 -4.65899386e+00 4.08024337e+00 -1.87162769e-05 -3.36963204e-06
4.99771087e-03 -4.65348969e+00 4.07232461e+00 -1.86815493e-05 -3.36396882e-06
5.02110476e-03 -4.64798458e+00 4.06440724e+00 -1.86470062e-05 -3.35797109e-06
5.04448555e-03 -4.64247862e+00 4.05649136e+00 -1.86125552e-05 -3.35162965e-06
5.06785303e-03 -4.63697186e+00 4.04857706e+00 -1.85780872e-05 -3.34491124e-06
5.09120702e-03 -4.63146439e+00 4.04066444e+00 -1.85437781e-05 -3.33782585e-06
5.11454734e-03 -4.62595627e+00 4.03275357e+00 -1.85095680e-05 -3.33042589e-06
5.13787381e-03 -4.62044758e+00 4.02484457e+00 -1.84754134e-05 -3.32272498e-06
5.16118623e-03 -4.61493840e+00 4.01693753e+00 -1.84412601e-05 -3.31469931e-06
5.18448442e-03 -4.60942879e+00 4.00903255e+00 -1.84072892e-05 -3.30631271e-06
5.20776821e-03 -4.60391883e+00 4.00112969e+00 -1.83732994e-05 -3.29759134e-06
5.23103740e-03 -4.59840858e+00 3.99322905e+00 -1.83394122e-05 -3.28853858e-06
5.25429182e-03 -4.59289811e+00 3.98533068e+00 -1.83056457e-05 -3.27915988e-06
5.27753128e-03 -4.58738748e+00 3.97743466e+00 -1.82717675e-05 -3.26944178e-06
5.30075559e-03 -4.58187676e+00 3.96954107e+00 -1.82381133e-05 -3.25939812e-06
5.32396459e-03 -4.57636602e+00 3.96165001e+00 -1.82045694e-05 -3.24906659e-06
5.34715809e-03 -4.57085534e+00 3.95376158e+00 -1.81710777e-05 -3.23847400e-06
5.37033591e-03 -4.56534481e+00 3.94587590e+00 -1.81377934e-05 -3.22758891e-06
5.39349786e-03 -4.55983449e+00 3.93799308e+00 -1.81043960e-05 -3.21640888e-06
5.41664377e-03 -4.55432445e+00 3.93011319e+00 -1.80711919e-05 -3.20492604e-06
5.43977347e-03 -4.54881476e+00 3.92223633e+00 -1.80381794e-05 -3.19314695e-06
5.46288677e-03 -4.54330549e+00 3.91436254e+00 -1.80051913e-05 -3.18105123e-06
5.48598349e-03 -4.53779669e+00 3.90649189e+00 -1.79721450e-05 -3.16865196e-06
5.50906346e-03 -4.53228842e+00 3.89862444e+00 -1.79392704e-05 -3.15600677e-06
5.53212650e-03 -4.52678075e+00 3.89076026e+00 -1.79065291e-05 -3.14305531e-06
5.55517244e-03 -4.52127376e+00 3.88289948e+00 -1.78738126e-05 -3.12980393e-06
5.57820110e-03 -4.51576752e+00 3.87504218e+00 -1.78411885e-05 -3.11632376e-06
5.60121230e-03 -4.51026211e+00 3.86718849e+00 -1.78086552e-05 -3.10286577e-06
5.62420588e-03 -4.50475760e+00 3.85933850e+00 -1.77761727e-05 -3.08898824e-06
5.64718165e-03 -4.49925405e+00 3.85149227e+00 -1.77438912e-05 -3.07422273e-06
5.67013945e-03 -4.49375154e+00 3.84364991e+00 -1.77117261e-05 -3.05960504e-06
5.69307910e-03 -4.48825010e+00 3.83581144e+00 -1.76794335e-05 -3.04596343e-06
5.71600043e-03 -4.48274983e+00 3.82797697e+00 -1.76472290e-05 -3.03174252e-06
5.73890326e-03 -4.47725076e+00 3.82014655e+00 -1.76152518e-05 -3.01329416e-06
5.76178744e-03 -4.47175303e+00 3.81232029e+00 -1.75832044e-05 -2.99566892e-06
5.78465278e-03 -4.46625662e+00 3.80449828e+00 -1.75513246e-05 -2.98472490e-06
5.80749912e-03 -4.46076160e+00 3.79668054e+00 -1.75195189e-05 -2.97167223e-06
5.83032628e-03 -4.45526810e+00 3.78886724e+00 -1.74878015e-05 -2.95269960e-06
5.85313411e-03 -4.44977614e+00 3.78105839e+00 -1.74561316e-05 -2.93475733e-06
5.87592243e-03 -4.44428579e+00 3.77325406e+00 -1.74247641e-05 -2.91860159e-06
5.89869107e-03 -4.43879711e+00 3.76545436e+00 -1.73932488e-05 -2.90198509e-06
5.92143987e-03 -4.43331018e+00 3.75765937e+00 -1.73619836e-05 -2.88501640e-06
5.94416865e-03 -4.42782507e+00 3.74986919e+00 -1.73308048e-05 -2.86777716e-06
5.96687727e-03 -4.42234184e+00 3.74208392e+00 -1.72995096e-05 -2.85039412e-06
5.98956554e-03 -4.41686057e+00 3.73430364e+00 -1.72683276e-05 -2.83284015e-06
6.01223331e-03 -4.41138131e+00 3.72652843e+00 -1.72372351e-05 -2.81506385e-06
6.03488040e-03 -4.40590413e+00 3.71875836e+00 -1.72062350e-05 -2.79705677e-06
6.05750667e-03 -4.40042909e+00 3.71099348e+00 -1.71752052e-05 -2.77885400e-06
6.08011194e-03 -4.39495623e+00 3.70323385e+00 -1.71444497e-05 -2.76046977e-06
6.10269606e-03 -4.38948562e+00 3.69547955e+00 -1.71136947e-05 -2.74190553e-06
6.12525885e-03 -4.38401733e+00 3.68773064e+00 -1.70830321e-05 -2.72315424e-06
6.14780017e-03 -4.37855141e+00 3.67998720e+00 -1.70523800e-05 -2.70422651e-06
6.17031986e-03 -4.37308794e+00 3.67224933e+00 -1.70219391e-05 -2.68513307e-06
6.19281774e-03 -4.36762697e+00 3.66451709e+00 -1.69915310e-05 -2.66590133e-06
6.21529367e-03 -4.36216856e+00 3.65679058e+00 -1.69611710e-05 -2.64652639e-06
6.23774748e-03 -4.35671279e+00 3.64906986e+00 -1.69310661e-05 -2.62697853e-06
6.26017903e-03 -4.35125971e+00 3.64135503e+00 -1.69007801e-05 -2.60726049e-06
6.28258814e-03 -4.34580939e+00 3.63364615e+00 -1.68708996e-05 -2.58740170e-06
6.30497468e-03 -4.34036189e+00 3.62594332e+00 -1.68408771e-05 -2.56740429e-06
6.32733847e-03 -4.33491727e+00 3.61824661e+00 -1.68109485e-05 -2.54727528e-06
6.34967938e-03 -4.32947560e+00 3.61055610e+00 -1.67811895e-05 -2.52699282e-06
6.37199723e-03 -4.32403693e+00 3.60287185e+00 -1.67512992e-05 -2.50655873e-06
6.39429189e-03 -4.31860131e+00 3.59519391e+00 -1.67216166e-05 -2.48596773e-06
6.41656320e-03 -4.31316880e+00 3.58752234e+00 -1.66918019e-05 -2.46523283e-06
6.43881100e-03 -4.30773945e+00 3.57985720e+00 -1.66622054e-05 -2.44439251e-06
6.46103515e-03 -4.30231332e+00 3.57219854e+00 -1.66327893e-05 -2.42344162e-06
6.48323550e-03 -4.29689047e+00 3.56454646e+00 -1.66032275e-05 -2.40231924e-06
6.50541190e-03 -4.29147096e+00 3.55690103e+00 -1.65740739e-05 -2.38105165e-06
6.52756419e-03 -4.28605486e+00 3.54926235e+00 -1.65448068e-05 -2.35974579e-06
6.54969224e-03 -4.28064224e+00 3.54163051e+00 -1.65154966e-05 -2.33841502e-06
6.57179588e-03 -4.27523314e+00 3.53400557e+00 -1.64865040e-05 -2.31691171e-06
6.59387499e-03 -4.26982763e+00 3.52638760e+00 -1.64574882e-05 -2.29518335e-06
6.61592941e-03 -4.26442574e+00 3.51877664e+00 -1.64285277e-05 -2.27336655e-06
6.63795899e-03 -4.25902755e+00 3.51117273e+00 -1.63997050e-05 -2.25155834e-06
6.65996360e-03 -4.25363309e+00 3.50357596e+00 -1.63708192e-05 -2.22965603e-06
6.68194309e-03 -4.24824243e+00 3.49598638e+00 -1.63422243e-05 -2.20759235e-06
6.70389732e-03 -4.24285563e+00 3.48840410e+00 -1.63135490e-05 -2.18546220e-06
6.72582616e-03 -4.23747275e+00 3.48082921e+00 -1.62850037e-05 -2.16327290e-06
6.74772945e-03 -4.23209386e+00 3.47326176e+00 -1.62564278e-05 -2.14096380e-06
6.76960707e-03 -4.22671900e+00 3.46570185e+00 -1.62279808e-05 -2.11866495e-06
6.79145887e-03 -4.22134823e+00 3.45814951e+00 -1.61995012e-05 -2.09628334e-06
6.81328471e-03 -4.21598159e+00 3.45060480e+00 -1.61711761e-05 -2.07361544e-06
6.83508447e-03 -4.21061915e+00 3.44306777e+00 -1.61427847e-05 -2.05091469e-06
6.85685800e-03 -4.20526093e+00 3.43553847e+00 -1.61146535e-05 -2.02839980e-06
6.87860517e-03 -4.19990701e+00 3.42801698e+00 -1.60865382e-05 -2.00580797e-06
6.90032584e-03 -4.19455743e+00 3.42050335e+00 -1.60584384e-05 -1.98283969e-06
6.92201988e-03 -4.18921226e+00 3.41299766e+00 -1.60305229e-05 -1.95925771e-06
6.94368716e-03 -4.18387154e+00 3.40549997e+00 -1.60026109e-05 -1.93671777e-06
6.96532754e-03 -4.17853531e+00 3.39801035e+00 -1.59749187e-05 -1.91627710e-06
6.98694089e-03 -4.17320363e+00 3.39052884e+00 -1.59470654e-05 -1.89062022e-06
7.00852709e-03 -4.16787660e+00 3.38305551e+00 -1.59196091e-05 -1.86095964e-06
7.03008601e-03 -4.16255420e+00 3.37559044e+00 -1.58919766e-05 -1.84910343e-06
7.05161750e-03 -4.15723644e+00 3.36813367e+00 -1.58644130e-05 -1.83715791e-06
7.07312146e-03 -4.15192353e+00 3.36068528e+00 -1.58369030e-05 -1.77838382e-06
7.09459774e-03 -4.14661558e+00 3.35324534e+00 -1.58093445e-05 -1.74683376e-06
7.11604622e-03 -4.14131223e+00 3.34581388e+00 -1.57821228e-05 -1.81224290e-06
7.13746679e-03 -4.13601355e+00 3.33839097e+00 -1.57547323e-05 -1.76364744e-06
7.15885930e-03 -4.13072053e+00 3.33097669e+00 -1.57275070e-05 -1.55553747e-06
7.18022363e-03 -4.12543274e+00 3.32357106e+00 -1.57003199e-05 -1.66761185e-06
7.20155967e-03 -4.12014849e+00 3.31617407e+00 -1.56732098e-05 -1.97443123e-06
7.22286733e-03 -4.11486937e+00 3.30878593e+00 -1.56461479e-05 -1.55268572e-06
7.24414638e-03 -4.10959840e+00 3.30140670e+00 -1.56190503e-05 -1.01181562e-06
7.26539674e-03 -4.10433178e+00 3.29403619e+00 -1.55923033e-05 -1.90727626e-06
7.28661850e-03 -4.09906503e+00 3.28667459e+00 -1.55653109e-05 -2.61147000e-06
7.30781130e-03 -4.09380613e+00 3.27932236e+00 -1.55385572e-05 -7.65544258e-07
7.32897472e-03 -4.08856169e+00 3.27197910e+00 -1.55116756e-05 2.28904700e-07
7.35010930e-03 -4.08331736e+00 3.26464429e+00 -1.54851220e-05 -2.96230477e-06
7.37121531e-03 -4.07806365e+00 3.25731899e+00 -1.54585622e-05 -4.31974377e-06
7.39229104e-03 -4.07282376e+00 3.25000398e+00 -1.54320901e-05 7.47522653e-07
7.41333600e-03 -4.06761227e+00 3.24269753e+00 -1.54055930e-05 3.04196323e-06
7.43435367e-03 -4.06239680e+00 3.23539853e+00 -1.53792638e-05 -3.72521256e-06
7.45534414e-03 -4.05715518e+00 3.22810987e+00 -1.53531849e-05 -7.51294317e-06
7.47629908e-03 -4.05192592e+00 3.22083409e+00 -1.53268728e-05 3.33638116e-09
7.49721837e-03 -4.04673975e+00 3.21356758e+00 -1.53005707e-05 5.44970725e-06
7.51813111e-03 -4.04155544e+00 3.20630062e+00 -1.52743494e-05 -1.08381579e-06
7.53908430e-03 -4.03632629e+00 3.19902094e+00 -1.52483522e-05 -6.98758516e-06
7.56010781e-03 -4.03107022e+00 3.19171782e+00 -1.52222533e-05 -2.45096560e-06
7.58120264e-03 -4.02581868e+00 3.18438721e+00 -1.51959622e-05 2.50513008e-06
7.60236155e-03 -4.02055790e+00 3.17703191e+00 -1.51695555e-05 -9.16360030e-08
7.62358573e-03 -4.01526463e+00 3.16965438e+00 -1.51432867e-05 -3.26646568e-06
7.64487971e-03 -4.00994668e+00 3.16225264e+00 -1.51170453e-05 -1.74254689e-06
7.66624416e-03 -4.00461732e+00 3.15482463e+00 -1.50905615e-05 -5.50572591e-08
7.68767849e-03 -3.99927117e+00 3.14737102e+00 -1.50641001e-05 -9.57351761e-07
7.70918409e-03 -3.99390134e+00 3.13989240e+00 -1.50375565e-05 -1.63110155e-06
7.73076266e-03 -3.98851107e+00 3.13238770e+00 -1.50108528e-05 -1.02800685e-06
7.75241494e-03 -3.98310274e+00 3.12485619e+00 -1.49839549e-05 -7.91582939e-07
7.77414176e-03 -3.97767382e+00 3.11729797e+00 -1.49570122e-05 -1.09113768e-06
7.79594437e-03 -3.97222332e+00 3.10971272e+00 -1.49299956e-05 -1.07606836e-06
7.81782391e-03 -3.96675221e+00 3.10209980e+00 -1.49030117e-05 -8.98061525e-07
7.83978137e-03 -3.96126016e+00 3.09445883e+00 -1.48758658e-05 -9.17608029e-07
7.86181786e-03 -3.95574631e+00 3.08678956e+00 -1.48485180e-05 -9.47040552e-07
7.88393454e-03 -3.95021059e+00 3.07909153e+00 -1.48214532e-05 -8.82535899e-07
7.90613252e-03 -3.94465290e+00 3.07136432e+00 -1.47941424e-05 -8.47870244e-07
7.92841293e-03 -3.93907277e+00 3.06360761e+00 -1.47670108e-05 -8.43446756e-07
7.95077695e-03 -3.93346990e+00 3.05582098e+00 -1.47395851e-05 -8.13806339e-07
7.97322575e-03 -3.92784405e+00 3.04800404e+00 -1.47121443e-05 -7.81770495e-07
7.99576050e-03 -3.92219491e+00 3.04015637e+00 -1.46847641e-05 -7.59063564e-07
8.01838241e-03 -3.91652216e+00 3.03227759e+00 -1.46572749e-05 -7.32725616e-07
8.04109270e-03 -3.91082546e+00 3.02436722e+00 -1.46295299e-05 -7.09089423e-07
8.06389259e-03 -3.90510451e+00 3.01642488e+00 -1.46017569e-05 -6.86116453e-07
8.08678333e-03 -3.89935897e+00 3.00845014e+00 -1.45738909e-05 -6.55199229e-07
8.10976618e-03 -3.89358855e+00 3.00044249e+00 -1.45460527e-05 -6.24190872e-07
8.13284242e-03 -3.88779294e+00 2.99240153e+00 -1.45180059e-05 -6.00999592e-07
8.15601334e-03 -3.88197171e+00 2.98432681e+00 -1.44899801e-05 -5.77720649e-07
8.17928025e-03 -3.87612456e+00 2.97621784e+00 -1.44617210e-05 -5.49908334e-07
8.20264447e-03 -3.87025115e+00 2.96807416e+00 -1.44335330e-05 -5.22805825e-07
8.22610736e-03 -3.86435113e+00 2.95989532e+00 -1.44053660e-05 -4.96257862e-07
8.24967026e-03 -3.85842414e+00 2.95168083e+00 -1.43770786e-05 -4.69293271e-07
8.27333457e-03 -3.85246983e+00 2.94343024e+00 -1.43487580e-05 -4.42432618e-07
8.29710167e-03 -3.84648784e+00 2.93514307e+00 -1.43203573e-05 -4.15443316e-07
8.32097299e-03 -3.84047780e+00 2.92681883e+00 -1.42919541e-05 -3.88366680e-07
8.34494995e-03 -3.83443935e+00 2.91845704e+00 -1.42634470e-05 -3.61142311e-07
8.36903401e-03 -3.82837211e+00 2.91005721e+00 -1.42347356e-05 -3.33908932e-07
8.39322665e-03 -3.82227568e+00 2.90161881e+00 -1.42059789e-05 -3.06619516e-07
8.41752936e-03 -3.81614969e+00 2.89314133e+00 -1.41769819e-05 -2.79170832e-07
8.44194365e-03 -3.80999373e+00 2.88462422e+00 -1.41479577e-05 -2.51538623e-07
8.46647106e-03 -3.80380740e+00 2.87606694e+00 -1.41189801e-05 -2.23877157e-07
8.49111314e-03 -3.79759028e+00 2.86746893e+00 -1.40897620e-05 -1.96250303e-07
8.51587148e-03 -3.79134197e+00 2.85882967e+00 -1.40606211e-05 -1.68514230e-07
8.54074767e-03 -3.78506206e+00 2.85014860e+00 -1.40311630e-05 -1.40596894e-07
8.56574333e-03 -3.77875013e+00 2.84142519e+00 -1.40017287e-05 -1.12598362e-07
8.59086011e-03 -3.77240575e+00 2.83265887e+00 -1.39721183e-05 -8.45822520e-08
8.61609967e-03 -3.76602849e+00 2.82384904e+00 -1.39423037e-05 -5.64899365e-08
8.64146371e-03 -3.75961789e+00 2.81499513e+00 -1.39124839e-05 -2.82859443e-08
8.66695394e-03 -3.75317351e+00 2.80609653e+00 -1.38825980e-05 -1.32758731e-11
8.69257210e-03 -3.74669490e+00 2.79715265e+00 -1.38525754e-05 2.83226751e-08
8.71831995e-03 -3.74018160e+00 2.78816288e+00 -1.38223439e-05 5.67643396e-08
8.74419930e-03 -3.73363314e+00 2.77912660e+00 -1.37920967e-05 8.53076219e-08
8.77021195e-03 -3.72704902e+00 2.77004314e+00 -1.37617145e-05 1.13936240e-07
8.79635975e-03 -3.72042878e+00 2.76091185e+00 -1.37310871e-05 1.42639735e-07
8.82264458e-03 -3.71377191e+00 2.75173210e+00 -1.37004256e-05 1.71424273e-07
8.84906834e-03 -3.70707793e+00 2.74250324e+00 -1.36696643e-05 2.00274340e-07
8.87563296e-03 -3.70034633e+00 2.73322463e+00 -1.36386392e-05 2.29179448e-07
8.90234039e-03 -3.69357661e+00 2.72389559e+00 -1.36077871e-05 2.58150527e-07
8.92919262e-03 -3.68676824e+00 2.71451542e+00 -1.35766084e-05 2.87199222e-07
8.95619168e-03 -3.67992069e+00 2.70508341e+00 -1.35453336e-05 3.16332763e-07
8.98333962e-03 -3.67303341e+00 2.69559882e+00 -1.35139874e-05 3.45547477e-07
9.01063852e-03 -3.66610585e+00 2.68606093e+00 -1.34825379e-05 3.74842586e-07
9.03809049e-03 -3.65913747e+00 2.67646901e+00 -1.34509736e-05 4.04225583e-07
9.06569769e-03 -3.65212770e+00 2.66682235e+00 -1.34192497e-05 4.33696271e-07
9.09346229e-03 -3.64507598e+00 2.65712017e+00 -1.33874461e-05 4.63205568e-07
9.12138651e-03 -3.63798171e+00 2.64736173e+00 -1.33555880e-05 4.92735419e-07
9.14947262e-03 -3.63084431e+00 2.63754622e+00 -1.33233572e-05 5.22336031e-07
9.17772289e-03 -3.62366317e+00 2.62767283e+00 -1.32910865e-05 5.52108872e-07
9.20613965e-03 -3.61643767e+00 2.61774074e+00 -1.32586134e-05 5.82072556e-07
9.23472526e-03 -3.60916720e+00 2.60774914e+00 -1.32260090e-05 6.12034213e-07
9.26348214e-03 -3.60185112e+00 2.59769723e+00 -1.31931875e-05 6.41652231e-07
9.29241271e-03 -3.59448882e+00 2.58758418e+00 -1.31601029e-05 6.70805460e-07
9.32151947e-03 -3.58707964e+00 2.57740915e+00 -1.31269725e-05 7.00172111e-07
9.35080493e-03 -3.57962292e+00 2.56717129e+00 -1.30936333e-05 7.31006440e-07
9.38027166e-03 -3.57211798e+00 2.55686969e+00 -1.30600632e-05 7.63711962e-07
9.40992227e-03 -3.56456415e+00 2.54650345e+00 -1.30262757e-05 7.96634993e-07
9.43975942e-03 -3.55696070e+00 2.53607162e+00 -1.29922211e-05 8.26871459e-07
9.46978579e-03 -3.54930693e+00 2.52557327e+00 -1.29579135e-05 8.52764595e-07
9.50000414e-03 -3.54160211e+00 2.51500744e+00 -1.29234293e-05 8.75519077e-07
9.53041725e-03 -3.53384552e+00 2.50437315e+00 -1.28887623e-05 8.98976157e-07
9.56102796e-03 -3.52603639e+00 2.49366942e+00 -1.28540907e-05 9.29602029e-07
9.59183916e-03 -3.51817399e+00 2.48289526e+00 -1.28191758e-05 9.72387586e-07
9.62285379e-03 -3.51025756e+00 2.47204963e+00 -1.27840377e-05 1.01957269e-06
9.65407484e-03 -3.50228626e+00 2.46113155e+00 -1.27488338e-05 1.05500983e-06
9.68550536e-03 -3.49425926e+00 2.45013997e+00 -1.27133853e-05 1.07912126e-06
9.71714844e-03 -3.48617586e+00 2.43907387e+00 -1.26777345e-05 1.10219915e-06
9.74900724e-03 -3.47803528e+00 2.42793215e+00 -1.26420603e-05 1.11570787e-06
9.78108498e-03 -3.46983647e+00 2.41671371e+00 -1.26062035e-05 1.12328764e-06
9.81338493e-03 -3.46157853e+00 2.40541741e+00 -1.25701235e-05 1.16523951e-06
9.84591041e-03 -3.45326103e+00 2.39404208e+00 -1.25338564e-05 1.24056406e-06
9.87866481e-03 -3.44488305e+00 2.38258651e+00 -1.24975692e-05 1.27807929e-06
9.91165160e-03 -3.43644274e+00 2.37104949e+00 -1.24609821e-05 1.25525319e-06
9.94487428e-03 -3.42793922e+00 2.35942987e+00 -1.24241596e-05 1.28293758e-06
9.97833643e-03 -3.41937364e+00 2.34772625e+00 -1.23871712e-05 1.43768596e-06
1.00120417e-02 -3.41074475e+00 2.33593778e+00 -1.23499177e-05 1.45260535e-06
1.00459938e-02 -3.40204689e+00 2.32406306e+00 -1.23125055e-05 1.13422631e-06
1.00801966e-02 -3.39328050e+00 2.31210051e+00 -1.22748125e-05 1.26530369e-06
1.01146539e-02 -3.38445516e+00 2.30004892e+00 -1.22366703e-05 2.15035135e-06
1.01493695e-02 -3.37556415e+00 2.28790760e+00 -1.21984537e-05 1.69545386e-06
1.01843474e-02 -3.36658380e+00 2.27567379e+00 -1.21599551e-05 -9.69503999e-08
1.02195922e-02 -3.35753135e+00 2.26334624e+00 -1.21209288e-05 1.61717743e-06
1.02551077e-02 -3.34844968e+00 2.25092642e+00 -1.20816723e-05 5.06487225e-06
1.02908972e-02 -3.33928813e+00 2.23840987e+00 -1.20426482e-05 5.15190965e-07
1.03269667e-02 -3.32996806e+00 2.22579251e+00 -1.20032719e-05 -5.08647395e-06
1.03633214e-02 -3.32060433e+00 2.21307943e+00 -1.19626227e-05 5.44822199e-06
1.03999612e-02 -3.31132078e+00 2.20027151e+00 -1.19218586e-05 1.37298042e-05
1.04368925e-02 -3.30187539e+00 2.18734989e+00 -1.18821436e-05 -7.39638597e-06
1.04741288e-02 -3.29207809e+00 2.17432227e+00 -1.18418822e-05 -1.84866363e-05
1.05116656e-02 -3.28237793e+00 2.16121099e+00 -1.17994835e-05 1.98863833e-05
1.05494931e-02 -3.27305173e+00 2.14798855e+00 -1.17568945e-05 3.47538483e-05
1.05876448e-02 -3.26333512e+00 2.13461772e+00 -1.17169124e-05 -2.81047733e-05
1.06261453e-02 -3.25280438e+00 2.12115699e+00 -1.16769073e-05 -5.07068031e-05
1.06649296e-02 -3.24261717e+00 2.10765234e+00 -1.16328789e-05 4.22166782e-05
1.07039811e-02 -3.23345143e+00 2.09398533e+00 -1.15869952e-05 8.12787098e-05
1.07434638e-02 -3.22375897e+00 2.08009709e+00 -1.15451603e-05 -3.52994486e-05
1.07834061e-02 -3.21249260e+00 2.06614665e+00 -1.15060363e-05 -1.01782706e-04
1.08234470e-02 -3.20137767e+00 2.05227436e+00 -1.14633510e-05 2.00586602e-05
1.08635575e-02 -3.19185842e+00 2.03824177e+00 -1.14158389e-05 1.10154320e-04
1.09050528e-02 -3.18211622e+00 2.02360463e+00 -1.13693484e-05 6.52626102e-06
1.09502222e-02 -3.17006594e+00 2.00779891e+00 -1.13230900e-05 -6.53202010e-05
1.10008250e-02 -3.15628779e+00 1.99022870e+00 -1.12709918e-05 -1.11641509e-05
1.10574823e-02 -3.14169562e+00 1.97044986e+00 -1.12099433e-05 2.77508083e-05
1.11205031e-02 -3.12580357e+00 1.94832260e+00 -1.11404588e-05 1.25379914e-05
1.11906184e-02 -3.10789825e+00 1.92382756e+00 -1.10656197e-05 -4.93509390e-07
1.12687978e-02 -3.08772379e+00 1.89653422e+00 -1.09836962e-05 -1.15917294e-06
1.13559378e-02 -3.06495576e+00 1.86612341e+00 -1.08939315e-05 -5.73717744e-06
1.14529769e-02 -3.03951467e+00 1.83216885e+00 -1.07911435e-05 -1.28661065e-06
1.15610482e-02 -3.01181472e+00 1.79443296e+00 -1.06764578e-05 1.69327586e-05
1.16814228e-02 -2.98160838e+00 1.75246190e+00 -1.05508913e-05 1.88542522e-05
1.18154659e-02 -2.94742787e+00 1.70556814e+00 -1.04115077e-05 -7.19923797e-07
1.19646949e-02 -2.90840260e+00 1.65351926e+00 -1.02588736e-05 -8.52955480e-06
1.21308107e-02 -2.86480105e+00 1.59565409e+00 -1.00880093e-05 -1.74335330e-06
1.23156889e-02 -2.81655936e+00 1.53117897e+00 -9.89837638e-06 2.43018283e-06
1.25213969e-02 -2.76310129e+00 1.45951447e+00 -9.68886393e-06 3.64525117e-06
1.27502234e-02 -2.70374772e+00 1.37986071e+00 -9.45650948e-06 4.90989462e-06
1.30046956e-02 -2.63774903e+00 1.29134586e+00 -9.19861606e-06 5.48911451e-06
1.32875939e-02 -2.56427125e+00 1.19306043e+00 -8.91235600e-06 4.50428861e-06
1.36019764e-02 -2.48244546e+00 1.08396558e+00 -8.59687230e-06 2.49444578e-06
1.39512040e-02 -2.39143781e+00 9.62959931e-01 -8.24900411e-06 1.12896666e-06
1.43389676e-02 -2.29040119e+00 8.28838202e-01 -7.86501173e-06 1.33732794e-06
1.47693167e-02 -2.17833926e+00 6.80299110e-01 -7.44198524e-06 2.64837953e-06
1.52466855e-02 -2.05404259e+00 5.15963526e-01 -6.97745339e-06 3.89149346e-06
1.57759147e-02 -1.91617153e+00 3.34360984e-01 -6.46819771e-06 4.30201019e-06
1.63622771e-02 -1.76337721e+00 1.33943790e-01 -5.91137675e-06 3.93987957e-06
1.70115083e-02 -1.59432339e+00 -8.68995437e-02 -5.30314233e-06 3.33158682e-06
