VARIABLES="Y/c","convection","viscous",pressure gradient",Reynolds stress"
0.00000000e+00 0.00000000e+00 2.91994280e+00 1.25580141e+00 -2.67097224e+00
1.29807645e-06 -4.28698611e-03 2.92186269e+00 -2.25674562e+00 -6.77073187e-01
2.64556361e-06 -7.59267016e-03 2.92208672e+00 -6.66324813e+00 3.56935488e+00
4.04423812e-06 -1.89213234e-02 2.92190538e+00 -1.62676831e+01 1.36724129e+01
5.49593197e-06 -3.15076267e-02 2.92197590e+00 -2.88414263e+01 2.56591608e+01
7.00253345e-06 -5.09331657e-02 2.92180202e+00 -4.34422028e+01 4.08413017e+01
8.56598814e-06 -7.24703653e-02 2.92175495e+00 -5.78716292e+01 5.49092730e+01
1.01882997e-05 -9.92955202e-02 2.92155005e+00 -7.03128977e+01 6.76438403e+01
1.18715309e-05 -1.28419842e-01 2.92139859e+00 -7.94100058e+01 7.66691683e+01
1.36178039e-05 -1.61599222e-01 2.92116959e+00 -8.46357033e+01 8.19953091e+01
1.54293015e-05 -1.97093182e-01 2.92097734e+00 -8.60427287e+01 8.34502260e+01
1.73082672e-05 -2.35532522e-01 2.92079489e+00 -8.42374481e+01 8.16811782e+01
1.92570058e-05 -2.75711520e-01 2.92066855e+00 -7.99432567e+01 7.74550894e+01
2.12778836e-05 -3.17518780e-01 2.92062644e+00 -7.40307181e+01 7.15677009e+01
2.33733287e-05 -3.60078627e-01 2.92066283e+00 -6.71811293e+01 6.47765606e+01
2.55458308e-05 -4.02940375e-01 2.92082613e+00 -6.00303880e+01 5.76521364e+01
2.77979413e-05 -4.45723714e-01 2.92108259e+00 -5.29715486e+01 5.06392962e+01
3.01322724e-05 -4.88522560e-01 2.92148164e+00 -4.63204563e+01 4.40172895e+01
3.25514969e-05 -5.31987200e-01 2.92196679e+00 -4.02200258e+01 3.79560325e+01
3.50583472e-05 -5.76514323e-01 2.92255713e+00 -3.47602509e+01 3.25298073e+01
3.76556142e-05 -6.22047203e-01 2.92317234e+00 -2.99459535e+01 2.77529604e+01
4.03461458e-05 -6.67411290e-01 2.92381319e+00 -2.57565796e+01 2.36004928e+01
4.31328452e-05 -7.11105262e-01 2.92442506e+00 -2.21481160e+01 2.00267331e+01
4.60186690e-05 -7.51377743e-01 2.92503245e+00 -1.90621881e+01 1.69750842e+01
4.90066244e-05 -7.87095118e-01 2.92563685e+00 -1.64438221e+01 1.43843594e+01
5.20997665e-05 -8.17474366e-01 2.92631099e+00 -1.42259385e+01 1.21929117e+01
5.53011951e-05 -8.42277170e-01 2.92713177e+00 -1.23573059e+01 1.03423708e+01
5.86140508e-05 -8.61406972e-01 2.92819912e+00 -1.07780383e+01 8.77918577e+00
6.20415106e-05 -8.75676800e-01 2.92955213e+00 -9.44709713e+00 7.45650811e+00
6.55867832e-05 -8.87276160e-01 2.93115188e+00 -8.31882316e+00 6.33625465e+00
6.92531033e-05 -9.00057481e-01 2.93288415e+00 -7.36383499e+00 5.38760619e+00
7.30437257e-05 -9.18378729e-01 2.93457160e+00 -6.54652536e+00 4.58431837e+00
7.69619183e-05 -9.44592363e-01 2.93600764e+00 -5.84651660e+00 3.90546017e+00
8.10109547e-05 -9.76875306e-01 2.93701994e+00 -5.24672843e+00 3.33478824e+00
8.51941056e-05 -1.01145265e+00 2.93754566e+00 -4.73671015e+00 2.85568752e+00
8.95146297e-05 -1.04640700e+00 2.93763126e+00 -4.29867676e+00 2.45017295e+00
9.39757635e-05 -1.08142632e+00 2.93730078e+00 -3.92028906e+00 2.10461100e+00
9.85807105e-05 -1.11231605e+00 2.93657694e+00 -3.59822533e+00 1.81230675e+00
1.03332628e-04 -1.13094255e+00 2.93557234e+00 -3.33441547e+00 1.56554370e+00
1.08234618e-04 -1.13601640e+00 2.93465709e+00 -3.11949109e+00 1.35508711e+00
1.13289986e-04 -1.13598273e+00 2.93398845e+00 -2.94017108e+00 1.17495950e+00
1.18502647e-04 -1.13853971e+00 2.93353015e+00 -2.78531932e+00 1.02067144e+00
1.23876711e-04 -1.14449768e+00 2.93308140e+00 -2.64964177e+00 8.89655689e-01
1.29416424e-04 -1.14988936e+00 2.93268498e+00 -2.53626492e+00 7.80290102e-01
1.35126211e-04 -1.15602761e+00 2.93240093e+00 -2.44022591e+00 6.88319988e-01
1.41010679e-04 -1.17695761e+00 2.93230287e+00 -2.33910434e+00 6.07725662e-01
1.47074651e-04 -1.21975086e+00 2.93244010e+00 -2.22510462e+00 5.35852762e-01
1.53323209e-04 -1.26704392e+00 2.93291552e+00 -2.11793841e+00 4.73702189e-01
1.59761720e-04 -1.29938202e+00 2.93374465e+00 -2.03522570e+00 4.21563697e-01
1.66395860e-04 -1.31842531e+00 2.93479436e+00 -1.97346707e+00 3.77099602e-01
1.73231698e-04 -1.33523188e+00 2.93565786e+00 -1.91840304e+00 3.38298056e-01
1.80275774e-04 -1.35106493e+00 2.93588780e+00 -1.87063224e+00 3.05723255e-01
1.87535082e-04 -1.36192213e+00 2.93538172e+00 -1.83307774e+00 2.78025062e-01
1.95017115e-04 -1.36925358e+00 2.93441081e+00 -1.79890442e+00 2.52448812e-01
2.02730118e-04 -1.37408876e+00 2.93316591e+00 -1.77065124e+00 2.30136866e-01
2.10683235e-04 -1.37311590e+00 2.93187145e+00 -1.75357174e+00 2.12641821e-01
2.18886028e-04 -1.36208998e+00 2.93089696e+00 -1.74898082e+00 1.97415080e-01
2.27347627e-04 -1.34552098e+00 2.93033996e+00 -1.74961421e+00 1.81290007e-01
2.36076498e-04 -1.34551508e+00 2.92998861e+00 -1.73195353e+00 1.65177287e-01
2.45081036e-04 -1.37387128e+00 2.92974673e+00 -1.68971804e+00 1.51852558e-01
2.54370182e-04 -1.40946221e+00 2.92988366e+00 -1.64406530e+00 1.40629547e-01
2.63953556e-04 -1.43284535e+00 2.93032869e+00 -1.60916329e+00 1.29340300e-01
2.73841431e-04 -1.45043352e+00 2.93048685e+00 -1.58106139e+00 1.18232706e-01
2.84044783e-04 -1.47468266e+00 2.93009790e+00 -1.54760455e+00 1.08656808e-01
2.94575253e-04 -1.50729829e+00 2.92954275e+00 -1.50696662e+00 1.01598977e-01
3.05445297e-04 -1.53897757e+00 2.92916740e+00 -1.47093341e+00 9.60503608e-02
3.16668696e-04 -1.56305980e+00 2.92958600e+00 -1.44131764e+00 8.96165996e-02
3.28260463e-04 -1.58331065e+00 2.93053566e+00 -1.41419132e+00 8.27233939e-02
3.40235303e-04 -1.60449438e+00 2.93132416e+00 -1.39053210e+00 7.70326046e-02
3.52605832e-04 -1.63229920e+00 2.93132002e+00 -1.35810544e+00 7.22928107e-02
3.65382516e-04 -1.66885135e+00 2.93042321e+00 -1.31618195e+00 6.80473979e-02
3.78575119e-04 -1.70489256e+00 2.92857120e+00 -1.27614506e+00 6.30109252e-02
3.92193740e-04 -1.73691802e+00 2.92698023e+00 -1.23517634e+00 5.62618204e-02
4.06248688e-04 -1.76885710e+00 2.92674836e+00 -1.19498666e+00 5.11608131e-02
4.20750116e-04 -1.78804387e+00 2.92813712e+00 -1.17872811e+00 4.98144426e-02
4.35708063e-04 -1.78030515e+00 2.93036902e+00 -1.18859220e+00 4.83193871e-02
4.51132590e-04 -1.76742695e+00 2.93220098e+00 -1.19595274e+00 4.42680838e-02
4.67033704e-04 -1.78431107e+00 2.93319059e+00 -1.17685049e+00 3.98639753e-02
4.83421246e-04 -1.82952940e+00 2.93354393e+00 -1.12951803e+00 3.64920806e-02
5.00304876e-04 -1.87797883e+00 2.93352668e+00 -1.07799412e+00 3.39459099e-02
5.17694122e-04 -1.91426910e+00 2.93292729e+00 -1.03952276e+00 3.21492372e-02
5.35598352e-04 -1.92849970e+00 2.93276400e+00 -1.02377304e+00 3.03458083e-02
5.54026592e-04 -1.92608763e+00 2.93349632e+00 -1.02688059e+00 2.72499319e-02
5.72987539e-04 -1.93521061e+00 2.93392103e+00 -1.01275142e+00 2.35210195e-02
5.92489924e-04 -1.96120939e+00 2.93320764e+00 -9.83211946e-01 2.16049140e-02
6.12542108e-04 -1.98380535e+00 2.93308295e+00 -9.65750092e-01 2.11850377e-02
6.33150705e-04 -2.01034520e+00 2.93345883e+00 -9.35920877e-01 1.99932863e-02
6.54320158e-04 -2.05804419e+00 2.93273852e+00 -8.82676868e-01 1.89005376e-02
6.76053340e-04 -2.10991587e+00 2.93089031e+00 -8.32824518e-01 1.91588330e-02
6.98351096e-04 -2.14437627e+00 2.92937878e+00 -7.98438015e-01 1.85350879e-02
7.21212638e-04 -2.16527366e+00 2.92858982e+00 -7.71771587e-01 1.56223029e-02
7.44637950e-04 -2.18405130e+00 2.92905390e+00 -7.46173060e-01 1.27779863e-02
7.68625590e-04 -2.20773340e+00 2.93022301e+00 -7.26159352e-01 1.14828014e-02
7.93168293e-04 -2.24513946e+00 2.93046144e+00 -6.91024305e-01 9.90411458e-03
8.18261074e-04 -2.29469422e+00 2.93047372e+00 -6.33808558e-01 7.58632414e-03
8.43910254e-04 -2.32943991e+00 2.93029121e+00 -5.93918244e-01 6.78470847e-03
8.70115629e-04 -2.33265721e+00 2.92908642e+00 -5.96677275e-01 7.12933378e-03
8.96856001e-04 -2.33536353e+00 2.92674539e+00 -5.94938927e-01 6.00762588e-03
9.24126976e-04 -2.37520043e+00 2.92381796e+00 -5.37869024e-01 4.74494958e-03
9.51965864e-04 -2.43782621e+00 2.92173535e+00 -4.78485639e-01 5.96952602e-03
9.80364552e-04 -2.48834977e+00 2.92128726e+00 -4.35537814e-01 7.59327772e-03
1.00916388e-03 -2.52892081e+00 2.91986416e+00 -3.95780151e-01 7.13904735e-03
1.03811795e-03 -2.57123907e+00 2.91797377e+00 -3.45577825e-01 6.44387323e-03
1.06707579e-03 -2.60497761e+00 2.91742495e+00 -3.15068028e-01 6.90037828e-03
1.09603830e-03 -2.62943701e+00 2.91836495e+00 -2.93159252e-01 6.47081375e-03
1.12504782e-03 -2.66831213e+00 2.92045931e+00 -2.37408313e-01 4.41649271e-03
1.15410267e-03 -2.72491342e+00 2.92241272e+00 -2.01983281e-01 2.77519482e-03
1.18318419e-03 -2.76841431e+00 2.92394864e+00 -1.58928958e-01 1.85760562e-03
1.21229421e-03 -2.78954847e+00 2.92532007e+00 -1.32683464e-01 7.05978913e-04
1.24144056e-03 -2.81724842e+00 2.92712480e+00 -1.13368206e-01 5.61005298e-04
1.27062060e-03 -2.86461298e+00 2.92762829e+00 -6.43071543e-02 2.19276376e-03
1.29983024e-03 -2.90700877e+00 2.92656467e+00 -2.89845799e-02 4.06072510e-03
1.32907043e-03 -2.92774267e+00 2.92541816e+00 -4.04509359e-03 4.57450059e-03
1.35834166e-03 -2.93539283e+00 2.92539849e+00 5.92414178e-03 4.03468830e-03
1.38764224e-03 -2.93972336e+00 2.92538790e+00 7.38085060e-03 3.36449279e-03
1.41697125e-03 -2.94833766e+00 2.92442054e+00 1.93287117e-02 2.52756832e-03
1.44632851e-03 -2.97326910e+00 2.92267696e+00 5.05026648e-02 2.10667520e-03
1.47571338e-03 -3.02084647e+00 2.92128453e+00 9.44535480e-02 2.51597516e-03
1.50512526e-03 -3.08352205e+00 2.92073233e+00 1.54864969e-01 2.42255608e-03
1.53456405e-03 -3.14427599e+00 2.91927767e+00 2.23081469e-01 1.49282594e-03
1.56402960e-03 -3.18750019e+00 2.91601511e+00 2.67560031e-01 1.42967351e-03
1.59352164e-03 -3.21482141e+00 2.91400031e+00 2.91634942e-01 2.49982172e-03
1.62303993e-03 -3.24587837e+00 2.91522196e+00 3.24810799e-01 3.25968107e-03
1.65258430e-03 -3.29271392e+00 2.91731409e+00 3.72918020e-01 3.24475541e-03
1.68215452e-03 -3.33888799e+00 2.91783591e+00 4.17203490e-01 2.73563907e-03
1.71175036e-03 -3.35792968e+00 2.91695602e+00 4.39786847e-01 2.09826585e-03
1.74137162e-03 -3.35262512e+00 2.91571465e+00 4.36738790e-01 2.05085859e-03
1.77101805e-03 -3.35078890e+00 2.91428224e+00 4.31565260e-01 2.22737625e-03
1.80068943e-03 -3.36273919e+00 2.91228221e+00 4.48839742e-01 1.57129367e-03
1.83038551e-03 -3.37578192e+00 2.90994562e+00 4.68678279e-01 9.16318413e-04
1.86010605e-03 -3.38409612e+00 2.90820256e+00 4.73988823e-01 1.48980148e-03
1.88985080e-03 -3.40083038e+00 2.90735956e+00 4.90048571e-01 2.38904776e-03
1.91961951e-03 -3.44279725e+00 2.90678652e+00 5.35599867e-01 2.53626291e-03
1.94941195e-03 -3.50733304e+00 2.90677263e+00 5.99797243e-01 2.33488396e-03
1.97922786e-03 -3.57009250e+00 2.90644302e+00 6.64370273e-01 2.40020036e-03
2.00906700e-03 -3.60947548e+00 2.90552028e+00 7.04970544e-01 2.61756094e-03
2.03892912e-03 -3.62776293e+00 2.90491192e+00 7.22909988e-01 2.38205383e-03
2.06881396e-03 -3.64452379e+00 2.90489319e+00 7.43762956e-01 1.66518351e-03
2.09872130e-03 -3.67312015e+00 2.90457704e+00 7.72007705e-01 1.21481282e-03
2.12865091e-03 -3.71187392e+00 2.90273065e+00 8.10594743e-01 1.27399084e-03
2.15860255e-03 -3.75295369e+00 2.89962305e+00 8.58749287e-01 1.77186180e-03
2.18857599e-03 -3.79062526e+00 2.89703127e+00 8.96969552e-01 2.73060457e-03
2.21857102e-03 -3.82640049e+00 2.89541910e+00 9.31803896e-01 3.33753300e-03
2.24858739e-03 -3.86468368e+00 2.89381968e+00 9.76582132e-01 2.99621897e-03
2.27862488e-03 -3.90250035e+00 2.89244499e+00 1.01692833e+00 2.49771350e-03
2.30868325e-03 -3.93352126e+00 2.89126973e+00 1.04855556e+00 2.50546749e-03
2.33876227e-03 -3.95268068e+00 2.88962654e+00 1.07094270e+00 2.91276267e-03
2.36886171e-03 -3.95272679e+00 2.88711102e+00 1.07145258e+00 3.49144444e-03
2.39898134e-03 -3.93862233e+00 2.88424630e+00 1.05785965e+00 3.76435372e-03
2.42912091e-03 -3.93943296e+00 2.88221234e+00 1.05983391e+00 3.34689680e-03
2.45928020e-03 -3.97663902e+00 2.88110443e+00 1.09650664e+00 2.61037723e-03
2.48945897e-03 -4.03411584e+00 2.88036928e+00 1.15177416e+00 2.26395624e-03
2.51965697e-03 -4.08342435e+00 2.87992005e+00 1.19896256e+00 2.57047954e-03
2.54987397e-03 -4.11552588e+00 2.87926835e+00 1.22911095e+00 3.16027666e-03
2.58010974e-03 -4.13745171e+00 2.87814721e+00 1.25043426e+00 3.48251067e-03
2.61036403e-03 -4.15913494e+00 2.87684641e+00 1.27264509e+00 3.43067524e-03
2.64063659e-03 -4.18614883e+00 2.87624633e+00 1.29863559e+00 3.39397036e-03
2.67092720e-03 -4.21626905e+00 2.87537534e+00 1.32959916e+00 3.72588840e-03
2.70123561e-03 -4.24250218e+00 2.87317642e+00 1.35577228e+00 4.17672889e-03
2.73156157e-03 -4.26481550e+00 2.87049169e+00 1.38045673e+00 4.11160727e-03
2.76190485e-03 -4.28815203e+00 2.86926338e+00 1.40797008e+00 3.62270842e-03
2.79226520e-03 -4.30995852e+00 2.86925793e+00 1.42927327e+00 3.37802277e-03
2.82264238e-03 -4.32895017e+00 2.86879592e+00 1.44763215e+00 3.25559202e-03
2.85303614e-03 -4.35170368e+00 2.86732582e+00 1.47420411e+00 2.80952342e-03
2.88344624e-03 -4.38103687e+00 2.86551610e+00 1.50727108e+00 2.53199065e-03
2.91387243e-03 -4.41146505e+00 2.86397615e+00 1.53896471e+00 3.02100683e-03
2.94431447e-03 -4.43468104e+00 2.86299858e+00 1.56277224e+00 3.76876469e-03
2.97477212e-03 -4.45001237e+00 2.86161100e+00 1.58024381e+00 3.95493639e-03
3.00524513e-03 -4.46624168e+00 2.85955441e+00 1.60065582e+00 3.85607343e-03
3.03573325e-03 -4.48487015e+00 2.85758864e+00 1.62016448e+00 4.35521642e-03
3.06623624e-03 -4.49688704e+00 2.85599857e+00 1.62835960e+00 5.18570882e-03
3.09675385e-03 -4.50186109e+00 2.85492672e+00 1.63434449e+00 5.28959585e-03
3.12728583e-03 -4.50935262e+00 2.85429965e+00 1.64240345e+00 4.64898622e-03
3.15783193e-03 -4.52203271e+00 2.85354227e+00 1.65348930e+00 4.08366822e-03
3.18839190e-03 -4.53393975e+00 2.85289799e+00 1.66649262e+00 4.07244752e-03
3.21896550e-03 -4.54073707e+00 2.85288022e+00 1.67078506e+00 4.46735230e-03
3.24955247e-03 -4.54517733e+00 2.85349564e+00 1.67378638e+00 4.83018814e-03
3.28015257e-03 -4.55242145e+00 2.85390652e+00 1.68162542e+00 5.15267831e-03
3.31076554e-03 -4.56127856e+00 2.85335050e+00 1.68669022e+00 5.48350057e-03
3.34139114e-03 -4.56960269e+00 2.85222183e+00 1.69475664e+00 5.30077505e-03
3.37202910e-03 -4.58132102e+00 2.85116636e+00 1.71016199e+00 4.66529890e-03
3.40267919e-03 -4.59580128e+00 2.85015763e+00 1.72511724e+00 4.51146495e-03
3.43334114e-03 -4.60242947e+00 2.84891327e+00 1.73094767e+00 5.08665981e-03
3.46401471e-03 -4.59537879e+00 2.84762191e+00 1.72446089e+00 5.71146886e-03
3.49469964e-03 -4.58431444e+00 2.84621155e+00 1.71533156e+00 5.92958261e-03
3.52539568e-03 -4.58114150e+00 2.84465404e+00 1.71481423e+00 5.86416072e-03
3.55610258e-03 -4.58286928e+00 2.84366364e+00 1.71897045e+00 5.77614724e-03
3.58682007e-03 -4.57997245e+00 2.84309398e+00 1.71733747e+00 5.78433367e-03
3.61754791e-03 -4.57376045e+00 2.84244674e+00 1.71222642e+00 5.90820606e-03
3.64828584e-03 -4.57047530e+00 2.84188262e+00 1.70920361e+00 6.16240407e-03
3.67903361e-03 -4.56907580e+00 2.84120882e+00 1.70802375e+00 6.57974073e-03
3.70979095e-03 -4.56436776e+00 2.84036176e+00 1.70423038e+00 7.19510698e-03
3.74055762e-03 -4.55182359e+00 2.83957372e+00 1.69168522e+00 7.89574824e-03
3.77133336e-03 -4.53121443e+00 2.83917525e+00 1.67167486e+00 8.40455123e-03
3.80211790e-03 -4.50867209e+00 2.83908464e+00 1.64961514e+00 8.60198879e-03
3.83291101e-03 -4.48865873e+00 2.83885658e+00 1.62949606e+00 8.61562288e-03
3.86371241e-03 -4.46748018e+00 2.83841549e+00 1.60897997e+00 8.63153743e-03
3.89452185e-03 -4.43989696e+00 2.83782401e+00 1.58202963e+00 8.80223136e-03
3.92533907e-03 -4.40878672e+00 2.83711233e+00 1.55129749e+00 9.14975553e-03
3.95616382e-03 -4.38129846e+00 2.83672229e+00 1.52392611e+00 9.57432317e-03
3.98699583e-03 -4.35633733e+00 2.83662396e+00 1.49905060e+00 1.00194646e-02
4.01783485e-03 -4.32628567e+00 2.83676778e+00 1.46819022e+00 1.04215592e-02
4.04868062e-03 -4.29031797e+00 2.83698478e+00 1.43175763e+00 1.06406326e-02
4.07953288e-03 -4.25242470e+00 2.83694549e+00 1.39501703e+00 1.06983555e-02
4.11039138e-03 -4.20989185e+00 2.83678560e+00 1.35153875e+00 1.07535959e-02
4.14125584e-03 -4.15947869e+00 2.83684733e+00 1.30131575e+00 1.08600944e-02
4.17212602e-03 -4.10859037e+00 2.83692484e+00 1.24992266e+00 1.09698934e-02
4.20300165e-03 -4.06615530e+00 2.83681556e+00 1.20621851e+00 1.09591795e-02
4.23388248e-03 -4.02838963e+00 2.83694911e+00 1.16993474e+00 1.09011980e-02
4.26476824e-03 -3.98500750e+00 2.83741744e+00 1.12363059e+00 1.09827831e-02
4.29565867e-03 -3.93517955e+00 2.83811358e+00 1.07276627e+00 1.09940219e-02
4.32655351e-03 -3.88342055e+00 2.83869370e+00 1.01971507e+00 1.08492870e-02
4.35745251e-03 -3.83030429e+00 2.83900497e+00 9.64448830e-01 1.06542932e-02
4.38835540e-03 -3.77679922e+00 2.83905439e+00 9.11763360e-01 1.02783193e-02
4.41926192e-03 -3.72631399e+00 2.83924372e+00 8.61213653e-01 9.81838431e-03
4.45017181e-03 -3.68003916e+00 2.83968528e+00 8.14953758e-01 9.55439509e-03
4.48108481e-03 -3.63464975e+00 2.84009168e+00 7.68248405e-01 9.47407674e-03
4.51200066e-03 -3.58741349e+00 2.84035423e+00 7.20399419e-01 9.28267156e-03
4.54291909e-03 -3.54066346e+00 2.84065975e+00 6.73538747e-01 8.81134119e-03
4.57383985e-03 -3.49894040e+00 2.84128041e+00 6.31456665e-01 8.23081748e-03
4.60476268e-03 -3.46296896e+00 2.84207753e+00 5.94730698e-01 7.79577889e-03
4.63568730e-03 -3.42898633e+00 2.84276186e+00 5.60436145e-01 7.62181110e-03
4.66661347e-03 -3.39264893e+00 2.84327282e+00 5.23806632e-01 7.63305098e-03
4.69754092e-03 -3.35251430e+00 2.84380203e+00 4.82812207e-01 7.52617681e-03
4.72846938e-03 -3.31195021e+00 2.84443987e+00 4.42446948e-01 7.01881565e-03
4.75939861e-03 -3.27559969e+00 2.84517615e+00 4.06595343e-01 6.24142715e-03
4.79032832e-03 -3.24347711e+00 2.84588852e+00 3.74153517e-01 5.58450471e-03
4.82125827e-03 -3.21279803e+00 2.84657284e+00 3.42807334e-01 5.21162857e-03
4.85218819e-03 -3.18281663e+00 2.84719319e+00 3.12401619e-01 4.98876040e-03
4.88311782e-03 -3.15394032e+00 2.84767357e+00 2.83303199e-01 4.74256733e-03
4.91404690e-03 -3.12630175e+00 2.84810872e+00 2.55405116e-01 4.39063487e-03
4.94497517e-03 -3.10108632e+00 2.84859939e+00 2.30159198e-01 3.94275488e-03
4.97590236e-03 -3.07991806e+00 2.84914518e+00 2.09004185e-01 3.49678008e-03
5.00682821e-03 -3.06254435e+00 2.84973640e+00 1.91407168e-01 3.16325280e-03
5.03775246e-03 -3.04644832e+00 2.85032475e+00 1.74990621e-01 2.95221725e-03
5.06867486e-03 -3.02915425e+00 2.85086133e+00 1.57280461e-01 2.76767371e-03
5.09959513e-03 -3.01111971e+00 2.85131891e+00 1.39179277e-01 2.52300067e-03
5.13051302e-03 -2.99504749e+00 2.85173826e+00 1.23083627e-01 2.23264654e-03
5.16142827e-03 -2.98223218e+00 2.85217569e+00 1.09997566e-01 1.96387927e-03
5.19234061e-03 -2.97155166e+00 2.85259771e+00 9.91732798e-02 1.75636785e-03
5.22324978e-03 -2.96163549e+00 2.85295867e+00 8.89674658e-02 1.60147761e-03
5.25415553e-03 -2.95230619e+00 2.85327526e+00 7.93868831e-02 1.45291548e-03
5.28505759e-03 -2.94393755e+00 2.85357319e+00 7.10600314e-02 1.29186196e-03
5.31595570e-03 -2.93642987e+00 2.85385667e+00 6.33580654e-02 1.14658229e-03
5.34684960e-03 -2.92953476e+00 2.85410148e+00 5.61974136e-02 1.01554269e-03
5.37773903e-03 -2.92346965e+00 2.85428693e+00 5.01183316e-02 8.76487144e-04
5.40862373e-03 -2.91833136e+00 2.85440829e+00 4.50180807e-02 7.59638419e-04
5.43950344e-03 -2.91344720e+00 2.85449958e+00 4.00754408e-02 7.06068327e-04
5.47037789e-03 -2.90807608e+00 2.85461265e+00 3.44298380e-02 6.76536809e-04
5.50124684e-03 -2.90274829e+00 2.85473863e+00 2.90128597e-02 5.91963602e-04
5.53211002e-03 -2.89883305e+00 2.85484479e+00 2.52657996e-02 4.62635142e-04
5.56296717e-03 -2.89645954e+00 2.85491867e+00 2.28209632e-02 3.74052502e-04
5.59381803e-03 -2.89442761e+00 2.85496601e+00 2.06062023e-02 3.47728337e-04
5.62466235e-03 -2.89211923e+00 2.85500940e+00 1.82571087e-02 3.26253711e-04
5.65549986e-03 -2.88993179e+00 2.85504846e+00 1.60657041e-02 2.73105872e-04
5.68633030e-03 -2.88820774e+00 2.85506072e+00 1.43456669e-02 2.07221739e-04
5.71715342e-03 -2.88677293e+00 2.85503000e+00 1.29372953e-02 1.62737100e-04
5.74796896e-03 -2.88527712e+00 2.85496561e+00 1.14395429e-02 1.49641766e-04
5.77877666e-03 -2.88356968e+00 2.85488392e+00 9.74246006e-03 1.48343388e-04
5.80957626e-03 -2.88181158e+00 2.85479730e+00 8.03420312e-03 1.36327789e-04
5.84036751e-03 -2.88033521e+00 2.85470260e+00 6.61624171e-03 1.11979603e-04
5.87115014e-03 -2.87936520e+00 2.85459462e+00 5.72802347e-03 9.08157457e-05
5.90192391e-03 -2.87874980e+00 2.85448020e+00 5.17233384e-03 8.38983410e-05
5.93268856e-03 -2.87808057e+00 2.85436034e+00 4.51562020e-03 8.04393756e-05
5.96344382e-03 -2.87725947e+00 2.85423051e+00 3.78288016e-03 6.24413044e-05
5.99418945e-03 -2.87663058e+00 2.85409067e+00 3.29816927e-03 3.58244743e-05
6.02492519e-03 -2.87635892e+00 2.85394075e+00 3.10133896e-03 2.08453796e-05
6.05565078e-03 -2.87616767e+00 2.85378061e+00 2.97198351e-03 1.86830661e-05
6.08636597e-03 -2.87582711e+00 2.85361312e+00 2.74817832e-03 1.70171153e-05
6.11707050e-03 -2.87541555e+00 2.85344057e+00 2.45218277e-03 1.34134152e-05
6.14776413e-03 -2.87504763e+00 2.85326355e+00 2.17702865e-03 1.11088610e-05
6.17844658e-03 -2.87472242e+00 2.85308004e+00 1.96068673e-03 8.27951100e-06
6.20911762e-03 -2.87443671e+00 2.85288884e+00 1.80296047e-03 3.32528230e-06
6.23977700e-03 -2.87421231e+00 2.85269185e+00 1.70958589e-03 -1.49024442e-07
6.27042444e-03 -2.87401722e+00 2.85249064e+00 1.63685226e-03 9.58696489e-07
6.30105971e-03 -2.87379217e+00 2.85228424e+00 1.53121447e-03 3.70270111e-06
6.33168256e-03 -2.87354981e+00 2.85207303e+00 1.42986709e-03 3.63116783e-06
6.36229273e-03 -2.87334355e+00 2.85185937e+00 1.37106599e-03 1.57680601e-06
6.39288996e-03 -2.87316203e+00 2.85164343e+00 1.32440598e-03 5.52425176e-07
6.42347402e-03 -2.87295760e+00 2.85142378e+00 1.25997130e-03 -8.90527565e-08
6.45404465e-03 -2.87273487e+00 2.85120090e+00 1.18842715e-03 -2.22062609e-06
6.48460160e-03 -2.87253088e+00 2.85097635e+00 1.13668881e-03 -4.53628554e-06
6.51514461e-03 -2.87235121e+00 2.85075045e+00 1.10650668e-03 -4.12480900e-06
6.54567345e-03 -2.87217040e+00 2.85052275e+00 1.07090519e-03 -7.66791767e-07
6.57618787e-03 -2.87196859e+00 2.85029285e+00 1.01554296e-03 2.08646141e-06
6.60668761e-03 -2.87175022e+00 2.85006065e+00 9.54385669e-04 1.27406717e-06
6.63717243e-03 -2.87153590e+00 2.84982621e+00 9.04596744e-04 -2.04589255e-06
6.66764208e-03 -2.87133810e+00 2.84958966e+00 8.67968174e-04 -4.16694075e-06
6.69809632e-03 -2.87114849e+00 2.84935135e+00 8.35538114e-04 -3.75199210e-06
6.72853490e-03 -2.87095550e+00 2.84911164e+00 8.02867144e-04 -2.58285870e-06
6.75895758e-03 -2.87076159e+00 2.84887080e+00 7.74690494e-04 -2.03889420e-06
6.78936410e-03 -2.87057288e+00 2.84862903e+00 7.50696687e-04 -1.51011907e-06
6.81975423e-03 -2.87038612e+00 2.84838640e+00 7.26211443e-04 -4.10122139e-07
6.85012773e-03 -2.87019479e+00 2.84814287e+00 7.00083161e-04 6.13847403e-07
6.88048434e-03 -2.86999738e+00 2.84789847e+00 6.70916401e-04 8.88061928e-07
6.91082384e-03 -2.86979630e+00 2.84765326e+00 6.37973822e-04 4.18286003e-07
6.94114597e-03 -2.86959600e+00 2.84740724e+00 6.06920134e-04 -6.17580427e-07
6.97145049e-03 -2.86940110e+00 2.84716041e+00 5.83871616e-04 -1.87971685e-06
7.00173717e-03 -2.86921173e+00 2.84691280e+00 5.66442316e-04 -2.73414786e-06
7.03200576e-03 -2.86902305e+00 2.84666447e+00 5.48409345e-04 -2.93612108e-06
7.06225602e-03 -2.86883202e+00 2.84641551e+00 5.28942666e-04 -2.96995079e-06
7.09248772e-03 -2.86864102e+00 2.84616601e+00 5.11474900e-04 -3.24823503e-06
7.12270061e-03 -2.86845310e+00 2.84591608e+00 4.97262639e-04 -3.55334663e-06
7.15289447e-03 -2.86826770e+00 2.84566573e+00 4.84791274e-04 -3.57679795e-06
7.18306904e-03 -2.86808275e+00 2.84541491e+00 4.73286760e-04 -3.42583345e-06
7.21322410e-03 -2.86789761e+00 2.84516358e+00 4.62827665e-04 -3.30862979e-06
7.24335941e-03 -2.86771216e+00 2.84491175e+00 4.52394632e-04 -3.18916757e-06
7.27347474e-03 -2.86752546e+00 2.84465947e+00 4.40631285e-04 -3.00578541e-06
7.30356984e-03 -2.86733701e+00 2.84440678e+00 4.27713824e-04 -2.88720584e-06
7.33364449e-03 -2.86714796e+00 2.84415374e+00 4.15122037e-04 -2.94479916e-06
7.36369845e-03 -2.86695979e+00 2.84390040e+00 4.03821706e-04 -3.07755653e-06
7.39373150e-03 -2.86677269e+00 2.84364679e+00 3.93494523e-04 -3.13694723e-06
7.42374339e-03 -2.86658588e+00 2.84339293e+00 3.83667063e-04 -3.12865372e-06
7.45373389e-03 -2.86639885e+00 2.84313881e+00 3.74244762e-04 -3.10697189e-06
7.48370279e-03 -2.86621154e+00 2.84288447e+00 3.64769560e-04 -3.04498904e-06
7.51364983e-03 -2.86602368e+00 2.84262990e+00 3.54697822e-04 -2.91993621e-06
7.54357481e-03 -2.86583489e+00 2.84237515e+00 3.43839274e-04 -2.77161359e-06
7.57347749e-03 -2.86564526e+00 2.84212021e+00 3.32512878e-04 -2.70840496e-06
7.60335763e-03 -2.86545559e+00 2.84186512e+00 3.21623632e-04 -2.80371009e-06
7.63321502e-03 -2.86526680e+00 2.84160986e+00 3.11907717e-04 -2.98063886e-06
7.66304943e-03 -2.86507923e+00 2.84135444e+00 3.03449511e-04 -3.10632659e-06
7.69286062e-03 -2.86489254e+00 2.84109888e+00 2.95880448e-04 -3.13187146e-06
7.72264839e-03 -2.86470618e+00 2.84084319e+00 2.88799276e-04 -3.10747156e-06
7.75241249e-03 -2.86451989e+00 2.84058739e+00 2.81972181e-04 -3.08563492e-06
7.78215271e-03 -2.86433365e+00 2.84033152e+00 2.75282924e-04 -3.06211764e-06
7.81186883e-03 -2.86414737e+00 2.84007560e+00 2.68591138e-04 -3.01045568e-06
7.84156062e-03 -2.86396086e+00 2.83981962e+00 2.61703277e-04 -2.94160640e-06
7.87122787e-03 -2.86377405e+00 2.83956357e+00 2.54666305e-04 -2.90842470e-06
7.90087034e-03 -2.86358721e+00 2.83930744e+00 2.47847836e-04 -2.94634831e-06
7.93048783e-03 -2.86340072e+00 2.83905126e+00 2.41539138e-04 -3.02529052e-06
7.96008011e-03 -2.86321469e+00 2.83879503e+00 2.35704935e-04 -3.08161574e-06
7.98964697e-03 -2.86302893e+00 2.83853877e+00 2.30143602e-04 -3.08758144e-06
8.01918818e-03 -2.86284324e+00 2.83828248e+00 2.24724071e-04 -3.06696721e-06
8.04870354e-03 -2.86265760e+00 2.83802618e+00 2.19436803e-04 -3.05181905e-06
8.07819282e-03 -2.86247205e+00 2.83776988e+00 2.14310524e-04 -3.04850900e-06
8.10765581e-03 -2.86228664e+00 2.83751358e+00 2.09347746e-04 -3.04622105e-06
8.13709231e-03 -2.86210134e+00 2.83725731e+00 2.04531815e-04 -3.03891014e-06
8.16650208e-03 -2.86191614e+00 2.83700107e+00 1.99851438e-04 -3.02979180e-06
8.19588493e-03 -2.86173105e+00 2.83674486e+00 1.95304435e-04 -3.02247084e-06
8.22524064e-03 -2.86154607e+00 2.83648871e+00 1.90888679e-04 -3.01613630e-06
8.25456899e-03 -2.86136120e+00 2.83623261e+00 1.86598567e-04 -3.00855417e-06
8.28386979e-03 -2.86117644e+00 2.83597657e+00 1.82428443e-04 -2.99947316e-06
8.31314282e-03 -2.86099180e+00 2.83572060e+00 1.78374440e-04 -2.99012519e-06
8.34238787e-03 -2.86080727e+00 2.83546472e+00 1.74433432e-04 -2.98124152e-06
8.37160474e-03 -2.86062286e+00 2.83520891e+00 1.70601607e-04 -2.97254374e-06
8.40079322e-03 -2.86043856e+00 2.83495319e+00 1.66874926e-04 -2.96363754e-06
8.42995310e-03 -2.86025438e+00 2.83469757e+00 1.63249744e-04 -2.95465182e-06
8.45908418e-03 -2.86007032e+00 2.83444204e+00 1.59723098e-04 -2.94592255e-06
8.48818626e-03 -2.85988638e+00 2.83418661e+00 1.56291669e-04 -2.93735965e-06
8.51725913e-03 -2.85970257e+00 2.83393129e+00 1.52952126e-04 -2.92841999e-06
8.54630260e-03 -2.85951887e+00 2.83367607e+00 1.49700942e-04 -2.91866612e-06
8.57531646e-03 -2.85933530e+00 2.83342096e+00 1.46535351e-04 -2.90822916e-06
8.60430050e-03 -2.85915184e+00 2.83316596e+00 1.43452871e-04 -2.89762143e-06
8.63325454e-03 -2.85896852e+00 2.83291107e+00 1.40451183e-04 -2.88715303e-06
8.66217838e-03 -2.85878532e+00 2.83265628e+00 1.37527839e-04 -2.87672525e-06
8.69107182e-03 -2.85860224e+00 2.83240160e+00 1.34679951e-04 -2.86619726e-06
8.71993466e-03 -2.85841930e+00 2.83214703e+00 1.31905294e-04 -2.85568936e-06
8.74876671e-03 -2.85823648e+00 2.83189258e+00 1.29201603e-04 -2.84540646e-06
8.77756778e-03 -2.85805379e+00 2.83163825e+00 1.26566745e-04 -2.83521166e-06
8.80633767e-03 -2.85787123e+00 2.83138404e+00 1.23998283e-04 -2.82464879e-06
8.83507620e-03 -2.85768880e+00 2.83112997e+00 1.21493700e-04 -2.81339701e-06
8.86378316e-03 -2.85750651e+00 2.83087604e+00 1.19051110e-04 -2.80160462e-06
8.89245838e-03 -2.85732436e+00 2.83062228e+00 1.16668991e-04 -2.78970692e-06
8.92110166e-03 -2.85714234e+00 2.83036868e+00 1.14345851e-04 -2.77793337e-06
8.94971282e-03 -2.85696048e+00 2.83011527e+00 1.12080004e-04 -2.76617509e-06
8.97829166e-03 -2.85677875e+00 2.82986205e+00 1.09869545e-04 -2.75435187e-06
9.00683800e-03 -2.85659718e+00 2.82960903e+00 1.07712810e-04 -2.74261976e-06
9.03535167e-03 -2.85641575e+00 2.82935622e+00 1.05608409e-04 -2.73107661e-06
9.06383246e-03 -2.85623447e+00 2.82910363e+00 1.03554825e-04 -2.71957555e-06
9.09228021e-03 -2.85605335e+00 2.82885125e+00 1.01550306e-04 -2.70779367e-06
9.12069472e-03 -2.85587238e+00 2.82859908e+00 9.95931134e-05 -2.69530575e-06
9.14907582e-03 -2.85569156e+00 2.82834713e+00 9.76820052e-05 -2.68226073e-06
9.17742333e-03 -2.85551090e+00 2.82809538e+00 9.58158930e-05 -2.66945051e-06
9.20573706e-03 -2.85533040e+00 2.82784384e+00 9.39937127e-05 -2.65666437e-06
9.23401684e-03 -2.85515005e+00 2.82759250e+00 9.22145298e-05 -2.64332473e-06
9.26226251e-03 -2.85496987e+00 2.82734135e+00 9.04772152e-05 -2.63079273e-06
9.29047387e-03 -2.85478984e+00 2.82709040e+00 8.87795303e-05 -2.61886768e-06
9.31865072e-03 -2.85460997e+00 2.82683965e+00 8.71209503e-05 -2.60439973e-06
9.34679295e-03 -2.85443026e+00 2.82658907e+00 8.55014530e-05 -2.59050043e-06
9.37490040e-03 -2.85425072e+00 2.82633871e+00 8.39175198e-05 -2.58208134e-06
9.40297275e-03 -2.85407134e+00 2.82608855e+00 8.23676984e-05 -2.56915835e-06
9.43100991e-03 -2.85389212e+00 2.82583858e+00 8.08566254e-05 -2.54748400e-06
9.45901195e-03 -2.85371308e+00 2.82558882e+00 7.93804914e-05 -2.53847226e-06
9.48697843e-03 -2.85353420e+00 2.82533934e+00 7.79262786e-05 -2.53458738e-06
9.51490874e-03 -2.85335550e+00 2.82509007e+00 7.65040668e-05 -2.49481077e-06
9.54280361e-03 -2.85317697e+00 2.82484094e+00 7.51368565e-05 -2.46509372e-06
9.57066338e-03 -2.85299860e+00 2.82459211e+00 7.37995959e-05 -2.53063526e-06
9.59848577e-03 -2.85282042e+00 2.82434367e+00 7.24488792e-05 -2.57217042e-06
9.62627011e-03 -2.85264242e+00 2.82409532e+00 7.11258488e-05 -2.40410341e-06
9.65402102e-03 -2.85246459e+00 2.82384700e+00 6.99006940e-05 -2.22583562e-06
9.68173865e-03 -2.85228692e+00 2.82359915e+00 6.87137421e-05 -2.39477021e-06
9.70941183e-03 -2.85210946e+00 2.82335187e+00 6.74549763e-05 -2.69696205e-06
9.73704038e-03 -2.85193223e+00 2.82310459e+00 6.61843013e-05 -2.58278112e-06
9.76466319e-03 -2.85175496e+00 2.82285696e+00 6.50488662e-05 -2.17008901e-06
9.79234304e-03 -2.85157728e+00 2.82260905e+00 6.40083562e-05 -2.10547605e-06
9.82011986e-03 -2.85139894e+00 2.82236052e+00 6.28964612e-05 -2.42611233e-06
9.84799499e-03 -2.85121992e+00 2.82211077e+00 6.17096795e-05 -2.55719351e-06
9.87595877e-03 -2.85104025e+00 2.82185989e+00 6.05885660e-05 -2.34743316e-06
9.90401278e-03 -2.85085992e+00 2.82160832e+00 5.95665385e-05 -2.19495076e-06
9.93216311e-03 -2.85067894e+00 2.82135598e+00 5.85506243e-05 -2.26397189e-06
9.96041063e-03 -2.85049728e+00 2.82110258e+00 5.75025634e-05 -2.32890999e-06
9.98875457e-03 -2.85031495e+00 2.82084816e+00 5.64690185e-05 -2.28086135e-06
1.00171968e-02 -2.85013192e+00 2.82059290e+00 5.54745121e-05 -2.23200435e-06
1.00457396e-02 -2.84994820e+00 2.82033670e+00 5.44990957e-05 -2.23121836e-06
1.00743840e-02 -2.84976376e+00 2.82007948e+00 5.35320798e-05 -2.22555988e-06
1.01031311e-02 -2.84957861e+00 2.81982127e+00 5.25807269e-05 -2.20240353e-06
1.01319825e-02 -2.84939273e+00 2.81956208e+00 5.16467460e-05 -2.18556250e-06
1.01609399e-02 -2.84920611e+00 2.81930186e+00 5.07267768e-05 -2.17304235e-06
1.01900044e-02 -2.84901874e+00 2.81904057e+00 4.98210961e-05 -2.15529502e-06
1.02191777e-02 -2.84883060e+00 2.81877821e+00 4.89306107e-05 -2.13713637e-06
1.02484613e-02 -2.84864168e+00 2.81851475e+00 4.80545450e-05 -2.12148894e-06
1.02778567e-02 -2.84845198e+00 2.81825016e+00 4.71924379e-05 -2.10511643e-06
1.03073655e-02 -2.84826147e+00 2.81798444e+00 4.63443470e-05 -2.08795172e-06
1.03369891e-02 -2.84807015e+00 2.81771758e+00 4.55099949e-05 -2.07144958e-06
1.03667292e-02 -2.84787801e+00 2.81744956e+00 4.46887415e-05 -2.05489081e-06
1.03965874e-02 -2.84768505e+00 2.81718038e+00 4.38802962e-05 -2.03780171e-06
1.04265653e-02 -2.84749124e+00 2.81691006e+00 4.30846335e-05 -2.02060883e-06
1.04566646e-02 -2.84729659e+00 2.81663858e+00 4.23016232e-05 -2.00330021e-06
1.04868868e-02 -2.84710109e+00 2.81636595e+00 4.15312431e-05 -1.98527915e-06
1.05172337e-02 -2.84690472e+00 2.81609217e+00 4.07725175e-05 -1.96675072e-06
1.05477070e-02 -2.84670749e+00 2.81581723e+00 4.00255322e-05 -1.94875919e-06
1.05783085e-02 -2.84650936e+00 2.81554112e+00 3.92910781e-05 -1.93135829e-06
1.06090398e-02 -2.84631034e+00 2.81526380e+00 3.85686627e-05 -1.91399597e-06
1.06399027e-02 -2.84611040e+00 2.81498525e+00 3.78576187e-05 -1.89624867e-06
1.06708991e-02 -2.84590953e+00 2.81470543e+00 3.71571846e-05 -1.87796363e-06
1.07020307e-02 -2.84570772e+00 2.81442430e+00 3.64672610e-05 -1.85931307e-06
1.07332994e-02 -2.84550494e+00 2.81414182e+00 3.57879023e-05 -1.84053269e-06
1.07647071e-02 -2.84530118e+00 2.81385795e+00 3.51190803e-05 -1.82171906e-06
1.07962556e-02 -2.84509642e+00 2.81357266e+00 3.44609511e-05 -1.80279302e-06
1.08279469e-02 -2.84489066e+00 2.81328594e+00 3.38130219e-05 -1.78373706e-06
1.08597829e-02 -2.84468387e+00 2.81299775e+00 3.31751291e-05 -1.76467188e-06
1.08917656e-02 -2.84447604e+00 2.81270811e+00 3.25470369e-05 -1.74573045e-06
1.09238970e-02 -2.84426717e+00 2.81241699e+00 3.19287065e-05 -1.72682848e-06
1.09561791e-02 -2.84405724e+00 2.81212442e+00 3.13198972e-05 -1.70770645e-06
1.09886139e-02 -2.84384624e+00 2.81183039e+00 3.07204105e-05 -1.68820501e-06
1.10212036e-02 -2.84363416e+00 2.81153491e+00 3.01300003e-05 -1.66841407e-06
1.10539502e-02 -2.84342099e+00 2.81123796e+00 2.95486895e-05 -1.64851407e-06
1.10868560e-02 -2.84320671e+00 2.81093955e+00 2.89766189e-05 -1.62854237e-06
1.11199230e-02 -2.84299132e+00 2.81063964e+00 2.84136180e-05 -1.60840253e-06
1.11531535e-02 -2.84277479e+00 2.81033821e+00 2.78594925e-05 -1.58807006e-06
1.11865497e-02 -2.84255710e+00 2.81003521e+00 2.73138111e-05 -1.56767785e-06
1.12201139e-02 -2.84233824e+00 2.80973061e+00 2.67764128e-05 -1.54734272e-06
1.12538483e-02 -2.84211818e+00 2.80942436e+00 2.62471392e-05 -1.52696921e-06
1.12877554e-02 -2.84189690e+00 2.80911642e+00 2.57257629e-05 -1.50632769e-06
1.13218374e-02 -2.84167439e+00 2.80880674e+00 2.52120863e-05 -1.48530618e-06
1.13560969e-02 -2.84145062e+00 2.80849532e+00 2.47059374e-05 -1.46402649e-06
1.13905361e-02 -2.84122558e+00 2.80818212e+00 2.42073112e-05 -1.44267037e-06
1.14251576e-02 -2.84099926e+00 2.80786716e+00 2.37164293e-05 -1.42126747e-06
1.14599640e-02 -2.84077165e+00 2.80755041e+00 2.32330995e-05 -1.39973808e-06
1.14949577e-02 -2.84054271e+00 2.80723189e+00 2.27572384e-05 -1.37807991e-06
1.15301414e-02 -2.84031245e+00 2.80691158e+00 2.22885562e-05 -1.35642341e-06
1.15655176e-02 -2.84008084e+00 2.80658946e+00 2.18269946e-05 -1.33486654e-06
1.16010891e-02 -2.83984786e+00 2.80626551e+00 2.13724246e-05 -1.31330128e-06
1.16368586e-02 -2.83961349e+00 2.80593968e+00 2.09247122e-05 -1.29150015e-06
1.16728287e-02 -2.83937771e+00 2.80561194e+00 2.04837092e-05 -1.26937037e-06
1.17090024e-02 -2.83914048e+00 2.80528223e+00 2.00492901e-05 -1.24701138e-06
1.17453825e-02 -2.83890180e+00 2.80495051e+00 1.96214486e-05 -1.22456271e-06
1.17819718e-02 -2.83866163e+00 2.80461672e+00 1.92002072e-05 -1.20202954e-06
1.18187733e-02 -2.83841994e+00 2.80428084e+00 1.87855051e-05 -1.17932831e-06
1.18557900e-02 -2.83817673e+00 2.80394283e+00 1.83770450e-05 -1.15647075e-06
1.18930248e-02 -2.83793196e+00 2.80360267e+00 1.79746266e-05 -1.13359259e-06
1.19304809e-02 -2.83768562e+00 2.80326035e+00 1.75782141e-05 -1.11077933e-06
1.19681614e-02 -2.83743769e+00 2.80291585e+00 1.71877182e-05 -1.08793396e-06
1.20060695e-02 -2.83718814e+00 2.80256917e+00 1.68030597e-05 -1.06486688e-06
1.20442084e-02 -2.83693696e+00 2.80222028e+00 1.64240992e-05 -1.04150296e-06
1.20825814e-02 -2.83668413e+00 2.80186917e+00 1.60507705e-05 -1.01794027e-06
1.21211918e-02 -2.83642962e+00 2.80151580e+00 1.56831067e-05 -9.94285222e-07
1.21600431e-02 -2.83617339e+00 2.80116014e+00 1.53210839e-05 -9.70524757e-07
1.21991386e-02 -2.83591544e+00 2.80080214e+00 1.49646131e-05 -9.46593049e-07
1.22384820e-02 -2.83565571e+00 2.80044175e+00 1.46135232e-05 -9.22512918e-07
1.22780767e-02 -2.83539419e+00 2.80007892e+00 1.42675503e-05 -8.98406346e-07
1.23179264e-02 -2.83513084e+00 2.79971361e+00 1.39266393e-05 -8.74337003e-07
1.23580347e-02 -2.83486564e+00 2.79934577e+00 1.35908678e-05 -8.50214173e-07
1.23984056e-02 -2.83459856e+00 2.79897538e+00 1.32600958e-05 -8.25905537e-07
1.24390427e-02 -2.83432956e+00 2.79860240e+00 1.29343274e-05 -8.01376753e-07
1.24799500e-02 -2.83405863e+00 2.79822681e+00 1.26134828e-05 -7.76678494e-07
1.25211314e-02 -2.83378574e+00 2.79784859e+00 1.22976263e-05 -7.51847500e-07
1.25625910e-02 -2.83351086e+00 2.79746771e+00 1.19867674e-05 -7.26833060e-07
1.26043328e-02 -2.83323396e+00 2.79708413e+00 1.16807845e-05 -7.01656289e-07
1.26463611e-02 -2.83295501e+00 2.79669782e+00 1.13794398e-05 -6.76555720e-07
1.26886800e-02 -2.83267397e+00 2.79630872e+00 1.10826385e-05 -6.51622029e-07
1.27312940e-02 -2.83239081e+00 2.79591679e+00 1.07902653e-05 -6.26504175e-07
1.27742074e-02 -2.83210551e+00 2.79552196e+00 1.05023927e-05 -6.00898486e-07
1.28174247e-02 -2.83181801e+00 2.79512417e+00 1.02187853e-05 -5.74876118e-07
1.28609505e-02 -2.83152828e+00 2.79472337e+00 9.93931617e-06 -5.48962931e-07
1.29047894e-02 -2.83123629e+00 2.79431951e+00 9.66389109e-06 -5.24343579e-07
1.29489462e-02 -2.83094200e+00 2.79391254e+00 9.39273846e-06 -5.00468802e-07
1.29934257e-02 -2.83064537e+00 2.79350245e+00 9.12602862e-06 -4.73699823e-07
1.30382329e-02 -2.83034639e+00 2.79308917e+00 8.86357148e-06 -4.43682749e-07
1.30833727e-02 -2.83004500e+00 2.79267269e+00 8.60467724e-06 -4.15076019e-07
1.31288503e-02 -2.82974118e+00 2.79225298e+00 8.34880505e-06 -3.89828278e-07
1.31746707e-02 -2.82943487e+00 2.79182992e+00 8.09692729e-06 -3.70554365e-07
1.32208396e-02 -2.82912601e+00 2.79140347e+00 7.85015623e-06 -3.57336210e-07
1.32673621e-02 -2.82881458e+00 2.79097365e+00 7.60857520e-06 -3.26184652e-07
1.33142435e-02 -2.82850057e+00 2.79054014e+00 7.37134966e-06 -2.65329847e-07
1.33614903e-02 -2.82818392e+00 2.79010293e+00 7.13505385e-06 -2.25020522e-07
1.34091076e-02 -2.82786458e+00 2.78966234e+00 6.89659349e-06 -2.29406139e-07
1.34571000e-02 -2.82754240e+00 2.78921796e+00 6.66237613e-06 -2.30019769e-07
1.35054759e-02 -2.82721730e+00 2.78876926e+00 6.44280901e-06 -2.44035293e-07
1.35542422e-02 -2.82688947e+00 2.78831744e+00 6.23334879e-06 -2.60938927e-07
1.36033991e-02 -2.82655906e+00 2.78786259e+00 6.02118525e-06 -7.20944956e-08
1.36529553e-02 -2.82622571e+00 2.78740203e+00 5.80315771e-06 2.29755392e-07
1.37029290e-02 -2.82588917e+00 2.78693728e+00 5.57023371e-06 8.13864293e-08
1.37533145e-02 -2.82554964e+00 2.78647184e+00 5.32138011e-06 -3.68891776e-07
1.38040988e-02 -2.82520660e+00 2.78600118e+00 5.11814580e-06 -2.66905771e-07
1.38553267e-02 -2.82485954e+00 2.78552000e+00 5.00896635e-06 -6.09290411e-08
1.39070318e-02 -2.82451070e+00 2.78503898e+00 4.87946729e-06 -6.40081994e-07
1.39591274e-02 -2.82416183e+00 2.78456312e+00 4.59411677e-06 -2.30513140e-07
1.40115908e-02 -2.82380773e+00 2.78407349e+00 4.27793350e-06 2.49148577e-06
1.40646415e-02 -2.82344283e+00 2.78356546e+00 4.13572901e-06 3.08187206e-06
1.41183194e-02 -2.82307463e+00 2.78306685e+00 4.04429673e-06 -2.09413493e-06
1.41721420e-02 -2.82271558e+00 2.78258574e+00 3.78050136e-06 -6.78631959e-06
1.42260652e-02 -2.82235840e+00 2.78208286e+00 3.51326643e-06 -1.67113294e-06
1.42818383e-02 -2.82197645e+00 2.78154189e+00 3.51779631e-06 6.85026718e-06
1.43425150e-02 -2.82155583e+00 2.78097292e+00 3.53167499e-06 5.91682321e-06
1.44104445e-02 -2.82109581e+00 2.78035924e+00 3.19446117e-06 -2.97936692e-07
1.44864546e-02 -2.82058655e+00 2.77965384e+00 2.68133738e-06 -3.25497959e-06
1.45709545e-02 -2.82001220e+00 2.77884905e+00 2.35650918e-06 -2.51911179e-06
1.46649169e-02 -2.81936501e+00 2.77797030e+00 2.24709558e-06 -8.83256909e-07
1.47696345e-02 -2.81864538e+00 2.77699625e+00 2.12945225e-06 8.78014082e-07
1.48863032e-02 -2.81785029e+00 2.77590911e+00 1.90985728e-06 3.06625362e-06
1.50161754e-02 -2.81696863e+00 2.77468310e+00 1.64220483e-06 4.68110593e-06
1.51607658e-02 -2.81598647e+00 2.77332629e+00 1.33232082e-06 4.53060340e-06
1.53217757e-02 -2.81489005e+00 2.77182142e+00 9.74001266e-07 2.75327320e-06
1.55010365e-02 -2.81366410e+00 2.77011484e+00 5.08667207e-07 7.53058402e-07
1.57005875e-02 -2.81228568e+00 2.76823321e+00 2.71819927e-08 -3.35464280e-07
1.59227207e-02 -2.81073137e+00 2.76614985e+00 -3.80368240e-07 -8.29566947e-07
1.61699712e-02 -2.80898786e+00 2.76380198e+00 -7.36724307e-07 -1.01648219e-06
1.64451435e-02 -2.80704618e+00 2.76118812e+00 -1.06276908e-06 -5.94799641e-07
1.67513553e-02 -2.80489194e+00 2.75827379e+00 -1.39531365e-06 4.09840235e-07
1.70920652e-02 -2.80249886e+00 2.75501494e+00 -1.73281039e-06 1.54339272e-06
1.74711009e-02 -2.79982727e+00 2.75138032e+00 -2.07485133e-06 2.27002870e-06
1.78927004e-02 -2.79682853e+00 2.74731934e+00 -2.41844598e-06 2.35197962e-06
1.83615551e-02 -2.79345303e+00 2.74278265e+00 -2.75492137e-06 1.96087008e-06
1.88828546e-02 -2.78965642e+00 2.73771268e+00 -3.07170702e-06 1.48631855e-06
1.94623351e-02 -2.78539864e+00 2.73204196e+00 -3.35835604e-06 1.24902721e-06
2.01063315e-02 -2.78063467e+00 2.72569713e+00 -3.61162666e-06 1.32919296e-06
2.08218341e-02 -2.77530204e+00 2.71859279e+00 -3.83280320e-06 1.59178915e-06
2.16165537e-02 -2.76931331e+00 2.71063148e+00 -4.02511428e-06 1.83262340e-06
2.24989923e-02 -2.76255890e+00 2.70170122e+00 -4.19130299e-06 1.91889904e-06
