VARIABLES="Y/c","convection","viscous",pressure gradient",Reynolds stress"
0.00000000e+00 0.00000000e+00 2.61867148e-01 7.75913563e-03 -2.85195046e-01
4.29128060e-06 -4.87968625e-05 2.61864125e-01 -1.31135779e-02 -2.53170659e-01
8.75182830e-06 -1.88634173e-04 2.61851908e-01 -3.45936702e-02 -2.21014131e-01
1.33882056e-05 -4.00923535e-04 2.61861920e-01 -8.31786553e-02 -1.73876588e-01
1.82072204e-05 -6.70915901e-04 2.61873294e-01 -1.43100652e-01 -1.11296975e-01
2.32159338e-05 -9.88605640e-04 2.61911274e-01 -2.09602082e-01 -4.24711752e-02
2.84216694e-05 -1.35547965e-03 2.61958338e-01 -2.72710514e-01 2.22426975e-02
3.38320220e-05 -1.78427964e-03 2.62030836e-01 -3.26448406e-01 7.78916437e-02
3.94548664e-05 -2.29761253e-03 2.62115482e-01 -3.67107219e-01 1.20043929e-01
4.52983668e-05 -2.92122633e-03 2.62221378e-01 -3.94341831e-01 1.48555933e-01
5.13709868e-05 -3.67931585e-03 2.62338973e-01 -4.09280027e-01 1.64589241e-01
5.76814984e-05 -4.58828564e-03 2.62469378e-01 -4.14267318e-01 1.70486779e-01
6.42389926e-05 -5.65412120e-03 2.62602475e-01 -4.11586253e-01 1.68712143e-01
7.10528894e-05 -6.87151978e-03 2.62728558e-01 -4.03502897e-01 1.61541265e-01
7.81329481e-05 -8.22562147e-03 2.62833160e-01 -3.91730467e-01 1.50856783e-01
8.54892782e-05 -9.69452102e-03 2.62898006e-01 -3.77727579e-01 1.38147624e-01
9.31323497e-05 -1.12514722e-02 2.62909877e-01 -3.62562408e-01 1.24563505e-01
1.01073005e-04 -1.28672546e-02 2.62854729e-01 -3.47119918e-01 1.10970417e-01
1.09322468e-04 -1.45114296e-02 2.62733048e-01 -3.32048497e-01 9.79891199e-02
1.17892360e-04 -1.61538574e-02 2.62546122e-01 -3.17815763e-01 8.60056191e-02
1.26794704e-04 -1.77649213e-02 2.62309610e-01 -3.04697180e-01 7.51752574e-02
1.36041945e-04 -1.93151977e-02 2.62034063e-01 -2.92755134e-01 6.54678243e-02
1.45646953e-04 -2.07742481e-02 2.61735872e-01 -2.81938133e-01 5.67680372e-02
1.55623042e-04 -2.21103643e-02 2.61420388e-01 -2.72114329e-01 4.89623458e-02
1.65983978e-04 -2.32892169e-02 2.61093471e-01 -2.63180756e-01 4.19638215e-02
1.76743992e-04 -2.42743446e-02 2.60748276e-01 -2.55045286e-01 3.57245859e-02
1.87917792e-04 -2.50351512e-02 2.60373369e-01 -2.47761343e-01 3.02712594e-02
1.99520576e-04 -2.55611567e-02 2.59946004e-01 -2.41503276e-01 2.57008133e-02
2.11568042e-04 -2.58709882e-02 2.59439667e-01 -2.36530181e-01 2.20921432e-02
2.24076401e-04 -2.60134665e-02 2.58820140e-01 -2.32952482e-01 1.93980871e-02
2.37062388e-04 -2.60692491e-02 2.58056619e-01 -2.30579410e-01 1.74222861e-02
2.50543277e-04 -2.61496111e-02 2.57134924e-01 -2.28896629e-01 1.59121714e-02
2.64536887e-04 -2.63724899e-02 2.56072085e-01 -2.27349558e-01 1.46566064e-02
2.79061598e-04 -2.68167134e-02 2.54923868e-01 -2.25530326e-01 1.34696454e-02
2.94136357e-04 -2.74901449e-02 2.53782029e-01 -2.23119830e-01 1.21862498e-02
3.09780695e-04 -2.83361675e-02 2.52759464e-01 -2.19987520e-01 1.08149795e-02
3.26014731e-04 -2.92619031e-02 2.51957057e-01 -2.16542443e-01 9.58130937e-03
3.42859184e-04 -3.01637001e-02 2.51432536e-01 -2.13432341e-01 8.62158564e-03
3.60335382e-04 -3.09481874e-02 2.51200470e-01 -2.10844233e-01 7.73926003e-03
3.78465271e-04 -3.15608830e-02 2.51265312e-01 -2.08676451e-01 6.65586667e-03
3.97271420e-04 -3.20252810e-02 2.51648861e-01 -2.06982622e-01 5.40781516e-03
4.16777032e-04 -3.24743584e-02 2.52372180e-01 -2.05892695e-01 4.29232173e-03
4.37005944e-04 -3.31383381e-02 2.53418725e-01 -2.05326434e-01 3.42817441e-03
4.57982639e-04 -3.42317907e-02 2.54729343e-01 -2.04595407e-01 2.61849382e-03
4.79732240e-04 -3.57323856e-02 2.56224507e-01 -2.03182937e-01 1.78656570e-03
5.02280522e-04 -3.72338258e-02 2.57823486e-01 -2.02130717e-01 1.22239851e-03
5.25653907e-04 -3.81248946e-02 2.59458494e-01 -2.02955210e-01 1.11676636e-03
5.49879463e-04 -3.80262180e-02 2.61109457e-01 -2.05694978e-01 1.20721740e-03
5.74984906e-04 -3.70493989e-02 2.62812667e-01 -2.09343872e-01 1.21320618e-03
6.00998591e-04 -3.55960459e-02 2.64652949e-01 -2.13545382e-01 1.26974734e-03
6.27949509e-04 -3.39838370e-02 2.66710741e-01 -2.18330249e-01 1.62223157e-03
6.55867277e-04 -3.24327982e-02 2.69006950e-01 -2.23419709e-01 2.17959159e-03
6.84782128e-04 -3.14651550e-02 2.71431938e-01 -2.28139483e-01 2.59317262e-03
7.14724898e-04 -3.20502421e-02 2.73799887e-01 -2.31046378e-01 2.57839693e-03
7.45727008e-04 -3.49234134e-02 2.75972406e-01 -2.30768508e-01 2.03007599e-03
7.77820451e-04 -3.97282170e-02 2.77927585e-01 -2.27011809e-01 1.03473684e-03
8.11037763e-04 -4.51973550e-02 2.79753409e-01 -2.20582636e-01 7.13432236e-06
8.45412007e-04 -5.01793022e-02 2.81624808e-01 -2.14934718e-01 -4.31693456e-04
8.80976737e-04 -5.41952416e-02 2.83658053e-01 -2.13418801e-01 -1.21484273e-04
9.17765975e-04 -5.72931606e-02 2.85760157e-01 -2.12986603e-01 4.08928684e-04
9.55814165e-04 -5.98539004e-02 2.87640762e-01 -2.10079714e-01 7.42585503e-04
9.95156141e-04 -6.21304712e-02 2.88922702e-01 -2.07837810e-01 1.03533064e-03
1.03582708e-03 -6.34463472e-02 2.89135234e-01 -2.08888893e-01 1.41106171e-03
1.07786245e-03 -6.24633975e-02 2.87794031e-01 -2.11211303e-01 1.58733899e-03
1.12129798e-03 -5.88014148e-02 2.84759307e-01 -2.12703810e-01 1.29797201e-03
1.16616955e-03 -5.37584682e-02 2.80180012e-01 -2.12792486e-01 6.29249794e-04
1.21251320e-03 -4.90298502e-02 2.74376032e-01 -2.10365714e-01 -7.24549119e-05
1.26036499e-03 -4.52940577e-02 2.68110527e-01 -2.06827867e-01 -4.71845092e-04
1.30976100e-03 -4.24380858e-02 2.62397876e-01 -2.04651595e-01 -5.41223645e-04
1.36073716e-03 -4.07214575e-02 2.58167731e-01 -2.01586298e-01 -4.98344873e-04
1.41332926e-03 -4.08306205e-02 2.56364148e-01 -1.98196000e-01 -4.21004734e-04
1.46757277e-03 -4.24779819e-02 2.57286639e-01 -1.98550633e-01 -2.16859922e-04
1.52350284e-03 -4.38809783e-02 2.60095834e-01 -2.01046705e-01 1.25748717e-04
1.58115411e-03 -4.35706541e-02 2.63364040e-01 -2.03423956e-01 5.42772524e-04
1.64056067e-03 -4.24609327e-02 2.65806522e-01 -2.06865230e-01 9.36134589e-04
1.70175594e-03 -4.34660017e-02 2.67727384e-01 -2.09833509e-01 1.10030525e-03
1.76477248e-03 -4.89201508e-02 2.70257778e-01 -2.06954790e-01 9.14358346e-04
1.82964196e-03 -5.84050506e-02 2.73782741e-01 -2.00172954e-01 5.68424668e-04
1.89639503e-03 -6.85247535e-02 2.78335995e-01 -1.96328000e-01 2.97434246e-04
1.96506108e-03 -7.42557476e-02 2.83589627e-01 -1.97570669e-01 7.06162743e-05
2.03566816e-03 -7.18497004e-02 2.88609379e-01 -2.02618410e-01 -1.62914250e-04
2.10824299e-03 -6.20071061e-02 2.93415396e-01 -2.13344811e-01 -1.96668727e-04
2.18281060e-03 -4.89755416e-02 2.97559010e-01 -2.32043389e-01 9.83694073e-05
2.25939398e-03 -3.55414072e-02 2.99435317e-01 -2.51689349e-01 4.18933596e-04
2.33801460e-03 -2.15905127e-02 3.00236280e-01 -2.64593632e-01 4.40027675e-04
2.41869215e-03 -9.29446174e-03 3.03739196e-01 -2.74429413e-01 3.49351094e-04
2.50144282e-03 -5.73400188e-03 3.09982708e-01 -2.83301379e-01 5.13600748e-04
2.58628087e-03 -1.52616887e-02 3.15134295e-01 -2.83219894e-01 8.21457673e-04
2.67322034e-03 -3.09025202e-02 3.17513568e-01 -2.71041898e-01 8.24691299e-04
2.76226979e-03 -3.97984977e-02 3.16998798e-01 -2.58334980e-01 4.05043141e-04
2.85343160e-03 -3.72761683e-02 3.12757899e-01 -2.54038944e-01 -8.26340479e-05
2.94671338e-03 -2.92131636e-02 3.05880827e-01 -2.53346151e-01 -2.69552693e-04
3.04212187e-03 -2.15391647e-02 3.00933735e-01 -2.55835067e-01 -1.51240530e-04
3.13964112e-03 -1.52876930e-02 3.02674239e-01 -2.65663962e-01 -3.06883401e-05
3.23925586e-03 -1.17349836e-02 3.08720605e-01 -2.73209132e-01 -1.44150498e-04
3.34098721e-03 -1.46927648e-02 3.12269721e-01 -2.69933939e-01 -3.96590548e-04
3.44483060e-03 -2.52768171e-02 3.08133087e-01 -2.56873296e-01 -5.53105394e-04
3.55069753e-03 -3.88101451e-02 2.99456631e-01 -2.36560688e-01 -5.27598038e-04
3.65855676e-03 -5.01595098e-02 2.92172244e-01 -2.14599975e-01 -3.20025266e-04
3.76854485e-03 -5.98391212e-02 2.88986817e-01 -1.96699719e-01 8.18760132e-05
3.88065163e-03 -7.14528058e-02 2.87066262e-01 -1.86972409e-01 5.10583806e-04
3.99430466e-03 -8.47669998e-02 2.83934833e-01 -1.78569809e-01 5.93231133e-04
4.10858370e-03 -9.50822221e-02 2.84737236e-01 -1.64259042e-01 1.55678276e-04
4.22290749e-03 -9.82092292e-02 2.86308492e-01 -1.54222820e-01 -3.74625650e-04
4.33727158e-03 -9.38585226e-02 2.94440222e-01 -1.59949524e-01 -4.99068429e-04
4.45183904e-03 -8.43701594e-02 3.06159089e-01 -1.82516698e-01 -3.91474561e-04
4.56660652e-03 -7.32241442e-02 3.10888699e-01 -2.08936574e-01 -2.39380431e-04
4.68150170e-03 -6.15759030e-02 3.15690829e-01 -2.30909321e-01 9.25711977e-06
4.79653008e-03 -4.66951661e-02 3.18939495e-01 -2.51543687e-01 1.28344102e-04
4.91172282e-03 -2.96205280e-02 3.21267293e-01 -2.68689244e-01 -1.75798545e-05
5.02707170e-03 -1.57368754e-02 3.22222829e-01 -2.79717821e-01 -2.35295704e-04
5.14256251e-03 -5.80925044e-03 3.18018348e-01 -2.88472281e-01 -3.44846444e-04
5.25820039e-03 3.87715305e-03 3.14890650e-01 -2.96742620e-01 -3.44151416e-04
5.37398902e-03 1.12887369e-02 3.17503609e-01 -3.04002543e-01 -2.33059431e-04
5.48992360e-03 7.75108769e-03 3.27545301e-01 -3.09295566e-01 6.96966606e-05
5.60600226e-03 -9.39858739e-03 3.38860060e-01 -3.08367377e-01 4.30257472e-04
5.72222612e-03 -2.99906732e-02 3.44196054e-01 -2.97316870e-01 4.33023914e-04
5.83859399e-03 -3.99540869e-02 3.42409819e-01 -2.82516714e-01 -1.35344287e-04
5.95510415e-03 -3.41206510e-02 3.34270596e-01 -2.72699803e-01 -8.77977661e-04
6.07175606e-03 -2.00062176e-02 3.24655096e-01 -2.75121521e-01 -1.12473256e-03
6.18854898e-03 -1.09144632e-02 3.19919636e-01 -2.84812818e-01 -6.81209270e-04
6.30548172e-03 -1.41436090e-02 3.19220932e-01 -2.88060041e-01 -5.47110537e-05
6.42255334e-03 -2.48230595e-02 3.17041842e-01 -2.73946134e-01 1.50914571e-04
6.53976299e-03 -3.22950633e-02 3.14907355e-01 -2.56716454e-01 -8.61785450e-05
6.65710966e-03 -3.01520972e-02 3.14872145e-01 -2.58107089e-01 -3.31703386e-04
6.77459236e-03 -1.78481335e-02 3.13407733e-01 -2.75942761e-01 -3.62592718e-04
6.89221016e-03 3.26436446e-03 3.09868858e-01 -2.97643694e-01 -3.51244785e-04
7.00996207e-03 3.11450609e-02 3.07161956e-01 -3.18408131e-01 -4.20164133e-04
7.12784711e-03 5.88893863e-02 3.03326685e-01 -3.38506860e-01 -4.35374799e-04
7.24586430e-03 7.23169662e-02 2.92660277e-01 -3.46328714e-01 -3.44284413e-04
7.36401265e-03 6.09670601e-02 2.77563018e-01 -3.24577697e-01 -3.22348529e-04
7.48229117e-03 3.27249772e-02 2.66621342e-01 -2.81779683e-01 -3.86072996e-04
7.60069885e-03 8.06576330e-03 2.65225614e-01 -2.50556917e-01 -2.10033776e-04
7.71923469e-03 -2.29184586e-04 2.73320514e-01 -2.55114383e-01 3.73624640e-04
7.83789770e-03 5.90390461e-03 2.83517899e-01 -2.81240898e-01 9.41951389e-04
7.95668684e-03 1.84509102e-02 2.88954015e-01 -2.99500840e-01 9.28302681e-04
8.07560111e-03 2.85629649e-02 2.91150924e-01 -3.04659383e-01 3.94792547e-04
8.19463949e-03 2.53137448e-02 2.91559428e-01 -2.98582306e-01 -3.28921370e-05
8.31380094e-03 7.59835671e-04 2.88006527e-01 -2.77201858e-01 -8.72604699e-06
8.43308443e-03 -4.01892246e-02 2.79551606e-01 -2.33632789e-01 1.50661396e-04
8.55248894e-03 -8.15811832e-02 2.65244504e-01 -1.69354124e-01 6.07585339e-05
8.67201342e-03 -1.09358017e-01 2.49919691e-01 -1.22856519e-01 -2.12286044e-04
8.79165682e-03 -1.18730804e-01 2.51040029e-01 -1.23957113e-01 -4.56724988e-04
8.91141809e-03 -1.12943840e-01 2.72795317e-01 -1.53568317e-01 -6.16070603e-04
9.03129619e-03 -9.94408432e-02 2.97320499e-01 -1.89439401e-01 -6.18070473e-04
9.15129005e-03 -8.42350659e-02 3.09392487e-01 -2.17193071e-01 -3.78291778e-04
9.27139861e-03 -7.01265725e-02 3.13018664e-01 -2.36828907e-01 -4.34757166e-05
9.39162081e-03 -6.17526575e-02 3.18303992e-01 -2.54266980e-01 4.64935666e-05
9.51195556e-03 -6.45943900e-02 3.20310316e-01 -2.50372988e-01 -2.72853052e-04
9.63240181e-03 -7.54497465e-02 3.11358655e-01 -2.22262559e-01 -7.15996721e-04
9.75295846e-03 -8.28231829e-02 2.95853418e-01 -1.96440517e-01 -7.98591450e-04
9.87362443e-03 -8.20537560e-02 2.86777525e-01 -1.94680086e-01 -4.22920954e-04
9.99439864e-03 -8.48593106e-02 2.90349095e-01 -2.01453542e-01 8.36701244e-07
1.01152800e-02 -1.06247005e-01 2.99919138e-01 -1.82238900e-01 1.35224971e-04
1.02362674e-02 -1.43738252e-01 3.07227115e-01 -1.44413930e-01 1.06502495e-04
1.03573597e-02 -1.80678618e-01 3.09043050e-01 -1.15984917e-01 8.85462349e-05
1.04785559e-02 -2.06527849e-01 3.06792855e-01 -9.73801747e-02 -8.70699314e-05
1.05998548e-02 -2.17864781e-01 3.04489624e-01 -7.93496097e-02 -5.00771766e-04
1.07212554e-02 -2.06594168e-01 3.03001649e-01 -7.67182695e-02 -7.14424784e-04
1.08427564e-02 -1.68102679e-01 3.00600549e-01 -1.19958355e-01 -3.52741834e-04
1.09643568e-02 -1.16237134e-01 3.01314319e-01 -1.92221027e-01 1.67936475e-04
1.10860555e-02 -7.37990278e-02 3.06735570e-01 -2.34649908e-01 2.04025702e-04
1.12078513e-02 -5.38086156e-02 3.10514387e-01 -2.45228213e-01 -1.27399182e-04
1.13297431e-02 -5.69481947e-02 3.09528221e-01 -2.48652459e-01 -2.90282202e-04
1.14517298e-02 -7.44488756e-02 3.02084299e-01 -2.31480711e-01 -2.28154072e-04
1.15738102e-02 -8.98790525e-02 2.89565381e-01 -1.98060270e-01 -2.25090602e-04
1.16959831e-02 -9.27609272e-02 2.78581223e-01 -1.76839805e-01 -3.02363859e-04
1.18182475e-02 -9.18446298e-02 2.77274145e-01 -1.77491482e-01 -2.81555211e-04
1.19406022e-02 -1.03075770e-01 2.85413798e-01 -1.79535653e-01 -1.58880367e-04
1.20630460e-02 -1.27309688e-01 2.92607303e-01 -1.59163376e-01 -4.47182958e-05
1.21855778e-02 -1.50434976e-01 2.92873337e-01 -1.33155229e-01 7.26046810e-05
1.23081964e-02 -1.61954173e-01 2.92518428e-01 -1.24806126e-01 2.01793954e-04
1.24309006e-02 -1.64819740e-01 3.00939356e-01 -1.32886896e-01 1.95467976e-04
1.25536893e-02 -1.67687163e-01 3.17945677e-01 -1.45732130e-01 -1.04114555e-05
1.26765613e-02 -1.73292869e-01 3.35177435e-01 -1.55098135e-01 -1.86547825e-04
1.27995155e-02 -1.77618556e-01 3.45943951e-01 -1.63726804e-01 -7.13464429e-05
1.29225506e-02 -1.81396068e-01 3.46975662e-01 -1.67508852e-01 2.21280739e-04
1.30456655e-02 -1.94794483e-01 3.36958507e-01 -1.49323652e-01 2.68597482e-04
1.31688590e-02 -2.18037485e-01 3.24256199e-01 -1.11032368e-01 -1.17457061e-04
1.32921298e-02 -2.27977743e-01 3.20775912e-01 -9.25217635e-02 -6.08352973e-04
1.34154769e-02 -2.01744058e-01 3.26554601e-01 -1.28238985e-01 -7.70545773e-04
1.35388990e-02 -1.43275108e-01 3.31289888e-01 -1.95779649e-01 -5.77020270e-04
1.36623950e-02 -7.97626767e-02 3.29804297e-01 -2.52911949e-01 -3.20833927e-04
1.37859636e-02 -4.39750361e-02 3.28160717e-01 -2.83983638e-01 -2.02245440e-04
1.39096035e-02 -5.55034788e-02 3.26485117e-01 -2.70638083e-01 -1.64920555e-04
1.40333137e-02 -1.06838639e-01 3.18799935e-01 -2.08963581e-01 -3.23799904e-06
1.41570930e-02 -1.68192052e-01 3.08280188e-01 -1.42104531e-01 3.74526406e-04
1.42809400e-02 -2.07286359e-01 3.01279088e-01 -1.03729526e-01 7.46574960e-04
1.44048536e-02 -2.07767857e-01 2.97628137e-01 -9.78610829e-02 8.00149944e-04
1.45288326e-02 -1.77997261e-01 2.97269698e-01 -1.29995785e-01 4.73232696e-04
1.46528757e-02 -1.41766953e-01 3.03105739e-01 -1.79062258e-01 -2.90970382e-05
1.47769818e-02 -1.16949879e-01 3.10645754e-01 -2.05422305e-01 -3.26412431e-04
1.49011495e-02 -1.10524539e-01 3.09063005e-01 -2.10699791e-01 -1.18607921e-04
1.50253778e-02 -1.26839486e-01 3.01170601e-01 -2.00487654e-01 3.52892060e-04
1.51496653e-02 -1.59427712e-01 2.99371875e-01 -1.67179323e-01 4.68576077e-04
1.52740108e-02 -1.81976992e-01 3.07807442e-01 -1.45253014e-01 3.97785418e-05
1.53984132e-02 -1.69822865e-01 3.17585207e-01 -1.63015897e-01 -4.59942140e-04
1.55228711e-02 -1.29918940e-01 3.18084717e-01 -2.06988475e-01 -5.21008882e-04
1.56473833e-02 -9.90034815e-02 3.12893623e-01 -2.37238223e-01 -1.38274767e-04
1.57719485e-02 -1.10736307e-01 3.11291809e-01 -2.24871899e-01 2.95552402e-04
1.58965657e-02 -1.66091747e-01 3.13065576e-01 -1.74075008e-01 4.16106250e-04
1.60212334e-02 -2.32224305e-01 3.14908080e-01 -1.07597922e-01 1.88563205e-04
1.61459504e-02 -2.69122163e-01 3.17194940e-01 -6.74776174e-02 -1.02360963e-04
1.62707156e-02 -2.62706199e-01 3.16820440e-01 -8.04301625e-02 -2.20209868e-04
1.63955276e-02 -2.30558703e-01 3.11625101e-01 -1.14368424e-01 -2.46240931e-04
1.65203852e-02 -1.96176002e-01 3.04200783e-01 -1.33595348e-01 -2.79881759e-04
1.66452871e-02 -1.72332125e-01 2.92917467e-01 -1.40581268e-01 -1.82735712e-04
1.67702321e-02 -1.67640117e-01 2.83179136e-01 -1.37186890e-01 1.40227824e-04
1.68952190e-02 -1.86415097e-01 2.85754518e-01 -1.28380135e-01 4.04602689e-04
1.70202464e-02 -2.21246393e-01 2.99976176e-01 -1.10894792e-01 3.45267002e-04
1.71453131e-02 -2.64896305e-01 3.12402723e-01 -7.24329949e-02 1.49718967e-04
1.72704179e-02 -3.06487737e-01 3.12452764e-01 -2.49918726e-02 -7.57441957e-05
1.73955595e-02 -3.17983705e-01 3.07893375e-01 -6.19388675e-03 -4.31646987e-04
1.75207366e-02 -2.89074441e-01 3.06481152e-01 -2.93337082e-02 -7.19070238e-04
1.76459479e-02 -2.51962312e-01 3.09012301e-01 -6.05781673e-02 -5.63940693e-04
1.77711922e-02 -2.42859201e-01 3.08557897e-01 -6.93197959e-02 8.45713564e-05
1.78964683e-02 -2.59656431e-01 3.03225500e-01 -5.60662586e-02 7.17602173e-04
1.80217747e-02 -2.70597373e-01 2.98371204e-01 -3.66999911e-02 7.22582875e-04
1.81471104e-02 -2.57979584e-01 2.95284630e-01 -3.62126508e-02 1.41002597e-04
1.82724739e-02 -2.38114576e-01 2.98370408e-01 -5.72794692e-02 -3.77534517e-04
1.83978641e-02 -2.33855475e-01 3.10001664e-01 -7.45508640e-02 -3.15728876e-04
1.85232796e-02 -2.41556408e-01 3.21587234e-01 -8.04820804e-02 2.20321715e-04
1.86487192e-02 -2.38628577e-01 3.23315847e-01 -8.96948016e-02 6.61694318e-04
1.87741815e-02 -2.17539759e-01 3.21155167e-01 -1.05127816e-01 5.73430831e-04
1.88996654e-02 -1.95941078e-01 3.23934411e-01 -1.21574242e-01 1.14246122e-04
1.90251696e-02 -1.92097461e-01 3.29988902e-01 -1.32981541e-01 -2.17598509e-04
1.91506926e-02 -2.03131652e-01 3.32610314e-01 -1.32660423e-01 -2.02682156e-04
1.92762334e-02 -2.08655561e-01 3.26700845e-01 -1.21248276e-01 -2.51923024e-06
1.94017906e-02 -1.89433725e-01 3.13792618e-01 -1.21206779e-01 1.97829304e-04
1.95273628e-02 -1.48776091e-01 2.99078852e-01 -1.50976493e-01 2.84493359e-04
1.96529489e-02 -1.17668755e-01 2.93576758e-01 -1.83497782e-01 1.20909828e-04
1.97785475e-02 -1.23123993e-01 3.01139139e-01 -1.83031935e-01 -2.45352865e-04
1.99041574e-02 -1.51040293e-01 3.11620857e-01 -1.62024868e-01 -4.55096512e-04
2.00297773e-02 -1.57612778e-01 3.15857184e-01 -1.65449766e-01 -2.72909984e-04
2.01554059e-02 -1.16325339e-01 3.12699132e-01 -2.14771586e-01 2.85227167e-05
2.02810418e-02 -4.55147550e-02 3.05214675e-01 -2.73102762e-01 7.25437504e-05
2.04066839e-02 6.46806822e-03 2.99833986e-01 -3.05217411e-01 -4.47790020e-05
2.05323309e-02 4.83518744e-03 3.01893201e-01 -3.10680867e-01 -3.35980214e-05
2.06579813e-02 -4.18680495e-02 3.07349460e-01 -2.75811251e-01 2.69355809e-05
2.07836341e-02 -1.02597494e-01 3.14281658e-01 -2.11915338e-01 -5.21872671e-05
2.09092878e-02 -1.58796545e-01 3.27783971e-01 -1.59536734e-01 -1.15072198e-04
2.10349412e-02 -1.98458183e-01 3.47813461e-01 -1.48624405e-01 -1.77125963e-06
2.11605930e-02 -2.00347176e-01 3.62699308e-01 -1.67364051e-01 6.35887615e-05
2.12862419e-02 -1.58370424e-01 3.63932975e-01 -1.99312254e-01 -1.04171246e-04
2.14118867e-02 -1.05306217e-01 3.54811532e-01 -2.42171627e-01 -2.79709597e-04
2.15375260e-02 -8.12503632e-02 3.44292344e-01 -2.62157603e-01 -2.07242737e-04
2.16631585e-02 -9.08975869e-02 3.40372350e-01 -2.49040867e-01 4.16131535e-05
2.17887831e-02 -1.15696992e-01 3.40012430e-01 -2.25482531e-01 2.02709472e-04
2.19143983e-02 -1.50843545e-01 3.36082936e-01 -1.86169566e-01 8.51053046e-05
2.20400029e-02 -2.02819394e-01 3.26947638e-01 -1.25428140e-01 -2.75371055e-04
2.21655957e-02 -2.63034436e-01 3.16868142e-01 -5.18171714e-02 -6.35160493e-04
2.22911753e-02 -3.09019223e-01 3.15057847e-01 3.60309173e-04 -7.29969533e-04
2.24167404e-02 -3.28979546e-01 3.23959084e-01 8.02093561e-03 -5.09076008e-04
2.25422898e-02 -3.30873819e-01 3.33070179e-01 1.28598776e-03 -1.53562879e-04
2.26678222e-02 -3.25538110e-01 3.36713557e-01 -5.01403887e-03 1.56462811e-04
2.27933363e-02 -3.16024369e-01 3.37660382e-01 -1.79488635e-02 3.35854931e-04
2.29188309e-02 -3.12009419e-01 3.31760166e-01 -2.05657425e-02 3.08049457e-04
2.30443045e-02 -3.31862733e-01 3.18870618e-01 1.13542550e-02 6.91589148e-05
2.31697561e-02 -3.70201605e-01 3.09308809e-01 5.78832277e-02 -2.14629020e-04
2.32951842e-02 -3.86924185e-01 3.11963698e-01 6.79743644e-02 -3.53488010e-04
2.34205877e-02 -3.56519962e-01 3.21696659e-01 2.80709848e-02 -3.15326938e-04
2.35459652e-02 -3.08357052e-01 3.28757483e-01 -2.70703966e-02 -1.98042843e-04
2.36713155e-02 -2.90193888e-01 3.29143409e-01 -4.83551551e-02 -1.19795594e-04
2.37966372e-02 -3.09038681e-01 3.25094092e-01 -2.70674856e-02 -1.33714516e-04
2.39219292e-02 -3.31808744e-01 3.18933071e-01 3.28838995e-03 -1.75067160e-04
2.40471901e-02 -3.32424439e-01 3.09726737e-01 1.45860196e-02 -1.38661503e-04
2.41724187e-02 -3.20606172e-01 3.03138501e-01 5.82953260e-03 -5.91015386e-05
2.42976137e-02 -3.27975843e-01 3.01775344e-01 1.23166247e-02 -9.34227039e-05
2.44227738e-02 -3.72456755e-01 3.02944318e-01 6.07919516e-02 -2.34957763e-04
2.45478978e-02 -4.36856704e-01 3.06498838e-01 1.20305611e-01 -2.55751827e-04
2.46729844e-02 -4.83452897e-01 3.15372717e-01 1.52779693e-01 -4.58354752e-05
2.47980324e-02 -4.86818538e-01 3.25266948e-01 1.44758119e-01 2.17480317e-04
2.49230404e-02 -4.53566369e-01 3.30149577e-01 1.05826962e-01 2.96579074e-04
2.50480073e-02 -4.16485762e-01 3.35114789e-01 6.64733493e-02 1.60464098e-04
2.51729317e-02 -4.05306526e-01 3.40432120e-01 5.14103731e-02 4.35846405e-06
2.52978124e-02 -4.18494881e-01 3.40560935e-01 6.29940578e-02 1.53896096e-05
2.54226482e-02 -4.32331111e-01 3.39480150e-01 7.67134814e-02 1.56328078e-04
2.55474378e-02 -4.38074828e-01 3.39063728e-01 7.88938026e-02 2.17900587e-04
2.56721800e-02 -4.50105645e-01 3.35416404e-01 9.35297883e-02 7.70914423e-05
2.57968734e-02 -4.72912969e-01 3.28262863e-01 1.28499991e-01 -1.35299538e-04
2.59215169e-02 -4.85782770e-01 3.22696686e-01 1.44646722e-01 -2.27898150e-04
2.60461092e-02 -4.72938047e-01 3.21878098e-01 1.26775853e-01 -2.21221995e-04
2.61706491e-02 -4.51584755e-01 3.25113703e-01 1.09673551e-01 -1.92789140e-04
2.62951352e-02 -4.52153087e-01 3.31105308e-01 1.09675174e-01 -6.45560089e-05
2.64195665e-02 -4.76058392e-01 3.33834844e-01 1.22018103e-01 1.42567724e-04
2.65439416e-02 -4.93875941e-01 3.32095287e-01 1.39378281e-01 1.76315643e-04
2.66682594e-02 -4.86029019e-01 3.28033691e-01 1.42697597e-01 -5.64126189e-05
2.67925185e-02 -4.64241128e-01 3.20073708e-01 1.28923264e-01 -3.20663376e-04
2.69167178e-02 -4.51377102e-01 3.09140630e-01 1.28779488e-01 -3.80290414e-04
2.70408560e-02 -4.57141029e-01 3.02017524e-01 1.40966449e-01 -2.55838137e-04
2.71649319e-02 -4.78338279e-01 2.98750349e-01 1.58397633e-01 -1.64782627e-04
2.72889443e-02 -5.10992467e-01 2.98597166e-01 1.98373115e-01 -1.93657708e-04
2.74128919e-02 -5.46572802e-01 3.05949580e-01 2.33529881e-01 -1.36044886e-04
2.75367736e-02 -5.61758971e-01 3.16449175e-01 2.27891202e-01 7.36777541e-05
2.76605881e-02 -5.32414585e-01 3.19976633e-01 1.91260270e-01 1.15255831e-04
2.77843342e-02 -4.66426837e-01 3.14434313e-01 1.39950756e-01 -1.57820833e-04
2.79080108e-02 -4.08004525e-01 3.07279244e-01 9.50403893e-02 -3.55318542e-04
2.80316165e-02 -3.87614329e-01 3.03391607e-01 7.67395577e-02 -8.76229522e-05
2.81551502e-02 -3.86023246e-01 3.01028880e-01 7.21135908e-02 4.24782256e-04
2.82786108e-02 -3.78202410e-01 2.98264797e-01 6.46840061e-02 5.63057444e-04
2.84019969e-02 -3.80880173e-01 2.93729642e-01 7.77743340e-02 9.86465660e-05
2.85253074e-02 -4.12724869e-01 2.90180907e-01 1.21577649e-01 -4.63087609e-04
2.86485412e-02 -4.41999532e-01 2.89905126e-01 1.46907192e-01 -5.24783597e-04
2.87716969e-02 -4.29176595e-01 2.91355933e-01 1.21767161e-01 -1.68009721e-04
2.88947735e-02 -3.95244953e-01 2.95243926e-01 8.45940707e-02 8.41822449e-05
2.90177698e-02 -3.92797980e-01 3.00249485e-01 8.41145173e-02 6.65388295e-05
2.91406845e-02 -4.30242466e-01 3.03061511e-01 1.17931410e-01 7.36372406e-05
2.92635166e-02 -4.69943242e-01 3.03426018e-01 1.52865107e-01 3.05468083e-04
2.93862648e-02 -4.80474657e-01 3.01964046e-01 1.61599048e-01 5.97892650e-04
2.95089279e-02 -4.58828881e-01 2.94202895e-01 1.46021103e-01 6.51569431e-04
2.96315048e-02 -4.19586985e-01 2.86842572e-01 1.13381009e-01 3.70875546e-04
2.97539944e-02 -3.86524694e-01 2.89894402e-01 8.27677017e-02 -6.85184204e-06
2.98763954e-02 -3.84152737e-01 2.97470155e-01 7.71537792e-02 -9.30465301e-05
2.99987067e-02 -4.13968082e-01 2.99269928e-01 9.44140207e-02 1.27099825e-04
3.01209272e-02 -4.39704589e-01 2.95317176e-01 1.12943253e-01 3.40396162e-04
3.02430557e-02 -4.40988719e-01 2.94098991e-01 1.16968822e-01 4.87946530e-04
3.03650911e-02 -4.38548183e-01 2.95331428e-01 1.20482168e-01 4.01579954e-04
3.04870323e-02 -4.30478543e-01 2.96474978e-01 1.25573605e-01 -4.16410106e-05
3.06088780e-02 -3.99950635e-01 2.97812620e-01 9.75410122e-02 -3.65660669e-04
3.07306271e-02 -3.61702980e-01 2.97828522e-01 4.78345977e-02 -2.88677716e-04
3.08522786e-02 -3.45636452e-01 2.96720045e-01 3.10844878e-02 -8.82719990e-05
3.09738313e-02 -3.59300223e-01 2.93935149e-01 5.61389374e-02 2.77867538e-05
3.10952841e-02 -3.83639039e-01 2.93356732e-01 8.31070706e-02 1.53468989e-04
3.12166358e-02 -4.02668378e-01 2.97906073e-01 9.14710363e-02 3.15106449e-04
3.13378854e-02 -4.17872356e-01 3.02678294e-01 1.03162405e-01 3.51326521e-04
3.14590317e-02 -4.35894931e-01 3.01458848e-01 1.26590866e-01 2.28053225e-04
3.15800737e-02 -4.59456260e-01 2.95458338e-01 1.56076543e-01 1.06611677e-04
3.17010102e-02 -4.90095456e-01 2.91562152e-01 1.93720078e-01 1.11619746e-04
3.18218401e-02 -5.23017603e-01 2.92631010e-01 2.23210148e-01 1.72685097e-04
3.19425623e-02 -5.40976638e-01 2.94510275e-01 2.36455998e-01 9.77647658e-05
3.20631758e-02 -5.32503789e-01 2.94656644e-01 2.35247686e-01 -1.33411743e-04
3.21836794e-02 -5.10491420e-01 2.96880884e-01 2.14355316e-01 -2.82885878e-04
3.23040721e-02 -4.95212886e-01 3.02953189e-01 1.85814843e-01 -2.22526022e-04
3.24243528e-02 -4.92120653e-01 3.09414457e-01 1.75515931e-01 -8.98110014e-05
3.25445204e-02 -4.98413993e-01 3.13137431e-01 1.85443047e-01 3.89076663e-05
3.26645739e-02 -5.13662432e-01 3.11996749e-01 1.99033088e-01 2.06028585e-04
3.27845122e-02 -5.35775198e-01 3.07778765e-01 2.19737843e-01 2.94037611e-04
3.29043342e-02 -5.58862509e-01 3.02986542e-01 2.51208841e-01 1.36925350e-04
3.30240388e-02 -5.79957726e-01 2.96567970e-01 2.82302428e-01 -1.62891253e-04
3.31436251e-02 -5.99822679e-01 2.91991724e-01 3.03730286e-01 -3.63199280e-04
3.32630920e-02 -6.14846933e-01 2.92968593e-01 3.14308850e-01 -3.96218725e-04
3.33824384e-02 -6.15990199e-01 2.98021715e-01 3.12664326e-01 -3.42813428e-04
3.35016633e-02 -5.99933280e-01 3.05559761e-01 2.90363117e-01 -2.51383373e-04
3.36207657e-02 -5.78233687e-01 3.11911677e-01 2.59944676e-01 -1.23662765e-04
3.37397445e-02 -5.67980186e-01 3.16847374e-01 2.46395533e-01 5.99915852e-05
3.38585987e-02 -5.73155682e-01 3.22567129e-01 2.47318234e-01 3.20745234e-04
3.39773273e-02 -5.82228672e-01 3.25766981e-01 2.47027886e-01 5.50955377e-04
3.40959293e-02 -5.81553722e-01 3.22453030e-01 2.48460290e-01 5.40556033e-04
3.42144036e-02 -5.68299636e-01 3.13878749e-01 2.49291560e-01 2.57369302e-04
3.43327493e-02 -5.57353795e-01 3.06042674e-01 2.45589969e-01 -1.10736776e-04
3.44509654e-02 -5.71485076e-01 3.04338717e-01 2.61830538e-01 -3.87232961e-04
3.45690508e-02 -6.10939711e-01 3.08300047e-01 3.01931431e-01 -4.79772771e-04
3.46870046e-02 -6.45360926e-01 3.10716949e-01 3.33812815e-01 -3.75098323e-04
3.48048258e-02 -6.52443556e-01 3.07771822e-01 3.44056052e-01 -1.72754882e-04
3.49225135e-02 -6.45282224e-01 3.03348608e-01 3.44391963e-01 2.07355905e-05
3.50400665e-02 -6.47829021e-01 3.01067088e-01 3.51102801e-01 1.89608216e-04
3.51574840e-02 -6.60499441e-01 3.01781992e-01 3.61704727e-01 3.10435288e-04
3.52747650e-02 -6.62193806e-01 3.05237707e-01 3.57146830e-01 2.80636912e-04
3.53919086e-02 -6.42004879e-01 3.09001920e-01 3.35210844e-01 7.00894646e-05
3.55089137e-02 -6.16907417e-01 3.09873612e-01 3.12937279e-01 -1.40026008e-04
3.56257795e-02 -6.11724305e-01 3.09351096e-01 3.07512218e-01 -1.32324855e-04
3.57425050e-02 -6.29973709e-01 3.07980844e-01 3.25087829e-01 7.74596262e-05
3.58590892e-02 -6.52496864e-01 3.04732889e-01 3.49398367e-01 2.69421566e-04
3.59755312e-02 -6.62101537e-01 3.01028735e-01 3.61429247e-01 2.68676662e-04
3.60918301e-02 -6.58896896e-01 3.00148438e-01 3.59208753e-01 1.13406225e-04
3.62079849e-02 -6.49041969e-01 3.05023202e-01 3.45302859e-01 -3.25062163e-06
3.63239948e-02 -6.34548762e-01 3.12027405e-01 3.20996955e-01 3.18852939e-05
3.64398589e-02 -6.19616067e-01 3.14619696e-01 3.00364287e-01 1.23494897e-04
3.65555761e-02 -6.13258993e-01 3.11051264e-01 2.98662586e-01 1.27328395e-04
3.66711456e-02 -6.21703990e-01 3.06008958e-01 3.11700662e-01 2.72877614e-05
3.67865666e-02 -6.41864605e-01 3.05759979e-01 3.32121787e-01 -9.63887316e-05
3.69018381e-02 -6.60693814e-01 3.08608741e-01 3.51440459e-01 -1.57375645e-04
3.70169592e-02 -6.61762525e-01 3.08452580e-01 3.52870241e-01 -1.23697161e-04
3.71319291e-02 -6.41153942e-01 3.06314195e-01 3.35376376e-01 -3.47359962e-05
3.72467468e-02 -6.19369330e-01 3.06012188e-01 3.15723097e-01 6.46601916e-05
3.73614116e-02 -6.24413950e-01 3.07548570e-01 3.16369574e-01 1.44550735e-04
3.74759225e-02 -6.56731450e-01 3.08364479e-01 3.48120254e-01 1.76939333e-04
3.75902785e-02 -6.84372217e-01 3.06884306e-01 3.81134434e-01 1.95785345e-04
3.77044791e-02 -6.81426182e-01 3.04873001e-01 3.79171538e-01 2.50356998e-04
3.78185235e-02 -6.57988166e-01 3.06106015e-01 3.51630039e-01 2.75795476e-04
3.79324102e-02 -6.41409780e-01 3.11016254e-01 3.30371152e-01 1.74024921e-04
3.80461386e-02 -6.41798876e-01 3.15515284e-01 3.27413540e-01 -2.00340880e-05
3.81597092e-02 -6.48900794e-01 3.18385072e-01 3.30522325e-01 -1.85286957e-04
3.82731197e-02 -6.51701446e-01 3.20587632e-01 3.29844264e-01 -2.50526372e-04
3.83863672e-02 -6.48486742e-01 3.19581732e-01 3.31041289e-01 -1.88138646e-04
3.84994552e-02 -6.42433198e-01 3.16801667e-01 3.29045080e-01 6.79246713e-06
3.86123857e-02 -6.37070215e-01 3.17084808e-01 3.21145379e-01 2.37018779e-04
3.87251470e-02 -6.36008466e-01 3.19947688e-01 3.17622062e-01 3.45944920e-04
3.88377359e-02 -6.40428955e-01 3.21598748e-01 3.22350855e-01 2.94072912e-04
3.89501757e-02 -6.47183702e-01 3.22167781e-01 3.29735950e-01 1.78011583e-04
3.90624669e-02 -6.53431786e-01 3.21750688e-01 3.35568920e-01 9.01436254e-05
3.91745537e-02 -6.60227542e-01 3.20205963e-01 3.43844495e-01 5.63228322e-05
3.92864352e-02 -6.68740453e-01 3.18191214e-01 3.55738289e-01 7.40795934e-05
3.93983063e-02 -6.77086716e-01 3.15787777e-01 3.65392576e-01 1.07899868e-04
3.95104809e-02 -6.84438361e-01 3.14566973e-01 3.73360213e-01 9.58439054e-05
3.96231578e-02 -6.93802696e-01 3.15456380e-01 3.83356882e-01 4.25132382e-05
3.97363418e-02 -7.06166471e-01 3.17162872e-01 3.91685745e-01 3.77385017e-06
3.98499826e-02 -7.16417378e-01 3.18834289e-01 3.98404264e-01 -1.96739447e-05
3.99640862e-02 -7.17669757e-01 3.20473041e-01 4.00811077e-01 -3.00830338e-05
4.00786814e-02 -7.07383476e-01 3.22204843e-01 3.90544846e-01 3.34440428e-05
4.01937708e-02 -6.91176304e-01 3.26014536e-01 3.68763731e-01 1.75270677e-04
4.03093484e-02 -6.77638939e-01 3.30917716e-01 3.49555938e-01 2.89567845e-04
4.04254220e-02 -6.66923787e-01 3.33009665e-01 3.38302629e-01 3.05524013e-04
4.05420008e-02 -6.52334346e-01 3.32036372e-01 3.23064086e-01 2.50278346e-04
4.06590880e-02 -6.34013694e-01 3.28311867e-01 3.06166311e-01 1.57101346e-04
4.07766872e-02 -6.22380206e-01 3.21932590e-01 3.02426601e-01 4.70602513e-05
4.08948049e-02 -6.26374236e-01 3.16627549e-01 3.12128087e-01 -3.49742202e-05
4.10134467e-02 -6.43396595e-01 3.15940674e-01 3.28799144e-01 -5.54656883e-05
4.11326173e-02 -6.62266702e-01 3.18991796e-01 3.44784906e-01 -1.18357724e-05
4.12523222e-02 -6.74610146e-01 3.22107747e-01 3.52517245e-01 8.11116761e-05
4.13725671e-02 -6.81381747e-01 3.24089191e-01 3.55551842e-01 1.79348369e-04
4.14933573e-02 -6.87348988e-01 3.26827441e-01 3.58449992e-01 2.32516585e-04
4.16146985e-02 -6.94387637e-01 3.30665296e-01 3.61669482e-01 2.38481059e-04
4.17365965e-02 -7.01449562e-01 3.33990097e-01 3.64970715e-01 2.39889524e-04
4.18590568e-02 -7.04849121e-01 3.34258585e-01 3.67097790e-01 2.65169133e-04
4.19820854e-02 -7.00365207e-01 3.32475930e-01 3.63082055e-01 2.88930851e-04
4.21056881e-02 -6.89447254e-01 3.32968652e-01 3.51573435e-01 2.62314051e-04
4.22298709e-02 -6.79399475e-01 3.35748719e-01 3.38985954e-01 1.76210961e-04
4.23546397e-02 -6.74351462e-01 3.37276475e-01 3.32217728e-01 7.51610810e-05
4.24800008e-02 -6.70869794e-01 3.37099952e-01 3.28440916e-01 1.81502106e-05
4.26059604e-02 -6.66447018e-01 3.37177906e-01 3.22229309e-01 2.60554886e-05
4.27325245e-02 -6.62215582e-01 3.37373395e-01 3.14572533e-01 5.75783064e-05
4.28596997e-02 -6.60424699e-01 3.38537036e-01 3.11039192e-01 6.15389484e-05
4.29874923e-02 -6.63012125e-01 3.41343414e-01 3.11768450e-01 4.29575578e-05
4.31159088e-02 -6.68688303e-01 3.43852476e-01 3.15193996e-01 5.28186411e-05
4.32449558e-02 -6.76350800e-01 3.45098265e-01 3.20554544e-01 1.09899943e-04
4.33746400e-02 -6.86309968e-01 3.46069970e-01 3.27858578e-01 1.72100548e-04
4.35049682e-02 -6.95631628e-01 3.48188499e-01 3.35562036e-01 2.06496743e-04
4.36359471e-02 -6.97198091e-01 3.49836730e-01 3.36749991e-01 2.34731231e-04
4.37675838e-02 -6.88995928e-01 3.48973121e-01 3.29067810e-01 2.79389804e-04
4.38998852e-02 -6.80502786e-01 3.46379705e-01 3.23452873e-01 3.15841290e-04
4.40328584e-02 -6.81285143e-01 3.44549759e-01 3.28884853e-01 3.20694686e-04
4.41665107e-02 -6.86155428e-01 3.44329434e-01 3.34353599e-01 2.96997101e-04
4.43008494e-02 -6.83675981e-01 3.44375915e-01 3.30078085e-01 2.29118686e-04
4.44358818e-02 -6.75530685e-01 3.44146207e-01 3.23929048e-01 1.14409549e-04
4.45716155e-02 -6.72906510e-01 3.44970650e-01 3.22969865e-01 3.45353024e-05
4.47080581e-02 -6.77729003e-01 3.46839177e-01 3.26913108e-01 8.88165012e-05
4.48452172e-02 -6.79920644e-01 3.48955669e-01 3.26965860e-01 2.61969206e-04
4.49831007e-02 -6.71259103e-01 3.50624373e-01 3.16042557e-01 4.17106545e-04
4.51217164e-02 -6.55211533e-01 3.51479405e-01 3.00100664e-01 4.28497195e-04
4.52610724e-02 -6.42341596e-01 3.51281187e-01 2.89179103e-01 3.05302588e-04
4.54011769e-02 -6.37887832e-01 3.50519151e-01 2.85625607e-01 1.68237827e-04
4.55420379e-02 -6.36526519e-01 3.50796077e-01 2.83355737e-01 1.22261835e-04
4.56836640e-02 -6.30501563e-01 3.52662049e-01 2.75156400e-01 1.76728177e-04
4.58260635e-02 -6.20376327e-01 3.54919972e-01 2.62274291e-01 2.64212491e-04
4.59692451e-02 -6.14027507e-01 3.57161376e-01 2.53200778e-01 3.07898926e-04
4.61132174e-02 -6.15539868e-01 3.59272398e-01 2.52353935e-01 2.79624692e-04
4.62579892e-02 -6.20503757e-01 3.59971730e-01 2.55668249e-01 2.09116387e-04
4.64035696e-02 -6.23119233e-01 3.59215844e-01 2.57708414e-01 1.51161704e-04
4.65499674e-02 -6.22337217e-01 3.59143705e-01 2.56433356e-01 1.49458861e-04
4.66971921e-02 -6.20073269e-01 3.61408838e-01 2.51031788e-01 2.05983998e-04
4.68452528e-02 -6.17776743e-01 3.65091168e-01 2.42115220e-01 2.63464195e-04
4.69941591e-02 -6.15644770e-01 3.68640226e-01 2.34236551e-01 2.51516080e-04
4.71439205e-02 -6.12791628e-01 3.71146774e-01 2.30061989e-01 1.79783345e-04
4.72945467e-02 -6.07794138e-01 3.72283367e-01 2.24523792e-01 1.38419745e-04
4.74460477e-02 -6.00545446e-01 3.73329123e-01 2.12993254e-01 1.72003377e-04
4.75984334e-02 -5.93222562e-01 3.75055528e-01 2.01727202e-01 2.19614941e-04
4.77517140e-02 -5.87591856e-01 3.76053328e-01 1.96933978e-01 2.19219470e-04
4.79058998e-02 -5.82248600e-01 3.75870231e-01 1.92896457e-01 1.92904422e-04
4.80610012e-02 -5.74954802e-01 3.75993972e-01 1.84441706e-01 1.90244165e-04
4.82170289e-02 -5.66358827e-01 3.76789051e-01 1.74405258e-01 2.15925721e-04
4.83739937e-02 -5.58987723e-01 3.77674343e-01 1.65510440e-01 2.39438450e-04
4.85319063e-02 -5.54269752e-01 3.78612893e-01 1.59398732e-01 2.36438635e-04
4.86907780e-02 -5.51713470e-01 3.79712458e-01 1.55947806e-01 2.09721138e-04
4.88506200e-02 -5.49106355e-01 3.80745613e-01 1.51714661e-01 1.78143663e-04
4.90114437e-02 -5.43838625e-01 3.81589303e-01 1.44751870e-01 1.52835680e-04
4.91732606e-02 -5.35537704e-01 3.82867271e-01 1.35346884e-01 1.36348232e-04
4.93360826e-02 -5.26340495e-01 3.84629551e-01 1.24377139e-01 1.31882688e-04
4.94999216e-02 -5.18111242e-01 3.85992557e-01 1.13852108e-01 1.34536268e-04
4.96647897e-02 -5.11270724e-01 3.87145416e-01 1.05366894e-01 1.28340108e-04
4.98306992e-02 -5.06505446e-01 3.88600155e-01 9.93002817e-02 1.06034839e-04
4.99976626e-02 -5.04879370e-01 3.89908940e-01 9.61382961e-02 7.99590994e-05
5.01656925e-02 -5.05285139e-01 3.91363706e-01 9.50249811e-02 6.85304957e-05
5.03348020e-02 -5.04198810e-01 3.93384471e-01 9.17115948e-02 7.73832299e-05
5.05050040e-02 -4.99420648e-01 3.95045098e-01 8.42976546e-02 9.19247467e-05
5.06763119e-02 -4.92692154e-01 3.95906838e-01 7.65146361e-02 9.23855427e-05
5.08487391e-02 -4.87485037e-01 3.96608822e-01 7.11771927e-02 7.78061352e-05
5.10222994e-02 -4.85129026e-01 3.97317516e-01 6.78169367e-02 6.24293251e-05
5.11970066e-02 -4.84053874e-01 3.97959910e-01 6.53751270e-02 5.18593162e-05
5.13728749e-02 -4.82257298e-01 3.98787376e-01 6.26395764e-02 4.07155861e-05
5.15499188e-02 -4.79537264e-01 3.99745730e-01 5.92410064e-02 2.95005493e-05
5.17281526e-02 -4.77105394e-01 4.00597189e-01 5.59752933e-02 2.72250515e-05
5.19075914e-02 -4.75613230e-01 4.01516250e-01 5.33244507e-02 3.70729054e-05
5.20882502e-02 -4.74410776e-01 4.02609223e-01 5.05810085e-02 4.79936352e-05
5.22701443e-02 -4.73031895e-01 4.03673487e-01 4.75895184e-02 4.45621623e-05
5.24532892e-02 -4.72419097e-01 4.04688719e-01 4.62095718e-02 2.71420883e-05
5.26377008e-02 -4.73176977e-01 4.05677519e-01 4.68182961e-02 1.73313281e-05
5.28233951e-02 -4.73074623e-01 4.06583745e-01 4.52862087e-02 3.15372543e-05
5.30103886e-02 -4.68852172e-01 4.07231231e-01 3.91470870e-02 5.41355050e-05
5.31986978e-02 -4.61067101e-01 4.07294739e-01 3.13026475e-02 5.53795569e-05
5.33883394e-02 -4.54531827e-01 4.07049590e-01 2.57783680e-02 3.08904476e-05
5.35793307e-02 -4.52881162e-01 4.07075946e-01 2.42948676e-02 4.60986468e-06
5.37716897e-02 -4.54750433e-01 4.07574206e-01 2.51850420e-02 -3.00887062e-06
5.39654333e-02 -4.56254213e-01 4.08437353e-01 2.53912989e-02 5.55409628e-06
5.41605789e-02 -4.55507702e-01 4.09095261e-01 2.40261989e-02 1.56146307e-05
5.43571479e-02 -4.53662075e-01 4.09076581e-01 2.23222389e-02 1.82156688e-05
5.45551570e-02 -4.52678336e-01 4.08874158e-01 2.14143910e-02 1.42165659e-05
5.47546205e-02 -4.53202234e-01 4.09132801e-01 2.15311903e-02 8.67298376e-06
5.49555661e-02 -4.54293149e-01 4.09706073e-01 2.21252762e-02 6.48055521e-06
5.51580171e-02 -4.54486368e-01 4.10140545e-01 2.18056551e-02 9.96756238e-06
5.53619715e-02 -4.53065493e-01 4.10422032e-01 1.98508689e-02 1.68445719e-05
5.55674579e-02 -4.50577539e-01 4.10794944e-01 1.70054359e-02 2.18965617e-05
5.57745406e-02 -4.47989924e-01 4.11262391e-01 1.39732485e-02 2.16712487e-05
5.59831942e-02 -4.45656100e-01 4.11666867e-01 1.10838647e-02 1.63696247e-05
5.61933701e-02 -4.43659096e-01 4.11976604e-01 8.84568499e-03 8.81934307e-06
5.64052291e-02 -4.42480541e-01 4.12177767e-01 7.60109361e-03 2.73526340e-06
5.66188866e-02 -4.42349526e-01 4.12219735e-01 7.24904172e-03 1.75029960e-07
5.68340236e-02 -4.42510593e-01 4.12181855e-01 7.28981476e-03 1.04897356e-06
5.70505612e-02 -4.42194303e-01 4.12178104e-01 7.14049937e-03 4.24962433e-06
5.72692934e-02 -4.41683420e-01 4.12260302e-01 6.70507666e-03 6.85496277e-06
5.74903454e-02 -4.41476866e-01 4.12374945e-01 6.16916852e-03 5.67112805e-06
5.77119608e-02 -4.41257742e-01 4.12435724e-01 5.64713954e-03 1.37234938e-06
5.79340260e-02 -4.40585382e-01 4.12423415e-01 5.23652538e-03 -1.16796032e-06
5.81629365e-02 -4.39906145e-01 4.12361551e-01 4.87927470e-03 3.92171070e-07
5.84097036e-02 -4.39654262e-01 4.12275886e-01 4.53179502e-03 1.89916677e-06
5.86826080e-02 -4.39419533e-01 4.12146396e-01 4.25696758e-03 1.25142844e-06
5.89842896e-02 -4.38907941e-01 4.11954526e-01 4.04413407e-03 6.41458976e-07
5.93158148e-02 -4.38342035e-01 4.11718387e-01 3.83403787e-03 1.01669734e-06
5.96802343e-02 -4.37863270e-01 4.11455445e-01 3.61055718e-03 1.39234900e-06
6.00816614e-02 -4.37323344e-01 4.11148682e-01 3.38434957e-03 1.26972046e-06
6.05237468e-02 -4.36641703e-01 4.10760602e-01 3.16418462e-03 1.07447318e-06
6.10102313e-02 -4.35885247e-01 4.10284346e-01 2.95624021e-03 1.05117678e-06
6.15456743e-02 -4.35070130e-01 4.09734687e-01 2.75624141e-03 1.07335343e-06
6.21351570e-02 -4.34150033e-01 4.09097828e-01 2.55948930e-03 1.08237681e-06
6.27840568e-02 -4.33111020e-01 4.08350953e-01 2.36952333e-03 1.09015654e-06
6.34983110e-02 -4.31955420e-01 4.07502134e-01 2.18812296e-03 1.09415886e-06
6.42845496e-02 -4.30669972e-01 4.06547080e-01 2.01291014e-03 1.08461040e-06
6.51500369e-02 -4.29237546e-01 4.05454181e-01 1.84265636e-03 1.04764878e-06
6.61027367e-02 -4.27643173e-01 4.04212553e-01 1.67825964e-03 9.96914788e-07
6.71514408e-02 -4.25872876e-01 4.02817757e-01 1.52078529e-03 9.40034575e-07
6.83058331e-02 -4.23913240e-01 4.01251319e-01 1.37092064e-03 8.81432689e-07
6.95765598e-02 -4.21754876e-01 3.99498427e-01 1.22885987e-03 8.19702586e-07
7.09753423e-02 -4.19386827e-01 3.97546234e-01 1.09444735e-03 7.46306053e-07
7.25150886e-02 -4.16792386e-01 3.95379798e-01 9.67601301e-04 6.53650917e-07
7.42100042e-02 -4.13954120e-01 3.92986031e-01 8.48609440e-04 5.41160539e-07
7.60757252e-02 -4.10861208e-01 3.90353501e-01 7.38027029e-04 4.15107187e-07
7.81294654e-02 -4.07511833e-01 3.87470842e-01 6.36382962e-04 2.83703525e-07
8.03901729e-02 -4.03910170e-01 3.84328162e-01 5.43950973e-04 1.52176820e-07
8.28787047e-02 -4.00061421e-01 3.80919021e-01 4.60719968e-04 2.18138987e-08
8.56180205e-02 -3.95969100e-01 3.77241397e-01 3.86517836e-04 -1.06627740e-07
