VARIABLES="Y/c","convection","viscous",pressure gradient",Reynolds stress"
0.00000000e+00 0.00000000e+00 3.57349693e+00 2.31235709e-08 -3.85359226e+00
1.17796881e-06 -2.23878422e-03 3.57363774e+00 7.30516676e-08 -3.59868758e+00
2.40051416e-06 -4.80180716e-03 3.57361426e+00 8.45567579e-08 -3.52970776e+00
3.66921707e-06 -1.14769893e-02 3.57356905e+00 1.25707150e-08 -3.60535918e+00
4.98570586e-06 -1.96620999e-02 3.57353193e+00 -7.92908570e-08 -3.52050110e+00
6.35165685e-06 -3.20761852e-02 3.57347266e+00 -1.70508959e-07 -3.56932850e+00
7.76879495e-06 -4.68808952e-02 3.57341944e+00 -3.51479289e-07 -3.51245881e+00
9.23889418e-06 -6.62817438e-02 3.57334089e+00 -5.29338343e-07 -3.51792979e+00
1.07637781e-05 -8.89989665e-02 3.57327386e+00 -7.74011445e-07 -3.48240039e+00
1.23453202e-05 -1.16746397e-01 3.57316775e+00 -1.04193502e-06 -3.45970128e+00
1.39854440e-05 -1.48838798e-01 3.57308518e+00 -1.38008851e-06 -3.42625886e+00
1.56861232e-05 -1.86538265e-01 3.57294549e+00 -1.74678737e-06 -3.38791597e+00
1.74493820e-05 -2.29643725e-01 3.57284420e+00 -2.18768212e-06 -3.34559642e+00
1.92772943e-05 -2.79083501e-01 3.57266297e+00 -2.67380181e-06 -3.29510024e+00
2.11719838e-05 -3.35044191e-01 3.57253911e+00 -3.23318267e-06 -3.23956487e+00
2.31356234e-05 -3.98178573e-01 3.57230753e+00 -3.85014580e-06 -3.17582508e+00
2.51704345e-05 -4.68979202e-01 3.57215485e+00 -4.54512270e-06 -3.10501067e+00
2.72786859e-05 -5.47885739e-01 3.57186346e+00 -5.30568856e-06 -3.02572008e+00
2.94626928e-05 -6.35593541e-01 3.57167302e+00 -6.14689297e-06 -2.93781911e+00
3.17248151e-05 -7.32386696e-01 3.57131155e+00 -7.06097600e-06 -2.84064870e+00
3.40674560e-05 -8.39073278e-01 3.57107086e+00 -8.05601001e-06 -2.73371054e+00
3.64930598e-05 -9.55826731e-01 3.57062864e+00 -9.12777168e-06 -2.61651577e+00
3.90041094e-05 -1.08349666e+00 3.57032060e+00 -1.02795447e-05 -2.48854803e+00
4.16031235e-05 -1.22219277e+00 3.56978694e+00 -1.15090087e-05 -2.34933823e+00
4.42926536e-05 -1.37275764e+00 3.56938882e+00 -1.28156717e-05 -2.19840820e+00
4.70752803e-05 -1.53528454e+00 3.56875331e+00 -1.41987152e-05 -2.03529546e+00
4.99536092e-05 -1.71058095e+00 3.56823580e+00 -1.56546694e-05 -1.85954150e+00
5.29302663e-05 -1.89875897e+00 3.56748852e+00 -1.71829465e-05 -1.67070112e+00
5.60078929e-05 -2.10056340e+00 3.56681516e+00 -1.87774371e-05 -1.46832092e+00
5.91891396e-05 -2.31612904e+00 3.56594630e+00 -2.04355897e-05 -1.25200843e+00
6.24766602e-05 -2.54608628e+00 3.56507365e+00 -2.21485634e-05 -1.02133033e+00
6.58731047e-05 -2.79055568e+00 3.56407221e+00 -2.39096144e-05 -7.76013521e-01
6.93811110e-05 -3.04995931e+00 3.56295162e+00 -2.57059804e-05 -5.15734638e-01
7.30032968e-05 -3.32435515e+00 3.56180209e+00 -2.75254322e-05 -2.40319488e-01
7.67422501e-05 -3.61379796e+00 3.56038443e+00 -2.93505175e-05 5.00237495e-02
8.06005186e-05 -3.91829893e+00 3.55906102e+00 -3.11642488e-05 3.56123675e-01
8.45805987e-05 -4.23731118e+00 3.55730333e+00 -3.29418287e-05 6.75365985e-01
8.86849230e-05 -4.57068659e+00 3.55576568e+00 -3.46632012e-05 1.01133653e+00
9.29158473e-05 -4.91786172e+00 3.55363473e+00 -3.63019307e-05 1.35994651e+00
9.72756365e-05 -5.27601436e+00 3.55182667e+00 -3.78185422e-05 1.71913887e+00
1.01766615e-04 -5.64405327e+00 3.54931562e+00 -3.91765914e-05 2.09296722e+00
1.06391664e-04 -6.02350024e+00 3.54710765e+00 -4.03653410e-05 2.47461851e+00
1.11153642e-04 -6.41220979e+00 3.54414630e+00 -4.13379470e-05 2.86508421e+00
1.16055494e-04 -6.80646273e+00 3.54139743e+00 -4.20488724e-05 3.26191691e+00
1.21100235e-04 -7.20319363e+00 3.53798341e+00 -4.24564896e-05 3.66069533e+00
1.26290949e-04 -7.59982513e+00 3.53461263e+00 -4.25266173e-05 4.05977020e+00
1.31630812e-04 -7.99196411e+00 3.53071925e+00 -4.22153012e-05 4.45450045e+00
1.37123111e-04 -8.37554995e+00 3.52667438e+00 -4.14890691e-05 4.84083015e+00
1.42771263e-04 -8.74549977e+00 3.52226476e+00 -4.03169142e-05 5.21366825e+00
1.48578840e-04 -9.09635681e+00 3.51752833e+00 -3.86743037e-05 5.56751836e+00
1.54549604e-04 -9.42212222e+00 3.51256764e+00 -3.65484193e-05 5.89652532e+00
1.60687553e-04 -9.71640066e+00 3.50715558e+00 -3.39367011e-05 6.19427622e+00
1.66996940e-04 -9.97252376e+00 3.50162749e+00 -3.08530821e-05 6.45385217e+00
1.73482309e-04 -1.01836578e+01 3.49558769e+00 -2.73273269e-05 6.66847698e+00
1.80148600e-04 -1.03431451e+01 3.48950787e+00 -2.34096841e-05 6.83184456e+00
1.87001239e-04 -1.04447541e+01 3.48292031e+00 -1.91696713e-05 6.93763832e+00
1.94046022e-04 -1.04829749e+01 3.47634485e+00 -1.46979484e-05 6.97981428e+00
2.01288888e-04 -1.04532841e+01 3.46932040e+00 -1.01049951e-05 6.95401385e+00
2.08735926e-04 -1.03527106e+01 3.46234488e+00 -5.51704070e-06 6.85779751e+00
2.16393632e-04 -1.01801741e+01 3.45501747e+00 -1.07331291e-06 6.68976563e+00
2.24269110e-04 -9.93667233e+00 3.44776734e+00 3.08185630e-06 6.45040656e+00
2.32370163e-04 -9.62553493e+00 3.44028274e+00 6.80643103e-06 6.14360075e+00
2.40705499e-04 -9.25273118e+00 3.43289851e+00 9.96895865e-06 5.77561921e+00
2.49284834e-04 -8.82663525e+00 3.42539767e+00 1.24593990e-05 5.35397025e+00
2.58118704e-04 -8.35762251e+00 3.41801269e+00 1.41956239e-05 4.88890136e+00
2.67218684e-04 -7.85798846e+00 3.41061130e+00 1.51306319e-05 4.39378799e+00
2.76598306e-04 -7.34154693e+00 3.40332848e+00 1.52608235e-05 3.88242873e+00
2.86272905e-04 -6.82255069e+00 3.39609669e+00 1.46249015e-05 3.36791939e+00
2.96256965e-04 -6.31483932e+00 3.38896882e+00 1.33015676e-05 2.86412979e+00
3.06561055e-04 -5.83155471e+00 3.38192257e+00 1.14073968e-05 2.38516961e+00
3.17191700e-04 -5.38440429e+00 3.37494961e+00 9.08834576e-06 1.94278141e+00
3.28153749e-04 -4.98245625e+00 3.36805106e+00 6.50748897e-06 1.54543027e+00
3.39452075e-04 -4.63144911e+00 3.36117607e+00 3.82855532e-06 1.19882168e+00
3.51091504e-04 -4.33384011e+00 3.35433326e+00 1.20149407e-06 9.05690205e-01
3.63076300e-04 -4.08903932e+00 3.34745151e+00 -1.24796228e-06 6.65467785e-01
3.75409836e-04 -3.89378330e+00 3.34054014e+00 -3.42754063e-06 4.74835996e-01
3.88094523e-04 -3.74279347e+00 3.33352697e+00 -5.28205288e-06 3.28556728e-01
4.01132755e-04 -3.62956561e+00 3.32641924e+00 -6.79173312e-06 2.20142967e-01
4.14528905e-04 -3.54711338e+00 3.31915605e+00 -7.96731135e-06 1.42595890e-01
4.28290467e-04 -3.48862892e+00 3.31174140e+00 -8.84197686e-06 8.91324901e-02
4.42427200e-04 -3.44799508e+00 3.30413129e+00 -9.46234950e-06 5.36671602e-02
4.56949481e-04 -3.42007026e+00 3.29632690e+00 -9.87985838e-06 3.10674451e-02
4.71867626e-04 -3.40077803e+00 3.28830167e+00 -1.01442310e-05 1.72564900e-02
4.87192586e-04 -3.38705799e+00 3.28005444e+00 -1.02993502e-05 9.17619277e-03
5.02936892e-04 -3.37673438e+00 3.27157251e+00 -1.03802964e-05 4.65842775e-03
5.19113696e-04 -3.36834559e+00 3.26285269e+00 -1.04141502e-05 2.25312865e-03
5.35733761e-04 -3.36096717e+00 3.25389204e+00 -1.04195702e-05 1.03745755e-03
5.52803856e-04 -3.35404314e+00 3.24468690e+00 -1.04084800e-05 4.52587772e-04
5.70327998e-04 -3.34725816e+00 3.23523985e+00 -1.03887298e-05 1.88953548e-04
5.88308439e-04 -3.34045181e+00 3.22554767e+00 -1.03642636e-05 8.19396089e-05
6.06746423e-04 -3.33353907e+00 3.21561610e+00 -1.03374488e-05 3.09495900e-05
6.25644416e-04 -3.32646202e+00 3.20544243e+00 -1.03089655e-05 -2.73597913e-06
6.45004519e-04 -3.31921437e+00 3.19503202e+00 -1.02798871e-05 2.22066417e-06
6.64823592e-04 -3.31183931e+00 3.18438591e+00 -1.02499095e-05 3.41218749e-05
6.85098906e-04 -3.30431961e+00 3.17351074e+00 -1.02192763e-05 1.82654540e-05
7.05837363e-04 -3.29656210e+00 3.16240429e+00 -1.01880062e-05 -4.26626303e-05
7.27041404e-04 -3.28858412e+00 3.15107112e+00 -1.01559749e-05 -3.53489929e-05
7.48693238e-04 -3.28054854e+00 3.13952232e+00 -1.01234986e-05 5.29052758e-05
7.70786226e-04 -3.27247614e+00 3.12776336e+00 -1.00902800e-05 7.20902813e-05
7.93354973e-04 -3.26414863e+00 3.11578088e+00 -1.00565843e-05 -2.76121453e-05
8.16407643e-04 -3.25547940e+00 3.10357790e+00 -1.00221601e-05 -8.65292082e-05
8.39826003e-04 -3.24673094e+00 3.09122145e+00 -9.98749052e-06 -5.11043124e-06
8.63405589e-04 -3.23817610e+00 3.07881351e+00 -9.95213854e-06 1.12066086e-04
8.87012043e-04 -3.22974825e+00 3.06642227e+00 -9.91753237e-06 1.00883123e-04
9.10642211e-04 -3.22113919e+00 3.05404595e+00 -9.88232282e-06 -2.98481623e-05
9.34333991e-04 -3.21229962e+00 3.04166934e+00 -9.84776042e-06 -7.32710149e-05
9.58087730e-04 -3.20352239e+00 3.02929255e+00 -9.81307358e-06 -4.28849088e-06
9.81886801e-04 -3.19486794e+00 3.01692022e+00 -9.77805155e-06 1.89154835e-05
1.00573205e-03 -3.18620338e+00 3.00455556e+00 -9.74353957e-06 4.61688970e-06
1.02963013e-03 -3.17752613e+00 2.99219215e+00 -9.70862946e-06 7.93839037e-06
1.05357792e-03 -3.16885895e+00 2.97983181e+00 -9.67414343e-06 8.97538414e-06
1.07757029e-03 -3.16018955e+00 2.96747500e+00 -9.63939504e-06 4.65818408e-08
1.10160663e-03 -3.15150805e+00 2.95512098e+00 -9.60493121e-06 -1.05067868e-05
1.12568622e-03 -3.14282567e+00 2.94276880e+00 -9.57032321e-06 -1.88045997e-05
1.14980629e-03 -3.13414630e+00 2.93041812e+00 -9.53607827e-06 -2.90553167e-05
1.17396461e-03 -3.12546691e+00 2.91806900e+00 -9.50164468e-06 -3.75599784e-05
1.19815969e-03 -3.11679104e+00 2.90572041e+00 -9.46722453e-06 -3.89863087e-05
1.22238977e-03 -3.10812265e+00 2.89337218e+00 -9.43263062e-06 -3.31272273e-05
1.24665339e-03 -3.09945943e+00 2.88102378e+00 -9.39799409e-06 -2.14874631e-05
1.27094971e-03 -3.09079742e+00 2.86867494e+00 -9.36323213e-06 -5.79348212e-06
1.29527794e-03 -3.08213337e+00 2.85632519e+00 -9.32841506e-06 1.01515694e-05
1.31963708e-03 -3.07346340e+00 2.84397423e+00 -9.29357635e-06 2.20647562e-05
1.34402620e-03 -3.06478451e+00 2.83162180e+00 -9.25883594e-06 2.77029106e-05
1.36844440e-03 -3.05609638e+00 2.81926751e+00 -9.22433037e-06 2.70925995e-05
1.39289075e-03 -3.04740078e+00 2.80691121e+00 -9.18986348e-06 2.19508324e-05
1.41736429e-03 -3.03870035e+00 2.79455252e+00 -9.15552189e-06 1.49483430e-05
1.44186408e-03 -3.02999753e+00 2.78219133e+00 -9.12116173e-06 8.51354283e-06
1.46638935e-03 -3.02129352e+00 2.76982733e+00 -9.08685105e-06 4.00514704e-06
1.49093945e-03 -3.01258826e+00 2.75746045e+00 -9.05248502e-06 1.66195666e-06
1.51551383e-03 -3.00388101e+00 2.74509048e+00 -9.01802427e-06 9.20312025e-07
1.54011192e-03 -2.99517091e+00 2.73271735e+00 -8.98352708e-06 9.15720627e-07
1.56473315e-03 -2.98645731e+00 2.72034094e+00 -8.94897484e-06 9.95886799e-07
1.58937692e-03 -2.97773997e+00 2.70796120e+00 -8.91444958e-06 9.08248324e-07
1.61404265e-03 -2.96901892e+00 2.69557806e+00 -8.87994958e-06 6.76288107e-07
1.63872977e-03 -2.96029426e+00 2.68319151e+00 -8.84545749e-06 4.37699240e-07
1.66343767e-03 -2.95156607e+00 2.67080151e+00 -8.81082356e-06 3.19068962e-07
1.68816576e-03 -2.94283447e+00 2.65840805e+00 -8.77633291e-06 3.27415808e-07
1.71291347e-03 -2.93409949e+00 2.64601117e+00 -8.74184774e-06 3.58336487e-07
1.73768036e-03 -2.92536100e+00 2.63361088e+00 -8.70717355e-06 3.32822524e-07
1.76246611e-03 -2.91661896e+00 2.62120724e+00 -8.67263009e-06 2.69829958e-07
1.78727042e-03 -2.90787349e+00 2.60880029e+00 -8.63806510e-06 2.10685899e-07
1.81209296e-03 -2.89912475e+00 2.59639011e+00 -8.60342122e-06 1.54830437e-07
1.83693342e-03 -2.89037276e+00 2.58397677e+00 -8.56890194e-06 9.67794157e-08
1.86179148e-03 -2.88161756e+00 2.57156036e+00 -8.53424878e-06 5.24031069e-08
1.88666682e-03 -2.87285926e+00 2.55914097e+00 -8.49966185e-06 2.14672523e-08
1.91155912e-03 -2.86409796e+00 2.54671869e+00 -8.46504982e-06 -2.08439139e-08
1.93646805e-03 -2.85533370e+00 2.53429363e+00 -8.43036645e-06 -8.02685767e-08
1.96139330e-03 -2.84656658e+00 2.52186589e+00 -8.39579216e-06 -1.34619100e-07
1.98633453e-03 -2.83779674e+00 2.50943559e+00 -8.36110955e-06 -1.74341914e-07
2.01129144e-03 -2.82902432e+00 2.49700283e+00 -8.32651307e-06 -2.15003078e-07
2.03626374e-03 -2.82024934e+00 2.48456775e+00 -8.29190282e-06 -2.66103000e-07
2.06125122e-03 -2.81147189e+00 2.47213046e+00 -8.25720862e-06 -3.17802435e-07
2.08625363e-03 -2.80269209e+00 2.45969109e+00 -8.22255367e-06 -3.62203571e-07
2.11127074e-03 -2.79391007e+00 2.44724977e+00 -8.18796701e-06 -4.04989572e-07
2.13630232e-03 -2.78512592e+00 2.43480663e+00 -8.15324662e-06 -4.52265387e-07
2.16134814e-03 -2.77633972e+00 2.42236180e+00 -8.11859559e-06 -5.01189316e-07
2.18640795e-03 -2.76755160e+00 2.40991542e+00 -8.08402112e-06 -5.46819381e-07
2.21148153e-03 -2.75876166e+00 2.39746761e+00 -8.04932493e-06 -5.89683877e-07
2.23656863e-03 -2.74997001e+00 2.38501852e+00 -8.01466928e-06 -6.33983662e-07
2.26166902e-03 -2.74117675e+00 2.37256826e+00 -7.98000675e-06 -6.81173036e-07
2.28678246e-03 -2.73238198e+00 2.36011698e+00 -7.94535995e-06 -7.27760264e-07
2.31190871e-03 -2.72358581e+00 2.34766480e+00 -7.91067179e-06 -7.70754816e-07
2.33704753e-03 -2.71478836e+00 2.33521186e+00 -7.87596503e-06 -8.12561966e-07
2.36219870e-03 -2.70598971e+00 2.32275829e+00 -7.84137096e-06 -8.56762918e-07
2.38736200e-03 -2.69718995e+00 2.31030421e+00 -7.80665702e-06 -9.02124466e-07
2.41253722e-03 -2.68838919e+00 2.29784975e+00 -7.77191636e-06 -9.45529103e-07
2.43772414e-03 -2.67958753e+00 2.28539505e+00 -7.73734185e-06 -9.87405172e-07
2.46292257e-03 -2.67078506e+00 2.27294023e+00 -7.70262323e-06 -1.02979284e-06
2.48813228e-03 -2.66198189e+00 2.26048541e+00 -7.66790012e-06 -1.07251241e-06
2.51335305e-03 -2.65317809e+00 2.24803073e+00 -7.63326515e-06 -1.11456220e-06
2.53858469e-03 -2.64437376e+00 2.23557630e+00 -7.59861773e-06 -1.15620340e-06
2.56382697e-03 -2.63556901e+00 2.22312224e+00 -7.56392127e-06 -1.19763113e-06
2.58907968e-03 -2.62676391e+00 2.21066868e+00 -7.52923094e-06 -1.23836087e-06
2.61434260e-03 -2.61795855e+00 2.19821574e+00 -7.49464269e-06 -1.27864048e-06
2.63961552e-03 -2.60915303e+00 2.18576353e+00 -7.45999706e-06 -1.31911423e-06
2.66489823e-03 -2.60034743e+00 2.17331217e+00 -7.42524974e-06 -1.35932812e-06
2.69019051e-03 -2.59154183e+00 2.16086178e+00 -7.39065405e-06 -1.39848763e-06
2.71549214e-03 -2.58273633e+00 2.14841248e+00 -7.35607481e-06 -1.43700089e-06
2.74080291e-03 -2.57393100e+00 2.13596436e+00 -7.32142280e-06 -1.47564990e-06
2.76612261e-03 -2.56512591e+00 2.12351756e+00 -7.28675932e-06 -1.51415466e-06
2.79145103e-03 -2.55632116e+00 2.11107218e+00 -7.25216352e-06 -1.55182683e-06
2.81678795e-03 -2.54751682e+00 2.09862832e+00 -7.21756094e-06 -1.58877031e-06
2.84213317e-03 -2.53871298e+00 2.08618610e+00 -7.18290299e-06 -1.62544732e-06
2.86748647e-03 -2.52990970e+00 2.07374563e+00 -7.14833480e-06 -1.66182742e-06
2.89284765e-03 -2.52110706e+00 2.06130701e+00 -7.11374728e-06 -1.69762826e-06
2.91821649e-03 -2.51230514e+00 2.04887035e+00 -7.07910319e-06 -1.73285426e-06
2.94359277e-03 -2.50350401e+00 2.03643575e+00 -7.04447610e-06 -1.76769634e-06
2.96897629e-03 -2.49470375e+00 2.02400332e+00 -7.00999187e-06 -1.80212724e-06
2.99436683e-03 -2.48590443e+00 2.01157315e+00 -6.97540564e-06 -1.83595185e-06
3.01976418e-03 -2.47710611e+00 1.99914536e+00 -6.94082079e-06 -1.86916312e-06
3.04516813e-03 -2.46830889e+00 1.98672004e+00 -6.90628003e-06 -1.90194895e-06
3.07057846e-03 -2.45951281e+00 1.97429730e+00 -6.87173852e-06 -1.93435587e-06
3.09599496e-03 -2.45071795e+00 1.96187723e+00 -6.83720935e-06 -1.96620693e-06
3.12141741e-03 -2.44192439e+00 1.94945994e+00 -6.80273305e-06 -1.99740876e-06
3.14684560e-03 -2.43313219e+00 1.93704552e+00 -6.76820600e-06 -2.02811471e-06
3.17227932e-03 -2.42434142e+00 1.92463408e+00 -6.73367877e-06 -2.05844242e-06
3.19771835e-03 -2.41555215e+00 1.91222571e+00 -6.69920737e-06 -2.08826401e-06
3.22316248e-03 -2.40676444e+00 1.89982052e+00 -6.66478178e-06 -2.11745697e-06
3.24861150e-03 -2.39797836e+00 1.88741859e+00 -6.63031495e-06 -2.14608726e-06
3.27406520e-03 -2.38919397e+00 1.87502003e+00 -6.59586536e-06 -2.17423793e-06
3.29952335e-03 -2.38041135e+00 1.86262493e+00 -6.56142481e-06 -2.20187900e-06
3.32498575e-03 -2.37163056e+00 1.85023339e+00 -6.52694825e-06 -2.22894667e-06
3.35045219e-03 -2.36285166e+00 1.83784550e+00 -6.49252102e-06 -2.25545142e-06
3.37592244e-03 -2.35407471e+00 1.82546135e+00 -6.45806968e-06 -2.28143880e-06
3.40139629e-03 -2.34529979e+00 1.81308104e+00 -6.42370460e-06 -2.30691516e-06
3.42687354e-03 -2.33652694e+00 1.80070466e+00 -6.38922604e-06 -2.33174538e-06
3.45235396e-03 -2.32775625e+00 1.78833231e+00 -6.35481144e-06 -2.35599563e-06
3.47783734e-03 -2.31898777e+00 1.77596408e+00 -6.32052144e-06 -2.37978649e-06
3.50332346e-03 -2.31022156e+00 1.76360006e+00 -6.28613296e-06 -2.40327139e-06
3.52881212e-03 -2.30145768e+00 1.75124034e+00 -6.25173740e-06 -2.42580437e-06
3.55430309e-03 -2.29269621e+00 1.73888501e+00 -6.21748187e-06 -2.44728339e-06
3.57979617e-03 -2.28393720e+00 1.72653418e+00 -6.18312267e-06 -2.46898041e-06
3.60529113e-03 -2.27518072e+00 1.71418792e+00 -6.14880877e-06 -2.49016930e-06
3.63078776e-03 -2.26642682e+00 1.70184634e+00 -6.11459829e-06 -2.51043828e-06
3.65628585e-03 -2.25767557e+00 1.68950953e+00 -6.08033315e-06 -2.53027798e-06
3.68178518e-03 -2.24892704e+00 1.67717757e+00 -6.04611478e-06 -2.54946141e-06
3.70728554e-03 -2.24018127e+00 1.66485057e+00 -6.01190654e-06 -2.56805891e-06
3.73278671e-03 -2.23143835e+00 1.65252861e+00 -5.97779514e-06 -2.58608562e-06
3.75828848e-03 -2.22269832e+00 1.64021178e+00 -5.94355395e-06 -2.60357709e-06
3.78379063e-03 -2.21396125e+00 1.62790018e+00 -5.90942587e-06 -2.62049206e-06
3.80929295e-03 -2.20522721e+00 1.61559390e+00 -5.87535742e-06 -2.63680692e-06
3.83479523e-03 -2.19649625e+00 1.60329303e+00 -5.84124490e-06 -2.65252965e-06
3.86029724e-03 -2.18776843e+00 1.59099765e+00 -5.80719502e-06 -2.66766778e-06
3.88579878e-03 -2.17904382e+00 1.57870787e+00 -5.77311148e-06 -2.68222697e-06
3.91129962e-03 -2.17032247e+00 1.56642376e+00 -5.73908767e-06 -2.69619571e-06
3.93679956e-03 -2.16160446e+00 1.55414543e+00 -5.70504123e-06 -2.70956664e-06
3.96229838e-03 -2.15288984e+00 1.54187295e+00 -5.67105307e-06 -2.72235288e-06
3.98779586e-03 -2.14417866e+00 1.52960642e+00 -5.63701784e-06 -2.73456938e-06
4.01329179e-03 -2.13547100e+00 1.51734593e+00 -5.60304172e-06 -2.74623201e-06
4.03878596e-03 -2.12676691e+00 1.50509156e+00 -5.56905384e-06 -2.75736172e-06
4.06427815e-03 -2.11806646e+00 1.49284341e+00 -5.53506908e-06 -2.76796069e-06
4.08976814e-03 -2.10936970e+00 1.48060157e+00 -5.50109499e-06 -2.77795572e-06
4.11525573e-03 -2.10067670e+00 1.46836612e+00 -5.46716078e-06 -2.78719038e-06
4.14074070e-03 -2.09198752e+00 1.45613716e+00 -5.43324337e-06 -2.79555336e-06
4.16622283e-03 -2.08330222e+00 1.44391477e+00 -5.39930948e-06 -2.80310425e-06
4.19170190e-03 -2.07462085e+00 1.43169904e+00 -5.36544317e-06 -2.81010896e-06
4.21717772e-03 -2.06594349e+00 1.41949007e+00 -5.33158165e-06 -2.81701857e-06
4.24265005e-03 -2.05727019e+00 1.40728794e+00 -5.29767360e-06 -2.82436850e-06
4.26811870e-03 -2.04860102e+00 1.39509274e+00 -5.26385648e-06 -2.83254851e-06
4.29358344e-03 -2.03993603e+00 1.38290456e+00 -5.23008767e-06 -2.84151592e-06
4.31904406e-03 -2.03127528e+00 1.37072348e+00 -5.19628955e-06 -2.85064378e-06
4.34450035e-03 -2.02261885e+00 1.35854961e+00 -5.16255630e-06 -2.85885136e-06
4.36995209e-03 -2.01396678e+00 1.34638302e+00 -5.12884978e-06 -2.86500036e-06
4.39539908e-03 -2.00531915e+00 1.33422380e+00 -5.09517316e-06 -2.86833441e-06
4.42084110e-03 -1.99667601e+00 1.32207205e+00 -5.06150074e-06 -2.86881984e-06
4.44627793e-03 -1.98803743e+00 1.30992784e+00 -5.02783004e-06 -2.86722213e-06
4.47170937e-03 -1.97940346e+00 1.29779128e+00 -4.99424469e-06 -2.86480509e-06
4.49713520e-03 -1.97077417e+00 1.28566244e+00 -4.96063622e-06 -2.86281670e-06
4.52255522e-03 -1.96214961e+00 1.27354142e+00 -4.92708089e-06 -2.86203228e-06
4.54796920e-03 -1.95352984e+00 1.26142830e+00 -4.89359414e-06 -2.86254825e-06
4.57337694e-03 -1.94491494e+00 1.24932317e+00 -4.86001240e-06 -2.86384510e-06
4.59877823e-03 -1.93630495e+00 1.23722611e+00 -4.82658724e-06 -2.86512986e-06
4.62417285e-03 -1.92769995e+00 1.22513722e+00 -4.79311587e-06 -2.86571110e-06
4.64956059e-03 -1.91909999e+00 1.21305659e+00 -4.75966081e-06 -2.86521614e-06
4.67494125e-03 -1.91050513e+00 1.20098429e+00 -4.72627222e-06 -2.86364373e-06
4.70031461e-03 -1.90191544e+00 1.18892041e+00 -4.69286139e-06 -2.86122506e-06
4.72568047e-03 -1.89333098e+00 1.17686505e+00 -4.65955342e-06 -2.85820887e-06
4.75103860e-03 -1.88475180e+00 1.16481829e+00 -4.62617964e-06 -2.85476313e-06
4.77638881e-03 -1.87617798e+00 1.15278022e+00 -4.59292362e-06 -2.85094346e-06
4.80173088e-03 -1.86760956e+00 1.14075092e+00 -4.55965328e-06 -2.84670221e-06
4.82706461e-03 -1.85904661e+00 1.12873049e+00 -4.52635845e-06 -2.84198186e-06
4.85238978e-03 -1.85048920e+00 1.11671900e+00 -4.49316402e-06 -2.83676683e-06
4.87770618e-03 -1.84193738e+00 1.10471654e+00 -4.45998704e-06 -2.83107867e-06
4.90301362e-03 -1.83339121e+00 1.09272321e+00 -4.42678276e-06 -2.82495000e-06
4.92831188e-03 -1.82485076e+00 1.08073909e+00 -4.39369600e-06 -2.81839065e-06
4.95360075e-03 -1.81631609e+00 1.06876427e+00 -4.36054105e-06 -2.81141044e-06
4.97888002e-03 -1.80778726e+00 1.05679883e+00 -4.32745145e-06 -2.80401819e-06
5.00414950e-03 -1.79926433e+00 1.04484285e+00 -4.29454067e-06 -2.79620365e-06
5.02940896e-03 -1.79074736e+00 1.03289643e+00 -4.26139611e-06 -2.78795938e-06
5.05465821e-03 -1.78223641e+00 1.02095966e+00 -4.22844473e-06 -2.77929552e-06
5.07989704e-03 -1.77373154e+00 1.00903261e+00 -4.19547516e-06 -2.77023503e-06
5.10512525e-03 -1.76523282e+00 9.97115365e-01 -4.16256274e-06 -2.76076890e-06
5.13034262e-03 -1.75674030e+00 9.85208022e-01 -4.12967581e-06 -2.75089119e-06
5.15554895e-03 -1.74825405e+00 9.73310659e-01 -4.09673992e-06 -2.74062514e-06
5.18074405e-03 -1.73977412e+00 9.61423361e-01 -4.06396769e-06 -2.72996935e-06
5.20592770e-03 -1.73130057e+00 9.49546211e-01 -4.03112737e-06 -2.71892153e-06
5.23109969e-03 -1.72283347e+00 9.37679294e-01 -3.99831502e-06 -2.70749526e-06
5.25625984e-03 -1.71437288e+00 9.25822692e-01 -3.96557308e-06 -2.69569689e-06
5.28140793e-03 -1.70591885e+00 9.13976489e-01 -3.93288803e-06 -2.68353155e-06
5.30654376e-03 -1.69747145e+00 9.02140767e-01 -3.90023233e-06 -2.67099909e-06
5.33166713e-03 -1.68903073e+00 8.90315610e-01 -3.86751780e-06 -2.65810844e-06
5.35677784e-03 -1.68059676e+00 8.78501099e-01 -3.83487173e-06 -2.64487026e-06
5.38187568e-03 -1.67216959e+00 8.66697319e-01 -3.80230968e-06 -2.63128604e-06
5.40696046e-03 -1.66374929e+00 8.54904351e-01 -3.76973679e-06 -2.61734996e-06
5.43203198e-03 -1.65533591e+00 8.43122278e-01 -3.73718703e-06 -2.60306071e-06
5.45709002e-03 -1.64692951e+00 8.31351182e-01 -3.70472942e-06 -2.58844045e-06
5.48213440e-03 -1.63853016e+00 8.19591145e-01 -3.67224432e-06 -2.57349771e-06
5.50716492e-03 -1.63013791e+00 8.07842249e-01 -3.63980354e-06 -2.55822565e-06
5.53218137e-03 -1.62175282e+00 7.96104576e-01 -3.60741755e-06 -2.54262893e-06
5.55718356e-03 -1.61337495e+00 7.84378209e-01 -3.57506567e-06 -2.52671760e-06
5.58217129e-03 -1.60500436e+00 7.72663227e-01 -3.54273074e-06 -2.51050267e-06
5.60714437e-03 -1.59664111e+00 7.60959714e-01 -3.51044168e-06 -2.49398374e-06
5.63210259e-03 -1.58828526e+00 7.49267749e-01 -3.47820594e-06 -2.47715979e-06
5.65704576e-03 -1.57993686e+00 7.37587414e-01 -3.44592587e-06 -2.46004343e-06
5.68197369e-03 -1.57159597e+00 7.25918789e-01 -3.41378748e-06 -2.44264604e-06
5.70688618e-03 -1.56326266e+00 7.14261954e-01 -3.38158688e-06 -2.42497199e-06
5.73178303e-03 -1.55493698e+00 7.02616990e-01 -3.34943957e-06 -2.40701536e-06
5.75666406e-03 -1.54661899e+00 6.90983977e-01 -3.31746342e-06 -2.38877067e-06
5.78152906e-03 -1.53830875e+00 6.79362993e-01 -3.28534391e-06 -2.37025407e-06
5.80637784e-03 -1.53000631e+00 6.67754118e-01 -3.25336089e-06 -2.35149186e-06
5.83121021e-03 -1.52171174e+00 6.56157429e-01 -3.22143378e-06 -2.33248499e-06
5.85602599e-03 -1.51342508e+00 6.44573007e-01 -3.18942631e-06 -2.31319146e-06
5.88082497e-03 -1.50514640e+00 6.33000927e-01 -3.15756945e-06 -2.29363102e-06
5.90560696e-03 -1.49687576e+00 6.21441267e-01 -3.12573341e-06 -2.27392104e-06
5.93037178e-03 -1.48861320e+00 6.09894105e-01 -3.09390359e-06 -2.25398529e-06
5.95511924e-03 -1.48035879e+00 5.98359515e-01 -3.06208320e-06 -2.23357086e-06
5.97984914e-03 -1.47211259e+00 5.86837575e-01 -3.03035175e-06 -2.21300175e-06
6.00456130e-03 -1.46387464e+00 5.75328360e-01 -2.99862487e-06 -2.19274283e-06
6.02925553e-03 -1.45564501e+00 5.63831944e-01 -2.96694469e-06 -2.17190757e-06
6.05393164e-03 -1.44742375e+00 5.52348403e-01 -2.93539281e-06 -2.14966464e-06
6.07858944e-03 -1.43921092e+00 5.40877811e-01 -2.90372022e-06 -2.12865045e-06
6.10322876e-03 -1.43100656e+00 5.29420242e-01 -2.87221857e-06 -2.10965047e-06
6.12784939e-03 -1.42281072e+00 5.17975769e-01 -2.84073080e-06 -2.08573332e-06
6.15245116e-03 -1.41462352e+00 5.06544469e-01 -2.80919942e-06 -2.05912878e-06
6.17703388e-03 -1.40644498e+00 4.95126412e-01 -2.77789100e-06 -2.04078883e-06
6.20159736e-03 -1.39827508e+00 4.83721672e-01 -2.74651078e-06 -2.02305173e-06
6.22614143e-03 -1.39011392e+00 4.72330328e-01 -2.71510193e-06 -1.99800576e-06
6.25066591e-03 -1.38196161e+00 4.60952447e-01 -2.68394716e-06 -1.97367737e-06
6.27517059e-03 -1.37381816e+00 4.49588106e-01 -2.65270860e-06 -1.95134270e-06
6.29965532e-03 -1.36568362e+00 4.38237377e-01 -2.62151024e-06 -1.92829954e-06
6.32411990e-03 -1.35755806e+00 4.26900334e-01 -2.59038172e-06 -1.90514540e-06
6.34856415e-03 -1.34944153e+00 4.15577049e-01 -2.55927228e-06 -1.88176901e-06
6.37298789e-03 -1.34133407e+00 4.04267595e-01 -2.52824404e-06 -1.85826104e-06
6.39739095e-03 -1.33323575e+00 3.92972044e-01 -2.49725170e-06 -1.83461422e-06
6.42177315e-03 -1.32514662e+00 3.81690469e-01 -2.46626590e-06 -1.81080181e-06
6.44613430e-03 -1.31706673e+00 3.70422939e-01 -2.43533171e-06 -1.78685820e-06
6.47047423e-03 -1.30899613e+00 3.59169526e-01 -2.40455452e-06 -1.76277618e-06
6.49479276e-03 -1.30093487e+00 3.47930299e-01 -2.37362958e-06 -1.73856141e-06
6.51908972e-03 -1.29288301e+00 3.36705329e-01 -2.34281247e-06 -1.71422013e-06
6.54336493e-03 -1.28484060e+00 3.25494682e-01 -2.31213931e-06 -1.68975073e-06
6.56761822e-03 -1.27680769e+00 3.14298428e-01 -2.28131755e-06 -1.66516199e-06
6.59184941e-03 -1.26878433e+00 3.03116634e-01 -2.25072702e-06 -1.64045088e-06
6.61605833e-03 -1.26077057e+00 2.91949367e-01 -2.22012640e-06 -1.61561897e-06
6.64024480e-03 -1.25276646e+00 2.80796692e-01 -2.18945895e-06 -1.59068030e-06
6.66440866e-03 -1.24477205e+00 2.69658676e-01 -2.15894146e-06 -1.56563685e-06
6.68854973e-03 -1.23678740e+00 2.58535384e-01 -2.12841186e-06 -1.54048546e-06
6.71266784e-03 -1.22881255e+00 2.47426881e-01 -2.09798232e-06 -1.51523872e-06
6.73676282e-03 -1.22084754e+00 2.36333232e-01 -2.06752504e-06 -1.48990527e-06
6.76083451e-03 -1.21289244e+00 2.25254501e-01 -2.03721870e-06 -1.46446412e-06
6.78488273e-03 -1.20494728e+00 2.14190753e-01 -2.00695545e-06 -1.43892506e-06
6.80890732e-03 -1.19701213e+00 2.03142053e-01 -1.97658727e-06 -1.41331328e-06
6.83290810e-03 -1.18908702e+00 1.92108464e-01 -1.94638621e-06 -1.38762177e-06
6.85688493e-03 -1.18117200e+00 1.81090049e-01 -1.91630064e-06 -1.36184492e-06
6.88083762e-03 -1.17326713e+00 1.70086874e-01 -1.88612786e-06 -1.33599511e-06
6.90476601e-03 -1.16537245e+00 1.59099000e-01 -1.85610505e-06 -1.31010404e-06
6.92866994e-03 -1.15748800e+00 1.48126491e-01 -1.82614035e-06 -1.28415843e-06
6.95254925e-03 -1.14961384e+00 1.37169411e-01 -1.79614013e-06 -1.25811449e-06
6.97640377e-03 -1.14175002e+00 1.26227820e-01 -1.76623372e-06 -1.23202387e-06
7.00023334e-03 -1.13389658e+00 1.15301782e-01 -1.73633265e-06 -1.20593776e-06
7.02403780e-03 -1.12605356e+00 1.04391356e-01 -1.70657077e-06 -1.17977836e-06
7.04781699e-03 -1.11822102e+00 9.34966053e-02 -1.67676311e-06 -1.15349650e-06
7.07157076e-03 -1.11039899e+00 8.26175889e-02 -1.64710758e-06 -1.12716287e-06
7.09529893e-03 -1.10258753e+00 7.17543669e-02 -1.61737772e-06 -1.10083904e-06
7.11900136e-03 -1.09478668e+00 6.09069973e-02 -1.58777309e-06 -1.07449474e-06
7.14267790e-03 -1.08699648e+00 5.00755392e-02 -1.55825137e-06 -1.04809880e-06
7.16632837e-03 -1.07921698e+00 3.92600497e-02 -1.52861066e-06 -1.02163746e-06
7.18995264e-03 -1.07144823e+00 2.84605865e-02 -1.49914265e-06 -9.95043049e-07
7.21355054e-03 -1.06369026e+00 1.76772062e-02 -1.46974546e-06 -9.68404326e-07
7.23712193e-03 -1.05594312e+00 6.90996509e-03 -1.44025148e-06 -9.41752881e-07
7.26066665e-03 -1.04820685e+00 -3.84108105e-03 -1.41091799e-06 -9.14653022e-07
7.28418455e-03 -1.04048150e+00 -1.45758768e-02 -1.38169083e-06 -8.87599292e-07
7.30767548e-03 -1.03276711e+00 -2.52943668e-02 -1.35232199e-06 -8.61802924e-07
7.33113928e-03 -1.02506371e+00 -3.59964968e-02 -1.32310746e-06 -8.35565618e-07
7.35457582e-03 -1.01737137e+00 -4.66822127e-02 -1.29397886e-06 -8.08199237e-07
7.37798495e-03 -1.00969011e+00 -5.73514604e-02 -1.26474569e-06 -7.84895864e-07
7.40136651e-03 -1.00201994e+00 -6.80041866e-02 -1.23574304e-06 -7.62380593e-07
7.42472035e-03 -9.94360965e-01 -7.86403383e-02 -1.20668858e-06 -7.30631427e-07
7.44804635e-03 -9.86713265e-01 -8.92598626e-02 -1.17777045e-06 -7.04222938e-07
7.47134434e-03 -9.79076711e-01 -9.98627083e-02 -1.14880660e-06 -6.91558244e-07
7.49461418e-03 -9.71451376e-01 -1.10448822e-01 -1.11997345e-06 -6.53284373e-07
7.51785574e-03 -9.63837648e-01 -1.21018153e-01 -1.09107732e-06 -6.02724920e-07
7.54106886e-03 -9.56235228e-01 -1.31570652e-01 -1.06234484e-06 -6.12524262e-07
7.56425342e-03 -9.48643685e-01 -1.42106266e-01 -1.03365752e-06 -6.02676633e-07
7.58740926e-03 -9.41064087e-01 -1.52624942e-01 -1.00491871e-06 -4.86182014e-07
7.61053624e-03 -9.33496701e-01 -1.63126638e-01 -9.76422367e-07 -4.83139106e-07
7.63363424e-03 -9.25939380e-01 -1.73611306e-01 -9.47765506e-07 -6.16161176e-07
7.65670310e-03 -9.18393117e-01 -1.84078877e-01 -9.19334615e-07 -4.48489405e-07
7.67974268e-03 -9.10861556e-01 -1.94529316e-01 -8.90832455e-07 -2.04038151e-07
7.70275288e-03 -9.03340837e-01 -2.04962608e-01 -8.62399754e-07 -5.61980930e-07
7.72573356e-03 -8.95826446e-01 -2.15378653e-01 -8.34039385e-07 -7.39940292e-07
7.74868450e-03 -8.88327886e-01 -2.25777372e-01 -8.05753951e-07 7.63499939e-08
7.77160561e-03 -8.80848819e-01 -2.36158845e-01 -7.77498765e-07 1.18221525e-07
7.79449695e-03 -8.73370990e-01 -2.46523017e-01 -7.49253123e-07 -1.23822324e-06
7.81735817e-03 -8.65895500e-01 -2.56869599e-01 -7.21112703e-07 -7.49588185e-07
7.84018879e-03 -8.58452998e-01 -2.67198663e-01 -6.93007833e-07 1.44879072e-06
7.86298939e-03 -8.51032241e-01 -2.77510601e-01 -6.64914871e-07 1.67359131e-07
7.88576027e-03 -8.43586796e-01 -2.87805035e-01 -6.36942185e-07 -3.00147258e-06
7.90849956e-03 -8.36143869e-01 -2.98081118e-01 -6.08987360e-07 -5.40501550e-07
7.93120676e-03 -8.28769398e-01 -3.08339510e-01 -5.80971046e-07 3.99202072e-06
7.95388558e-03 -8.21418217e-01 -3.18581777e-01 -5.53133511e-07 5.95631188e-07
7.97653615e-03 -8.14002979e-01 -3.28806691e-01 -5.25370585e-07 -5.32817040e-06
7.99914947e-03 -8.06581789e-01 -3.39010485e-01 -4.97676790e-07 -1.65280831e-06
8.02172538e-03 -7.99259608e-01 -3.49194766e-01 -4.69876507e-07 5.26922308e-06
8.04429529e-03 -7.91971974e-01 -3.59373374e-01 -4.42221437e-07 2.34730344e-06
8.06690981e-03 -7.84593645e-01 -3.69567333e-01 -4.14555221e-07 -4.19496139e-06
8.08960118e-03 -7.77157371e-01 -3.79791436e-01 -3.86778421e-07 -2.32174304e-06
8.11237048e-03 -7.69756476e-01 -3.90047776e-01 -3.58946281e-07 2.74846387e-06
8.13520992e-03 -7.62363664e-01 -4.00332556e-01 -3.30899180e-07 1.71089153e-06
8.15812079e-03 -7.54911576e-01 -4.10645055e-01 -3.02965981e-07 -1.45177346e-06
8.18110800e-03 -7.47419527e-01 -4.20987711e-01 -2.74921016e-07 -6.70194493e-07
8.20417228e-03 -7.39927270e-01 -4.31361619e-01 -2.46735240e-07 1.05843781e-06
8.22731300e-03 -7.32419125e-01 -4.41766197e-01 -2.18560654e-07 4.59615373e-07
8.25053169e-03 -7.24874710e-01 -4.52201644e-01 -1.90232014e-07 -2.83450228e-07
8.27383019e-03 -7.17305417e-01 -4.62668994e-01 -1.61906043e-07 2.18882281e-07
8.29720931e-03 -7.09718825e-01 -4.73168760e-01 -1.33452844e-07 5.12528109e-07
8.32066995e-03 -7.02106677e-01 -4.83701122e-01 -1.04885989e-07 2.35096907e-07
8.34421350e-03 -6.94466788e-01 -4.94266606e-01 -7.63325632e-08 2.21660907e-07
8.36784119e-03 -6.86803238e-01 -5.04865835e-01 -4.76004036e-08 4.05227457e-07
8.39155409e-03 -6.79115140e-01 -5.15499235e-01 -1.88301701e-08 3.97706190e-07
8.41535343e-03 -6.71400174e-01 -5.26167256e-01 9.92526630e-09 3.63473521e-07
8.43924047e-03 -6.63658920e-01 -5.36870445e-01 3.89317590e-08 4.28599733e-07
8.46321644e-03 -6.55891559e-01 -5.47609313e-01 6.80617631e-08 4.67898379e-07
8.48728256e-03 -6.48097051e-01 -5.58384351e-01 9.70775949e-08 4.72218750e-07
8.51144013e-03 -6.40275032e-01 -5.69196077e-01 1.26314159e-07 5.03126705e-07
8.53569041e-03 -6.32425403e-01 -5.80045033e-01 1.55660302e-07 5.37004279e-07
8.56003470e-03 -6.24547623e-01 -5.90931731e-01 1.85120115e-07 5.58889534e-07
8.58447432e-03 -6.16641267e-01 -6.01856715e-01 2.14607954e-07 5.87154874e-07
8.60901060e-03 -6.08706000e-01 -6.12820523e-01 2.44234188e-07 6.14413110e-07
8.63364488e-03 -6.00741351e-01 -6.23823709e-01 2.73992832e-07 6.38395830e-07
8.65837852e-03 -5.92746927e-01 -6.34866829e-01 3.03813932e-07 6.66991445e-07
8.68321291e-03 -5.84722373e-01 -6.45950416e-01 3.33855492e-07 6.97158094e-07
8.70814944e-03 -5.76667252e-01 -6.57075089e-01 3.63832455e-07 7.23550900e-07
8.73318953e-03 -5.68581067e-01 -6.68241386e-01 3.94009843e-07 7.48429308e-07
8.75833461e-03 -5.60463420e-01 -6.79449895e-01 4.24347017e-07 7.76458555e-07
8.78358614e-03 -5.52313895e-01 -6.90701212e-01 4.54680072e-07 8.03949260e-07
8.80894558e-03 -5.44132032e-01 -7.01995921e-01 4.85236284e-07 8.30816809e-07
8.83441443e-03 -5.35917390e-01 -7.13334636e-01 5.15817103e-07 8.58319310e-07
8.85999419e-03 -5.27669514e-01 -7.24717955e-01 5.46605876e-07 8.85570697e-07
8.88568641e-03 -5.19387946e-01 -7.36146504e-01 5.77390231e-07 9.12966724e-07
8.91149262e-03 -5.11072220e-01 -7.47620899e-01 6.08357599e-07 9.40417866e-07
8.93741440e-03 -5.02721869e-01 -7.59141776e-01 6.39445666e-07 9.68087090e-07
8.96345335e-03 -4.94336415e-01 -7.70709774e-01 6.70656194e-07 9.95733019e-07
8.98961108e-03 -4.85915374e-01 -7.82325540e-01 7.01969528e-07 1.02308385e-06
9.01588922e-03 -4.77458258e-01 -7.93989732e-01 7.33364955e-07 1.05010939e-06
9.04228945e-03 -4.68964572e-01 -8.05703013e-01 7.64931141e-07 1.07736186e-06
9.06881343e-03 -4.60433814e-01 -8.17466060e-01 7.96633368e-07 1.10549431e-06
9.09546289e-03 -4.51865477e-01 -8.29279553e-01 8.28408288e-07 1.13431196e-06
9.12223954e-03 -4.43259043e-01 -8.41144188e-01 8.60394862e-07 1.16229467e-06
9.14914514e-03 -4.34613988e-01 -8.53060663e-01 8.92470164e-07 1.18776194e-06
9.17618148e-03 -4.25929782e-01 -8.65029692e-01 9.24698579e-07 1.21149470e-06
9.20335035e-03 -4.17205892e-01 -8.77051993e-01 9.57048129e-07 1.23799394e-06
9.23065359e-03 -4.08441782e-01 -8.89128297e-01 9.89471598e-07 1.27213111e-06
9.25809306e-03 -3.99636901e-01 -9.01259344e-01 1.02216251e-06 1.31255851e-06
9.28567062e-03 -3.90790681e-01 -9.13445882e-01 1.05492209e-06 1.34873275e-06
9.31338821e-03 -3.81902540e-01 -9.25688672e-01 1.08784123e-06 1.36764646e-06
9.34124775e-03 -3.72971895e-01 -9.37988483e-01 1.12092848e-06 1.36733610e-06
9.36925122e-03 -3.63998180e-01 -9.50346095e-01 1.15403181e-06 1.36485056e-06
9.39740061e-03 -3.54980836e-01 -9.62762297e-01 1.18744179e-06 1.38735050e-06
9.42569795e-03 -3.45919289e-01 -9.75237892e-01 1.22090124e-06 1.44919282e-06
9.45414530e-03 -3.36812917e-01 -9.87773691e-01 1.25453741e-06 1.53398569e-06
9.48274474e-03 -3.27661057e-01 -1.00037052e+00 1.28840418e-06 1.60118781e-06
9.51149841e-03 -3.18463039e-01 -1.01302920e+00 1.32225269e-06 1.61681898e-06
9.54040845e-03 -3.09218226e-01 -1.02575060e+00 1.35629023e-06 1.58381575e-06
9.56947705e-03 -2.99926026e-01 -1.03853556e+00 1.39050433e-06 1.54385171e-06
9.59870643e-03 -2.90585848e-01 -1.05138496e+00 1.42483292e-06 1.54590288e-06
9.62809885e-03 -2.81197053e-01 -1.06429969e+00 1.45934864e-06 1.60710041e-06
9.65765659e-03 -2.71758933e-01 -1.07728064e+00 1.49406340e-06 1.69972934e-06
9.68738199e-03 -2.62270743e-01 -1.09032872e+00 1.52899143e-06 1.77534600e-06
9.71727741e-03 -2.52731754e-01 -1.10344486e+00 1.56396641e-06 1.80397245e-06
9.74734526e-03 -2.43141279e-01 -1.11663000e+00 1.59910553e-06 1.79443478e-06
9.77758796e-03 -2.33498650e-01 -1.12988508e+00 1.63449454e-06 1.78114899e-06
9.80800800e-03 -2.23803177e-01 -1.14321108e+00 1.66998774e-06 1.79304669e-06
9.83860791e-03 -2.14054122e-01 -1.15660898e+00 1.70568039e-06 1.83309237e-06
9.86939024e-03 -2.04250707e-01 -1.17007977e+00 1.74163182e-06 1.88298529e-06
9.90035759e-03 -1.94392153e-01 -1.18362447e+00 1.77777707e-06 1.92337212e-06
9.93151262e-03 -1.84477686e-01 -1.19724409e+00 1.81403124e-06 1.94895983e-06
9.96285801e-03 -1.74506539e-01 -1.21093969e+00 1.85044884e-06 1.96772728e-06
9.99439649e-03 -1.64477928e-01 -1.22471233e+00 1.88714648e-06 1.98997241e-06
1.00261308e-02 -1.54391045e-01 -1.23856307e+00 1.92396939e-06 2.01917484e-06
1.00580639e-02 -1.44245066e-01 -1.25249300e+00 1.96107970e-06 2.05140921e-06
1.00901986e-02 -1.34039144e-01 -1.26650325e+00 1.99833090e-06 2.08135007e-06
1.01225377e-02 -1.23772435e-01 -1.28059493e+00 2.03579391e-06 2.10716731e-06
1.01550843e-02 -1.13444085e-01 -1.29476919e+00 2.07353230e-06 2.12999983e-06
1.01878414e-02 -1.03053216e-01 -1.30902719e+00 2.11136730e-06 2.15190074e-06
1.02208122e-02 -9.25989317e-02 -1.32337012e+00 2.14950847e-06 2.17554105e-06
1.02539996e-02 -8.20803382e-02 -1.33779918e+00 2.18783368e-06 2.20337310e-06
1.02874069e-02 -7.14965368e-02 -1.35231559e+00 2.22642899e-06 2.23446466e-06
1.03210373e-02 -6.08465551e-02 -1.36692060e+00 2.26519617e-06 2.26439919e-06
1.03548942e-02 -5.01293938e-02 -1.38161546e+00 2.30420431e-06 2.29526732e-06
1.03889809e-02 -3.93442152e-02 -1.39640147e+00 2.34338908e-06 2.33192014e-06
1.04233009e-02 -2.84900783e-02 -1.41127992e+00 2.38284216e-06 2.35637199e-06
1.04578575e-02 -1.75655735e-02 -1.42625216e+00 2.42250831e-06 2.36380021e-06
1.04926544e-02 -6.56987490e-03 -1.44131952e+00 2.46232309e-06 2.40733012e-06
1.05276951e-02 4.49711707e-03 -1.45648337e+00 2.50250511e-06 2.46190825e-06
1.05629834e-02 1.56376726e-02 -1.47174510e+00 2.54274193e-06 2.42105275e-06
1.05985230e-02 2.68542048e-02 -1.48710615e+00 2.58329390e-06 2.43221126e-06
1.06343177e-02 3.81438390e-02 -1.50256793e+00 2.62415613e-06 2.62591104e-06
1.06703714e-02 4.95076105e-02 -1.51813189e+00 2.66513146e-06 2.56464414e-06
1.07066880e-02 6.09557155e-02 -1.53379961e+00 2.70643536e-06 2.29149421e-06
1.07432717e-02 7.24827417e-02 -1.54957246e+00 2.74804520e-06 2.71824968e-06
1.07801263e-02 8.40748853e-02 -1.56545205e+00 2.78987084e-06 3.09485462e-06
1.08172563e-02 9.57578258e-02 -1.58144004e+00 2.83195105e-06 2.06646668e-06
1.08546659e-02 1.07547314e-01 -1.59753800e+00 2.87430898e-06 2.07200555e-06
1.08923593e-02 1.19384889e-01 -1.61374718e+00 2.91706438e-06 4.19303419e-06
1.09303408e-02 1.31280550e-01 -1.63006990e+00 2.95998189e-06 3.00217027e-06
1.09686156e-02 1.43347935e-01 -1.64650784e+00 3.00298038e-06 -2.61959618e-07
1.10071879e-02 1.55505770e-01 -1.66306154e+00 3.04672734e-06 3.84066575e-06
1.10460613e-02 1.67587694e-01 -1.67973369e+00 3.09065398e-06 7.80036870e-06
1.10852425e-02 1.79837772e-01 -1.69652767e+00 3.13431349e-06 -1.45578400e-06
1.11247371e-02 1.92444305e-01 -1.71344258e+00 3.17843756e-06 -4.17633860e-06
1.11645454e-02 2.04884917e-01 -1.73047817e+00 3.22369166e-06 1.31733336e-05
1.12046741e-02 2.17056012e-01 -1.74764425e+00 3.26880515e-06 1.12118614e-05
1.12451382e-02 2.29907730e-01 -1.76494068e+00 3.31297724e-06 -1.70951653e-05
1.12859327e-02 2.43283034e-01 -1.78235708e+00 3.35844552e-06 -5.15305552e-06
1.13270473e-02 2.55658999e-01 -1.79990234e+00 3.40579328e-06 3.71777072e-05
1.13685183e-02 2.67704165e-01 -1.81760195e+00 3.45193087e-06 9.64996634e-06
1.14103727e-02 2.81674825e-01 -1.83543659e+00 3.49644731e-06 -5.02957223e-05
1.14525399e-02 2.96175202e-01 -1.85336920e+00 3.54333126e-06 -3.69301778e-06
1.14950019e-02 3.08048321e-01 -1.87144535e+00 3.59308749e-06 7.81348808e-05
1.15379373e-02 3.19484035e-01 -1.88973734e+00 3.64094000e-06 1.74305088e-05
1.15813770e-02 3.34611431e-01 -1.90818519e+00 3.68635014e-06 -8.75382762e-05
1.16249283e-02 3.50769743e-01 -1.92662064e+00 3.73378548e-06 -2.53315981e-05
1.16685609e-02 3.62934816e-01 -1.94513941e+00 3.78435956e-06 9.36467029e-05
1.17137072e-02 3.74225755e-01 -1.96433326e+00 3.83494859e-06 3.50340586e-05
1.17628594e-02 3.90462618e-01 -1.98515791e+00 3.88825482e-06 -5.38342330e-05
1.18179333e-02 4.09576469e-01 -2.00841342e+00 3.94826194e-06 -1.65207765e-05
1.18796071e-02 4.28308632e-01 -2.03447906e+00 4.01572779e-06 2.70067218e-05
1.19482214e-02 4.48563021e-01 -2.06349387e+00 4.09136273e-06 1.04472275e-05
1.20245765e-02 4.72389319e-01 -2.09568922e+00 4.17536153e-06 -2.98716972e-06
1.21097330e-02 4.98898054e-01 -2.13153884e+00 4.26861882e-06 5.52686304e-06
1.22046741e-02 5.28100376e-01 -2.17143672e+00 4.36978658e-06 1.92558496e-06
1.23104301e-02 5.61289447e-01 -2.21584501e+00 4.48431182e-06 -4.93769354e-06
1.24282460e-02 5.97859816e-01 -2.26517667e+00 4.61224017e-06 9.11452963e-06
1.25595190e-02 6.36832795e-01 -2.32001001e+00 4.75331166e-06 1.87597169e-05
1.27057530e-02 6.80650751e-01 -2.38099626e+00 4.91156191e-06 4.79853822e-06
1.28686217e-02 7.31375313e-01 -2.44866181e+00 5.08506570e-06 -3.76794002e-06
1.30500039e-02 7.87783455e-01 -2.52377959e+00 5.27680434e-06 1.87980238e-06
1.32519755e-02 8.49509444e-01 -2.60714847e+00 5.48929432e-06 5.91008133e-06
1.34768298e-02 9.17708013e-01 -2.69957841e+00 5.72256337e-06 5.20828715e-06
1.37271117e-02 9.93458004e-01 -2.80199498e+00 5.97903869e-06 2.42086668e-06
1.40056384e-02 1.07759558e+00 -2.91538830e+00 6.26182061e-06 1.74916784e-07
1.43155200e-02 1.17076009e+00 -3.04082831e+00 6.57505945e-06 4.71007059e-07
1.46601894e-02 1.27369162e+00 -3.17945402e+00 6.92217717e-06 2.71026798e-06
1.50434338e-02 1.38740260e+00 -3.33246997e+00 7.30357374e-06 4.88231177e-06
1.54694284e-02 1.51308369e+00 -3.50113839e+00 7.71804733e-06 5.53185648e-06
1.59427717e-02 1.65185983e+00 -3.68676941e+00 8.16591161e-06 4.84095418e-06
1.64685203e-02 1.80471098e+00 -3.89070293e+00 8.65094485e-06 3.86230452e-06
1.70522254e-02 1.97262020e+00 -4.11427865e+00 9.17866377e-06 3.32083588e-06
1.76999729e-02 2.15670853e+00 -4.35879035e+00 9.75279315e-06 3.20604095e-06
1.84184298e-02 2.35815858e+00 -4.62541776e+00 1.03734051e-05 3.17076050e-06
