VARIABLES="Y/c","convection","viscous",pressure gradient",Reynolds stress"
0.00000000e+00 0.00000000e+00 1.27941025e+00 6.28144804e-01 -1.18128689e+00
1.74152823e-06 -2.31311324e-03 1.28081319e+00 -1.11969713e+00 -1.99395136e-01
3.55080067e-06 -7.57334939e-03 1.28080112e+00 -3.30328122e+00 1.92789006e+00
5.43037453e-06 -1.71058123e-02 1.28050324e+00 -8.02958712e+00 6.93217284e+00
7.38289725e-06 -2.95022766e-02 1.28032878e+00 -1.40729748e+01 1.26564782e+01
9.41110916e-06 -4.54629097e-02 1.27998818e+00 -2.08763976e+01 1.97763443e+01
1.15178462e-05 -6.41018302e-02 1.27973373e+00 -2.73220000e+01 2.60429197e+01
1.37060425e-05 -8.56208446e-02 1.27940620e+00 -3.25863034e+01 3.14514902e+01
1.59787336e-05 -1.09091547e-01 1.27916653e+00 -3.61405664e+01 3.49830495e+01
1.83390585e-05 -1.33878804e-01 1.27893849e+00 -3.78649375e+01 3.67542068e+01
2.07902631e-05 -1.58708505e-01 1.27882641e+00 -3.78974457e+01 3.68159129e+01
2.33357027e-05 -1.82635215e-01 1.27881458e+00 -3.65823279e+01 3.55196480e+01
2.59788450e-05 -2.04790995e-01 1.27895149e+00 -3.42843844e+01 3.32520376e+01
2.87232726e-05 -2.24780064e-01 1.27924232e+00 -3.13920025e+01 3.03717741e+01
3.15726861e-05 -2.42376385e-01 1.27966628e+00 -2.82014266e+01 2.72018856e+01
3.45309067e-05 -2.57418886e-01 1.28020888e+00 -2.49679893e+01 2.39771157e+01
3.76018789e-05 -2.69592307e-01 1.28078503e+00 -2.18501554e+01 2.08709131e+01
4.07896736e-05 -2.78349581e-01 1.28135367e+00 -1.89637325e+01 1.79886348e+01
4.40984901e-05 -2.82978002e-01 1.28180053e+00 -1.63600533e+01 1.53877559e+01
4.75326590e-05 -2.82873067e-01 1.28208787e+00 -1.40631220e+01 1.30879324e+01
5.10966449e-05 -2.78353154e-01 1.28212709e+00 -1.20664493e+01 1.10849855e+01
5.47950484e-05 -2.71281460e-01 1.28192237e+00 -1.03502601e+01 9.36052384e+00
5.86326086e-05 -2.64834792e-01 1.28145139e+00 -8.88596444e+00 7.88864013e+00
6.26142050e-05 -2.62146315e-01 1.28078018e+00 -7.64028157e+00 6.64054385e+00
6.67448599e-05 -2.65082368e-01 1.27994164e+00 -6.58458289e+00 5.58739460e+00
7.10297398e-05 -2.73603977e-01 1.27900499e+00 -5.68935945e+00 4.70149976e+00
7.54741572e-05 -2.86107742e-01 1.27799479e+00 -4.93294849e+00 3.95746875e+00
8.00835719e-05 -3.00487156e-01 1.27698013e+00 -4.29374022e+00 3.33369028e+00
8.48635921e-05 -3.15053451e-01 1.27603798e+00 -3.75766040e+00 2.81228236e+00
8.98199754e-05 -3.28660535e-01 1.27527854e+00 -3.30814217e+00 2.37698014e+00
9.49586292e-05 -3.40612479e-01 1.27478062e+00 -2.93163894e+00 2.01235792e+00
1.00285611e-04 -3.50156318e-01 1.27458909e+00 -2.61485592e+00 1.70538612e+00
1.05807128e-04 -3.56366120e-01 1.27465664e+00 -2.35046295e+00 1.44651884e+00
1.11529536e-04 -3.59191969e-01 1.27485346e+00 -2.13100560e+00 1.22954455e+00
1.17459341e-04 -3.59453155e-01 1.27497100e+00 -1.95102970e+00 1.04949441e+00
1.23603194e-04 -3.57866134e-01 1.27482471e+00 -1.80274307e+00 8.99573005e-01
1.29967889e-04 -3.56296454e-01 1.27434017e+00 -1.67683929e+00 7.71932968e-01
1.36560366e-04 -3.57980182e-01 1.27366932e+00 -1.56507773e+00 6.62138768e-01
1.43387701e-04 -3.64162694e-01 1.27303375e+00 -1.46613084e+00 5.69494263e-01
1.50457104e-04 -3.73081961e-01 1.27258187e+00 -1.38059816e+00 4.92356458e-01
1.57776011e-04 -3.81816204e-01 1.27239162e+00 -1.30615849e+00 4.26739271e-01
1.65352205e-04 -3.87214483e-01 1.27267166e+00 -1.24368103e+00 3.69287438e-01
1.73193681e-04 -3.89555475e-01 1.27368355e+00 -1.19234380e+00 3.18735342e-01
1.81308634e-04 -3.92939880e-01 1.27553222e+00 -1.14789766e+00 2.76218012e-01
1.89705461e-04 -3.95739547e-01 1.27803322e+00 -1.11524878e+00 2.43369501e-01
1.98392768e-04 -3.90588145e-01 1.28091425e+00 -1.09854514e+00 2.18026889e-01
2.07379374e-04 -3.76246548e-01 1.28393973e+00 -1.09312543e+00 1.96118512e-01
2.16674319e-04 -3.58868390e-01 1.28682655e+00 -1.09344202e+00 1.76080594e-01
2.26286872e-04 -3.45841099e-01 1.28932647e+00 -1.09124178e+00 1.57588449e-01
2.36226537e-04 -3.41430824e-01 1.29151861e+00 -1.08080093e+00 1.40274530e-01
2.46503068e-04 -3.43528183e-01 1.29384888e+00 -1.06595597e+00 1.25032442e-01
2.57126479e-04 -3.45429358e-01 1.29665086e+00 -1.05483309e+00 1.13254269e-01
2.68107053e-04 -3.42493292e-01 1.30004881e+00 -1.05307157e+00 1.04045853e-01
2.79455354e-04 -3.40640591e-01 1.30378011e+00 -1.04958519e+00 9.48808246e-02
2.91182255e-04 -3.51224775e-01 1.30747500e+00 -1.03231206e+00 8.55555761e-02
3.03298967e-04 -3.73145334e-01 1.31095006e+00 -1.00635873e+00 7.79213793e-02
3.15817014e-04 -3.94821448e-01 1.31395860e+00 -9.81876953e-01 7.24672891e-02
3.28748185e-04 -4.08930819e-01 1.31632436e+00 -9.65819727e-01 6.78448650e-02
3.42104546e-04 -4.15841453e-01 1.31809470e+00 -9.55711917e-01 6.26245929e-02
3.55898509e-04 -4.22644749e-01 1.31930882e+00 -9.43551595e-01 5.68988012e-02
3.70142879e-04 -4.36334556e-01 1.32024449e+00 -9.25668384e-01 5.17652088e-02
3.84850883e-04 -4.56252476e-01 1.32161612e+00 -9.03383681e-01 4.75229402e-02
4.00036251e-04 -4.77081837e-01 1.32395755e+00 -8.81141479e-01 4.41243695e-02
4.15713247e-04 -4.92589539e-01 1.32659253e+00 -8.66244689e-01 4.21004399e-02
4.31896599e-04 -4.99300554e-01 1.32848632e+00 -8.62043690e-01 4.10871568e-02
4.48601578e-04 -5.00553338e-01 1.32955637e+00 -8.60640620e-01 3.94028507e-02
4.65844333e-04 -5.03936561e-01 1.33026490e+00 -8.55035577e-01 3.61371748e-02
4.83641815e-04 -5.15805933e-01 1.33129152e+00 -8.40932965e-01 3.21784081e-02
5.02010794e-04 -5.33323632e-01 1.33304271e+00 -8.21460637e-01 2.94168859e-02
5.20966748e-04 -5.43928210e-01 1.33477506e+00 -8.12966953e-01 2.86140974e-02
5.40523821e-04 -5.43256389e-01 1.33617584e+00 -8.17252009e-01 2.78546258e-02
5.60695715e-04 -5.42940586e-01 1.33776119e+00 -8.15611946e-01 2.53657783e-02
5.81496328e-04 -5.49844822e-01 1.33962222e+00 -8.06254536e-01 2.24161227e-02
6.02939655e-04 -5.56685794e-01 1.34129057e+00 -8.01297777e-01 2.06413237e-02
6.25039548e-04 -5.61895688e-01 1.34204594e+00 -7.96736158e-01 1.94374636e-02
6.47809739e-04 -5.72018600e-01 1.34201669e+00 -7.83746537e-01 1.79085094e-02
6.71263918e-04 -5.85382910e-01 1.34211653e+00 -7.68830185e-01 1.62813150e-02
6.95415652e-04 -6.00160191e-01 1.34240916e+00 -7.53723773e-01 1.46971649e-02
7.20278245e-04 -6.19062654e-01 1.34284467e+00 -7.31542031e-01 1.31106650e-02
7.45864669e-04 -6.34694090e-01 1.34357664e+00 -7.14229899e-01 1.19730921e-02
7.72187627e-04 -6.41770707e-01 1.34404601e+00 -7.08207441e-01 1.13386782e-02
7.99259593e-04 -6.51499434e-01 1.34363899e+00 -6.97182385e-01 1.05403408e-02
8.27092608e-04 -6.66785851e-01 1.34246461e+00 -6.78563335e-01 9.45704226e-03
8.55698245e-04 -6.72460282e-01 1.34158476e+00 -6.72586053e-01 8.64162136e-03
8.85088052e-04 -6.66137218e-01 1.34170250e+00 -6.80089594e-01 8.35771139e-03
9.15273147e-04 -6.63823548e-01 1.34230170e+00 -6.82827567e-01 8.50570092e-03
9.46262664e-04 -6.68944051e-01 1.34295722e+00 -6.80958031e-01 8.76972881e-03
9.78063595e-04 -6.69209364e-01 1.34460227e+00 -6.83583954e-01 8.62955247e-03
1.01068168e-03 -6.60509502e-01 1.34714071e+00 -6.93920851e-01 7.86700128e-03
1.04412018e-03 -6.49850525e-01 1.34923137e+00 -7.09206737e-01 6.64549424e-03
1.07838008e-03 -6.47003910e-01 1.35036388e+00 -7.11442255e-01 5.42699842e-03
1.11346423e-03 -6.59094807e-01 1.35168337e+00 -6.96115155e-01 4.97063535e-03
1.14937451e-03 -6.77306044e-01 1.35444896e+00 -6.84395258e-01 5.12280654e-03
1.18610400e-03 -6.82833256e-01 1.35656320e+00 -6.81793170e-01 4.66350331e-03
1.22364730e-03 -6.76010777e-01 1.35680381e+00 -6.83214767e-01 3.48714073e-03
1.26201418e-03 -6.73602066e-01 1.35579413e+00 -6.82070284e-01 2.81456692e-03
1.30120432e-03 -6.78293394e-01 1.35419238e+00 -6.79139086e-01 2.87633999e-03
1.34118513e-03 -6.81491917e-01 1.35284984e+00 -6.78831261e-01 2.65321535e-03
1.38194783e-03 -6.87338511e-01 1.35272049e+00 -6.66346803e-01 2.02686799e-03
1.42354817e-03 -6.99791366e-01 1.35348429e+00 -6.48767860e-01 2.21451441e-03
1.46597944e-03 -7.06322179e-01 1.35441421e+00 -6.50123919e-01 3.41155062e-03
1.50901123e-03 -7.06368114e-01 1.35464198e+00 -6.64185225e-01 3.94093367e-03
1.55227896e-03 -7.20149510e-01 1.35360722e+00 -6.40434940e-01 2.90857116e-03
1.59555516e-03 -7.54024045e-01 1.35220424e+00 -5.99625439e-01 1.76142510e-03
1.63883947e-03 -7.96611595e-01 1.35288559e+00 -5.63706729e-01 1.61902031e-03
1.68219576e-03 -8.40156540e-01 1.35490851e+00 -5.13296078e-01 1.39686062e-03
1.72562221e-03 -8.67465982e-01 1.35552455e+00 -4.97349424e-01 5.97244732e-04
1.76909065e-03 -8.68226930e-01 1.35528792e+00 -4.98860000e-01 -6.26697522e-05
1.81260353e-03 -8.67083193e-01 1.35485122e+00 -4.92235594e-01 -3.36181231e-04
1.85617278e-03 -8.82654256e-01 1.35449089e+00 -4.76731603e-01 2.26120361e-04
1.89979463e-03 -8.99450004e-01 1.35453732e+00 -4.61376501e-01 1.38394569e-03
1.94346300e-03 -8.98458189e-01 1.35415136e+00 -4.63732200e-01 1.74871996e-03
1.98717937e-03 -8.88557125e-01 1.35261863e+00 -4.66938645e-01 9.38249985e-04
2.03094463e-03 -8.90590351e-01 1.35139344e+00 -4.62779955e-01 2.22254951e-04
2.07475636e-03 -9.04800270e-01 1.35070972e+00 -4.51019026e-01 6.31575985e-04
2.11861327e-03 -9.15225053e-01 1.34902156e+00 -4.44874809e-01 1.38230114e-03
2.16251521e-03 -9.22337871e-01 1.34772887e+00 -4.36531699e-01 1.14853619e-03
2.20646130e-03 -9.44138651e-01 1.34769704e+00 -4.08205444e-01 1.47409232e-04
2.25045068e-03 -9.79134318e-01 1.34836931e+00 -3.76758359e-01 -4.32314368e-04
2.29448317e-03 -1.00190975e+00 1.34855516e+00 -3.60007325e-01 -4.50934719e-04
2.33855854e-03 -1.00350785e+00 1.34800034e+00 -3.55359277e-01 -4.39213995e-04
2.38267636e-03 -9.99965170e-01 1.34718189e+00 -3.58141025e-01 -3.22337291e-04
2.42683629e-03 -1.00086470e+00 1.34610473e+00 -3.63001030e-01 -1.54580721e-04
2.47103803e-03 -1.00576535e+00 1.34517890e+00 -3.58724621e-01 -4.76703574e-04
2.51528123e-03 -1.02150940e+00 1.34516423e+00 -3.37776119e-01 -1.03810927e-03
2.55956554e-03 -1.05278759e+00 1.34529402e+00 -3.10049825e-01 -1.03231474e-03
2.60389062e-03 -1.09038803e+00 1.34451921e+00 -2.76183113e-01 -5.37637183e-04
2.64825614e-03 -1.11868917e+00 1.34385146e+00 -2.42572535e-01 3.82091984e-05
2.69266173e-03 -1.12563701e+00 1.34451556e+00 -2.35947672e-01 7.98081564e-04
2.73710705e-03 -1.11897998e+00 1.34598601e+00 -2.47211286e-01 1.42713979e-03
2.78159174e-03 -1.12555588e+00 1.34688578e+00 -2.36893161e-01 1.21853476e-03
2.82611545e-03 -1.15253726e+00 1.34751572e+00 -2.06448432e-01 3.63029288e-04
2.87067782e-03 -1.17691866e+00 1.34710193e+00 -1.82489010e-01 -2.97944500e-04
2.91527849e-03 -1.18627023e+00 1.34542276e+00 -1.71415264e-01 -3.89964312e-04
2.95991710e-03 -1.19187219e+00 1.34465537e+00 -1.63747669e-01 -1.10540029e-04
3.00459330e-03 -1.20317890e+00 1.34543211e+00 -1.54184778e-01 1.29966721e-04
3.04930672e-03 -1.21943848e+00 1.34623655e+00 -1.39819289e-01 4.27618319e-05
3.09405700e-03 -1.23577822e+00 1.34658362e+00 -1.22421981e-01 -6.77597960e-05
3.13884379e-03 -1.24434588e+00 1.34696336e+00 -1.15408837e-01 3.85614472e-04
3.18366675e-03 -1.24372592e+00 1.34701979e+00 -1.21604801e-01 1.14222746e-03
3.22852555e-03 -1.24856207e+00 1.34641698e+00 -1.16480343e-01 1.24149647e-03
3.27341985e-03 -1.27309748e+00 1.34524479e+00 -8.74350557e-02 5.40898923e-04
3.31834932e-03 -1.30660547e+00 1.34450389e+00 -5.16282985e-02 -7.25351666e-05
3.36331360e-03 -1.32214482e+00 1.34412519e+00 -3.78884457e-02 -1.52553686e-04
3.40831236e-03 -1.31043355e+00 1.34370721e+00 -5.18684346e-02 -2.46222693e-04
3.45334526e-03 -1.29208131e+00 1.34442969e+00 -6.54323444e-02 -5.70776553e-04
3.49841195e-03 -1.29050207e+00 1.34613507e+00 -6.87113360e-02 -5.03376917e-04
3.54351208e-03 -1.30465561e+00 1.34795622e+00 -6.29928107e-02 2.66872480e-06
3.58864532e-03 -1.32164437e+00 1.34883925e+00 -4.31437739e-02 3.05409495e-04
3.63381132e-03 -1.34097941e+00 1.34793469e+00 -2.13100345e-02 3.16007225e-04
3.67900972e-03 -1.36583759e+00 1.34597471e+00 1.25379309e-03 1.72096413e-04
3.72424017e-03 -1.38368332e+00 1.34445726e+00 2.35947055e-02 -1.87883589e-04
3.76950233e-03 -1.37853588e+00 1.34418191e+00 2.13039019e-02 -4.57167903e-04
3.81479584e-03 -1.35683642e+00 1.34449253e+00 -1.47199069e-03 -3.00874454e-04
3.86012035e-03 -1.34403308e+00 1.34425901e+00 -1.27180815e-02 8.70776868e-05
3.90547550e-03 -1.35642879e+00 1.34375307e+00 -2.55783659e-04 3.38569217e-04
3.95086095e-03 -1.38555850e+00 1.34415671e+00 2.85639869e-02 3.03798712e-04
3.99627632e-03 -1.40925931e+00 1.34477995e+00 5.37963204e-02 1.34318645e-04
4.04172127e-03 -1.41427350e+00 1.34479341e+00 5.95514547e-02 6.42875148e-05
4.08719543e-03 -1.41155041e+00 1.34438526e+00 5.79522533e-02 8.64869614e-05
4.13269846e-03 -1.42186477e+00 1.34349465e+00 6.98182721e-02 8.69278463e-05
4.17822998e-03 -1.44151594e+00 1.34267227e+00 9.09094657e-02 2.04106721e-04
4.22378963e-03 -1.44693683e+00 1.34140185e+00 9.83453626e-02 6.91138090e-04
4.26937706e-03 -1.43359231e+00 1.33980572e+00 8.43772470e-02 1.28181798e-03
4.31499190e-03 -1.42171337e+00 1.33802668e+00 7.50858440e-02 1.18934128e-03
4.36063380e-03 -1.43117081e+00 1.33705093e+00 8.89789407e-02 1.75507378e-04
4.40630237e-03 -1.46342925e+00 1.33751091e+00 1.26099991e-01 -8.47171385e-04
4.45199727e-03 -1.49890632e+00 1.33817552e+00 1.63037702e-01 -8.49368614e-04
4.49771813e-03 -1.51869956e+00 1.33799193e+00 1.79272186e-01 -1.24462675e-04
4.54346458e-03 -1.52763173e+00 1.33758261e+00 1.91481298e-01 2.11155761e-04
4.58923625e-03 -1.53881059e+00 1.33703752e+00 2.09250658e-01 2.77144207e-05
4.63503278e-03 -1.54948818e+00 1.33721965e+00 2.18315064e-01 7.32533593e-05
4.68085380e-03 -1.55221861e+00 1.33888998e+00 2.16678302e-01 4.48710873e-04
4.72669894e-03 -1.55234665e+00 1.33957721e+00 2.17211238e-01 6.40078907e-04
4.77256782e-03 -1.55998449e+00 1.33794719e+00 2.28140761e-01 5.07005554e-04
4.81846008e-03 -1.57799287e+00 1.33580299e+00 2.49791865e-01 3.25705420e-04
4.86437535e-03 -1.60205050e+00 1.33449497e+00 2.77774110e-01 3.09199806e-04
4.91031325e-03 -1.62657472e+00 1.33378914e+00 3.04849926e-01 4.18709550e-04
4.95627342e-03 -1.64820668e+00 1.33264629e+00 3.28773755e-01 5.09560347e-04
5.00225546e-03 -1.66196853e+00 1.33106283e+00 3.47468011e-01 6.95495418e-04
5.04825902e-03 -1.66216618e+00 1.32988654e+00 3.48470906e-01 1.15672503e-03
5.09428372e-03 -1.65595598e+00 1.33073139e+00 3.36189277e-01 1.36482828e-03
5.14032917e-03 -1.66372931e+00 1.33310194e+00 3.42827967e-01 5.89352491e-04
5.18639501e-03 -1.69290387e+00 1.33395579e+00 3.77240232e-01 -5.83071027e-04
5.23248085e-03 -1.72608895e+00 1.33253334e+00 4.12112405e-01 -7.64935616e-04
5.27858633e-03 -1.74610315e+00 1.33157469e+00 4.29529990e-01 8.93798119e-05
5.32471104e-03 -1.75495671e+00 1.33174547e+00 4.38269807e-01 5.78967095e-04
5.37085463e-03 -1.76338019e+00 1.33182676e+00 4.50782126e-01 -3.69584277e-05
5.41701671e-03 -1.77811204e+00 1.33148781e+00 4.70159907e-01 -8.10529926e-04
5.46319689e-03 -1.79921911e+00 1.33100786e+00 4.91258725e-01 -5.11568232e-04
5.50939480e-03 -1.82085458e+00 1.33097097e+00 5.07271053e-01 6.08446732e-04
5.55561006e-03 -1.83759713e+00 1.33137685e+00 5.21821616e-01 1.21634861e-03
5.60184228e-03 -1.84868284e+00 1.33153063e+00 5.36168733e-01 8.23858223e-04
5.64809107e-03 -1.85069692e+00 1.33100368e+00 5.39159261e-01 2.21752014e-04
5.69435607e-03 -1.84100562e+00 1.33011990e+00 5.27742551e-01 3.33888654e-05
5.74063687e-03 -1.83215106e+00 1.32928739e+00 5.18809131e-01 3.10544681e-05
5.78693310e-03 -1.83525430e+00 1.32904265e+00 5.25498298e-01 3.63999940e-05
5.83324437e-03 -1.83842236e+00 1.32937552e+00 5.28857760e-01 3.38817669e-04
5.87957029e-03 -1.83374967e+00 1.32952705e+00 5.19046298e-01 8.20773591e-04
5.92591049e-03 -1.84012432e+00 1.32876573e+00 5.26288581e-01 8.44265912e-04
5.97226457e-03 -1.87055874e+00 1.32695997e+00 5.62487267e-01 4.09024362e-04
6.01863214e-03 -1.90608240e+00 1.32534088e+00 5.99439238e-01 1.85042231e-04
6.06501282e-03 -1.92419783e+00 1.32424957e+00 6.14783169e-01 3.05197246e-04
6.11140622e-03 -1.93026929e+00 1.32393985e+00 6.21164780e-01 3.24488979e-04
6.15781195e-03 -1.94181841e+00 1.32353637e+00 6.33017682e-01 1.97296264e-04
6.20422963e-03 -1.96283723e+00 1.32308728e+00 6.52804460e-01 2.99813163e-04
6.25065885e-03 -1.99170289e+00 1.32196955e+00 6.77015814e-01 6.53395105e-04
6.29709925e-03 -2.02842786e+00 1.32023801e+00 7.14556125e-01 9.42187006e-04
6.34355041e-03 -2.06094197e+00 1.31969420e+00 7.47335944e-01 1.09171985e-03
6.39001196e-03 -2.07282761e+00 1.31958252e+00 7.54822212e-01 1.10903170e-03
6.43648350e-03 -2.06764821e+00 1.31990614e+00 7.52740837e-01 8.92066455e-04
6.48296464e-03 -2.06048641e+00 1.32008345e+00 7.41740842e-01 6.53020994e-04
6.52945499e-03 -2.05394478e+00 1.31961716e+00 7.34440882e-01 6.85952495e-04
6.57595416e-03 -2.04295662e+00 1.31846976e+00 7.23282723e-01 8.96212876e-04
6.62246175e-03 -2.03218350e+00 1.31791164e+00 7.12966244e-01 1.11774634e-03
6.66897738e-03 -2.03411263e+00 1.31721465e+00 7.17150583e-01 1.34662836e-03
6.71550065e-03 -2.05422459e+00 1.31633270e+00 7.33660777e-01 1.44720657e-03
6.76203117e-03 -2.08479786e+00 1.31608457e+00 7.64277674e-01 1.16164090e-03
6.80856854e-03 -2.11002431e+00 1.31589896e+00 7.91171335e-01 7.18389957e-04
6.85511238e-03 -2.11815261e+00 1.31570144e+00 7.97720389e-01 6.29732524e-04
6.90166228e-03 -2.11188601e+00 1.31552746e+00 7.88290906e-01 7.86603348e-04
6.94821786e-03 -2.10389147e+00 1.31552672e+00 7.81120262e-01 7.31364972e-04
6.99477871e-03 -2.10360076e+00 1.31490870e+00 7.82088439e-01 5.52721063e-04
7.04134446e-03 -2.11311330e+00 1.31425825e+00 7.90891506e-01 7.08699217e-04
7.08791469e-03 -2.12935863e+00 1.31376735e+00 8.05227852e-01 1.22155998e-03
7.13448903e-03 -2.14345143e+00 1.31345997e+00 8.17706886e-01 1.59340128e-03
7.18106706e-03 -2.14690657e+00 1.31412593e+00 8.22508263e-01 1.52058785e-03
7.22764841e-03 -2.14233151e+00 1.31537474e+00 8.19144984e-01 1.28871871e-03
7.27423266e-03 -2.13999279e+00 1.31569265e+00 8.16553847e-01 1.21600431e-03
7.32081944e-03 -2.14595243e+00 1.31488739e+00 8.23721553e-01 1.18456044e-03
7.36740834e-03 -2.15883977e+00 1.31367683e+00 8.40197609e-01 1.06634489e-03
7.41399897e-03 -2.17216509e+00 1.31273141e+00 8.55597208e-01 1.05621030e-03
7.46059093e-03 -2.17832832e+00 1.31224797e+00 8.60425630e-01 1.26252216e-03
7.50718383e-03 -2.17557531e+00 1.31194314e+00 8.57858290e-01 1.48050027e-03
7.55377727e-03 -2.16765106e+00 1.31162195e+00 8.50665243e-01 1.52915311e-03
7.60037086e-03 -2.15823477e+00 1.31118642e+00 8.40518990e-01 1.41096968e-03
7.64696420e-03 -2.15301522e+00 1.31097618e+00 8.35764948e-01 1.25643603e-03
7.69355690e-03 -2.15708388e+00 1.31116355e+00 8.39468149e-01 1.27535084e-03
7.74014856e-03 -2.16438156e+00 1.31163627e+00 8.44459999e-01 1.49483368e-03
7.78673878e-03 -2.16492461e+00 1.31183869e+00 8.45391915e-01 1.70971733e-03
7.83332718e-03 -2.16011631e+00 1.31153222e+00 8.41877477e-01 1.83224192e-03
7.87991336e-03 -2.15555947e+00 1.31109126e+00 8.37240995e-01 1.94400349e-03
7.92649691e-03 -2.15018806e+00 1.31069523e+00 8.31407490e-01 2.04639778e-03
7.97307746e-03 -2.14475936e+00 1.31053733e+00 8.25182384e-01 2.04399807e-03
8.01965459e-03 -2.14618513e+00 1.31068213e+00 8.26031553e-01 1.92926186e-03
8.06622792e-03 -2.15401649e+00 1.31044977e+00 8.33724432e-01 1.85748402e-03
8.11279706e-03 -2.15577924e+00 1.30993493e+00 8.35294384e-01 1.96917409e-03
8.15936160e-03 -2.14348538e+00 1.30969118e+00 8.22134948e-01 2.16527278e-03
8.20592115e-03 -2.12516280e+00 1.30958833e+00 8.04624497e-01 2.24567611e-03
8.25247533e-03 -2.11286159e+00 1.30974846e+00 7.94015415e-01 2.23710704e-03
8.29902373e-03 -2.10634631e+00 1.31043163e+00 7.84804887e-01 2.25628891e-03
8.34556597e-03 -2.09777070e+00 1.31115133e+00 7.73855690e-01 2.23893186e-03
8.39210164e-03 -2.08581353e+00 1.31126267e+00 7.63044973e-01 2.19324964e-03
8.43863036e-03 -2.07335431e+00 1.31083743e+00 7.49447000e-01 2.27755866e-03
8.48515173e-03 -2.05867692e+00 1.31033282e+00 7.33971466e-01 2.46341486e-03
8.53166536e-03 -2.03945694e+00 1.30980936e+00 7.16538062e-01 2.62252328e-03
8.57817085e-03 -2.01923770e+00 1.30905818e+00 6.96320914e-01 2.69828087e-03
8.62466782e-03 -2.00535206e+00 1.30845180e+00 6.82648192e-01 2.59310904e-03
8.67115588e-03 -2.00136965e+00 1.30849831e+00 6.80967232e-01 2.35976604e-03
8.71763462e-03 -1.99999258e+00 1.30908779e+00 6.79231222e-01 2.28062981e-03
8.76410367e-03 -1.98838225e+00 1.30971397e+00 6.65040315e-01 2.40694235e-03
8.81056262e-03 -1.96416177e+00 1.31015359e+00 6.40960032e-01 2.50734852e-03
8.85701109e-03 -1.93727398e+00 1.31048241e+00 6.14607548e-01 2.52796387e-03
8.90344869e-03 -1.91484307e+00 1.31054187e+00 5.91469053e-01 2.59243533e-03
8.94987503e-03 -1.89445379e+00 1.31041718e+00 5.70815773e-01 2.68751299e-03
8.99628972e-03 -1.87261183e+00 1.31035660e+00 5.49466429e-01 2.69524967e-03
9.04269236e-03 -1.85180850e+00 1.31044008e+00 5.29282711e-01 2.59542013e-03
9.08908257e-03 -1.83668144e+00 1.31077699e+00 5.13714662e-01 2.47000120e-03
9.13545997e-03 -1.82653740e+00 1.31128103e+00 5.02739720e-01 2.38441524e-03
9.18182416e-03 -1.81562831e+00 1.31156577e+00 4.91470397e-01 2.34080288e-03
9.22817475e-03 -1.80044314e+00 1.31172624e+00 4.76280656e-01 2.30303810e-03
9.27451137e-03 -1.78259344e+00 1.31199452e+00 4.58291576e-01 2.23106995e-03
9.32083362e-03 -1.76515666e+00 1.31215035e+00 4.40489336e-01 2.12943195e-03
9.36714111e-03 -1.74975883e+00 1.31216039e+00 4.25055931e-01 2.07658190e-03
9.41343347e-03 -1.73541091e+00 1.31252251e+00 4.09510484e-01 2.12972392e-03
9.45971030e-03 -1.71971848e+00 1.31326318e+00 3.92035580e-01 2.20591587e-03
9.50597122e-03 -1.70254837e+00 1.31399037e+00 3.74411256e-01 2.20042038e-03
9.55221585e-03 -1.68501095e+00 1.31453175e+00 3.56766374e-01 2.15498783e-03
9.59844380e-03 -1.66621522e+00 1.31480073e+00 3.37130466e-01 2.12360385e-03
9.64465470e-03 -1.64573067e+00 1.31504015e+00 3.16229105e-01 2.01789764e-03
9.69084815e-03 -1.62563188e+00 1.31550285e+00 2.96730337e-01 1.77531322e-03
9.73702378e-03 -1.60746757e+00 1.31605403e+00 2.78878503e-01 1.50947085e-03
9.78318120e-03 -1.59171493e+00 1.31656398e+00 2.62771069e-01 1.35437249e-03
9.82932004e-03 -1.58006719e+00 1.31704680e+00 2.51170069e-01 1.32264056e-03
9.87543992e-03 -1.57280133e+00 1.31749095e+00 2.44266090e-01 1.36774475e-03
9.92154045e-03 -1.56526688e+00 1.31794547e+00 2.36093400e-01 1.41185500e-03
9.96762126e-03 -1.55322098e+00 1.31838317e+00 2.23272167e-01 1.33748451e-03
1.00136820e-02 -1.53943180e+00 1.31872758e+00 2.09612588e-01 1.12922332e-03
1.00597222e-02 -1.52891382e+00 1.31903259e+00 1.99151996e-01 9.53204784e-04
1.01057416e-02 -1.52067732e+00 1.31936051e+00 1.90732805e-01 9.63107819e-04
1.01517397e-02 -1.50962479e+00 1.31970058e+00 1.79434697e-01 1.10201259e-03
1.01977163e-02 -1.49475837e+00 1.32005708e+00 1.64437825e-01 1.17356339e-03
1.02436708e-02 -1.48084171e+00 1.32043147e+00 1.50932096e-01 1.07966415e-03
1.02896030e-02 -1.47170132e+00 1.32083282e+00 1.41900073e-01 9.16096527e-04
1.03355125e-02 -1.46615522e+00 1.32128570e+00 1.35671816e-01 8.10053590e-04
1.03813989e-02 -1.46122893e+00 1.32173025e+00 1.29980933e-01 7.69066441e-04
1.04272618e-02 -1.45510944e+00 1.32208742e+00 1.23424145e-01 7.42982773e-04
1.04731008e-02 -1.44670023e+00 1.32242311e+00 1.14472501e-01 7.19555347e-04
1.05189157e-02 -1.43582000e+00 1.32273998e+00 1.02996977e-01 6.99088150e-04
1.05647060e-02 -1.42419263e+00 1.32299351e+00 9.14053924e-02 6.63705323e-04
1.06104713e-02 -1.41448568e+00 1.32320249e+00 8.20498620e-02 6.08647899e-04
1.06562113e-02 -1.40815759e+00 1.32344483e+00 7.56030121e-02 5.45324798e-04
1.07019256e-02 -1.40466103e+00 1.32375771e+00 7.17085060e-02 4.80836215e-04
1.07476139e-02 -1.40229135e+00 1.32410438e+00 6.89606278e-02 4.32636469e-04
1.07932758e-02 -1.39953244e+00 1.32439406e+00 6.58050227e-02 4.21243479e-04
1.08389109e-02 -1.39597528e+00 1.32458855e+00 6.18217876e-02 4.27169229e-04
1.08845188e-02 -1.39213340e+00 1.32472463e+00 5.78008311e-02 4.10756082e-04
1.09300993e-02 -1.38835009e+00 1.32485343e+00 5.40039777e-02 3.77644103e-04
1.09756518e-02 -1.38414925e+00 1.32499089e+00 4.95134621e-02 3.59180170e-04
1.10211762e-02 -1.37937203e+00 1.32511216e+00 4.43219355e-02 3.39606106e-04
1.10666720e-02 -1.37529678e+00 1.32528685e+00 4.02372686e-02 2.87229495e-04
1.11121388e-02 -1.37297259e+00 1.32556314e+00 3.77589038e-02 2.31087536e-04
1.11575763e-02 -1.37162754e+00 1.32582565e+00 3.55942036e-02 2.14912487e-04
1.12029842e-02 -1.37027434e+00 1.32598525e+00 3.33204711e-02 2.11721114e-04
1.12483621e-02 -1.36911695e+00 1.32607745e+00 3.15764594e-02 1.80766273e-04
1.12937096e-02 -1.36815151e+00 1.32617002e+00 3.03568934e-02 1.55923540e-04
1.13390263e-02 -1.36618400e+00 1.32628237e+00 2.80521256e-02 1.68683161e-04
1.13843120e-02 -1.36281881e+00 1.32643661e+00 2.43354755e-02 1.77372154e-04
1.14295663e-02 -1.35955051e+00 1.32660368e+00 2.10167820e-02 1.48012514e-04
1.14747888e-02 -1.35768976e+00 1.32675893e+00 1.90566140e-02 1.07201604e-04
1.15199791e-02 -1.35687241e+00 1.32691444e+00 1.80148375e-02 8.93148911e-05
1.15651370e-02 -1.35595153e+00 1.32706844e+00 1.69064030e-02 9.13746252e-05
1.16102621e-02 -1.35419533e+00 1.32720569e+00 1.50463322e-02 9.69196417e-05
1.16553540e-02 -1.35156257e+00 1.32731988e+00 1.23805594e-02 1.00497111e-04
1.17004124e-02 -1.34870437e+00 1.32744639e+00 9.64043532e-03 9.61647002e-05
1.17454369e-02 -1.34664423e+00 1.32758646e+00 7.80121258e-03 7.97508378e-05
1.17904272e-02 -1.34590477e+00 1.32772293e+00 7.15300257e-03 6.21483219e-05
1.18353830e-02 -1.34599643e+00 1.32783253e+00 7.21381252e-03 5.51252785e-05
1.18803039e-02 -1.34599283e+00 1.32790743e+00 7.23937467e-03 5.23009681e-05
1.19251895e-02 -1.34543996e+00 1.32796163e+00 6.86040603e-03 4.32533598e-05
1.19700396e-02 -1.34445686e+00 1.32801785e+00 6.03651580e-03 3.36152779e-05
1.20148538e-02 -1.34328938e+00 1.32808493e+00 4.87836593e-03 3.17503643e-05
1.20596317e-02 -1.34227064e+00 1.32815950e+00 3.87752544e-03 3.01623703e-05
1.21043731e-02 -1.34187331e+00 1.32823679e+00 3.56903658e-03 2.01077973e-05
1.21490775e-02 -1.34221907e+00 1.32829471e+00 3.95840398e-03 9.63404070e-06
1.21937448e-02 -1.34271682e+00 1.32832867e+00 4.41466153e-03 1.05122299e-05
1.22383744e-02 -1.34264220e+00 1.32834984e+00 4.26545858e-03 1.87791951e-05
1.22829661e-02 -1.34199711e+00 1.32836993e+00 3.59961125e-03 2.12409610e-05
1.23275196e-02 -1.34139023e+00 1.32838892e+00 3.03026839e-03 1.54214657e-05
1.23720345e-02 -1.34114339e+00 1.32839829e+00 2.77606283e-03 9.92229678e-06
1.24165106e-02 -1.34102973e+00 1.32839567e+00 2.63128708e-03 7.71527540e-06
1.24609474e-02 -1.34086332e+00 1.32838923e+00 2.48395374e-03 4.26633026e-06
1.25053447e-02 -1.34076573e+00 1.32838873e+00 2.42270171e-03 -1.41387117e-07
1.25497021e-02 -1.34078568e+00 1.32839239e+00 2.42707673e-03 -5.96350459e-07
1.25940193e-02 -1.34074033e+00 1.32839452e+00 2.36038835e-03 3.02749193e-06
1.26382960e-02 -1.34051164e+00 1.32839805e+00 2.13924072e-03 7.05622789e-06
1.26825319e-02 -1.34017553e+00 1.32840659e+00 1.79207059e-03 9.65874409e-06
1.27267266e-02 -1.33984403e+00 1.32841436e+00 1.44425072e-03 9.94248447e-06
1.27708799e-02 -1.33957739e+00 1.32841565e+00 1.18079394e-03 6.99830356e-06
1.28149914e-02 -1.33940742e+00 1.32840925e+00 1.02262403e-03 2.02315597e-06
1.28590608e-02 -1.33933587e+00 1.32839930e+00 9.68258419e-04 -1.90098529e-06
1.29030878e-02 -1.33931413e+00 1.32838670e+00 9.57248051e-04 -2.79575373e-06
1.29470720e-02 -1.33928523e+00 1.32837147e+00 9.33460769e-04 -1.96864487e-06
1.29910133e-02 -1.33925400e+00 1.32835632e+00 9.16717587e-04 -2.23467957e-06
1.30349112e-02 -1.33926413e+00 1.32834204e+00 9.44927846e-04 -4.11556469e-06
1.30787655e-02 -1.33931376e+00 1.32832512e+00 1.01093637e-03 -5.44292088e-06
1.31225758e-02 -1.33934542e+00 1.32830408e+00 1.05835949e-03 -4.35597072e-06
1.31663418e-02 -1.33931379e+00 1.32828044e+00 1.04139215e-03 -1.43515221e-06
1.32100633e-02 -1.33922775e+00 1.32825404e+00 9.73982764e-04 1.05370981e-06
1.32537399e-02 -1.33912654e+00 1.32822474e+00 9.00191723e-04 1.56796853e-06
1.32973714e-02 -1.33903996e+00 1.32819365e+00 8.43715507e-04 5.23043041e-07
1.33409574e-02 -1.33897783e+00 1.32816156e+00 8.07941976e-04 -8.94097493e-07
1.33844977e-02 -1.33894203e+00 1.32812919e+00 7.99627646e-04 -2.04851133e-06
1.34279919e-02 -1.33892813e+00 1.32809782e+00 8.15930831e-04 -2.54628814e-06
1.34714397e-02 -1.33891553e+00 1.32806795e+00 8.27844448e-04 -2.06599039e-06
1.35148409e-02 -1.33887983e+00 1.32803821e+00 8.11330920e-04 -1.19207070e-06
1.35581952e-02 -1.33882212e+00 1.32800688e+00 7.79417388e-04 -9.68028078e-07
1.36015022e-02 -1.33876509e+00 1.32797428e+00 7.54307903e-04 -1.22479490e-06
1.36447618e-02 -1.33871755e+00 1.32794174e+00 7.32337554e-04 -9.27176135e-07
1.36879735e-02 -1.33866698e+00 1.32790904e+00 7.03329378e-04 -1.27469231e-07
1.37311371e-02 -1.33860782e+00 1.32787512e+00 6.72641854e-04 1.44922591e-07
1.37742524e-02 -1.33855064e+00 1.32783992e+00 6.47730384e-04 -3.68647229e-07
1.38173190e-02 -1.33850118e+00 1.32780375e+00 6.27904545e-04 -1.06038649e-06
1.38603367e-02 -1.33845260e+00 1.32776683e+00 6.08133431e-04 -1.66263058e-06
1.39033051e-02 -1.33840046e+00 1.32772930e+00 5.87903221e-04 -2.31455430e-06
1.39462240e-02 -1.33834964e+00 1.32769131e+00 5.70307740e-04 -2.80347194e-06
1.39890932e-02 -1.33830502e+00 1.32765293e+00 5.56335713e-04 -2.70819934e-06
1.40319123e-02 -1.33826552e+00 1.32761411e+00 5.46951191e-04 -2.10874379e-06
1.40746811e-02 -1.33822863e+00 1.32757479e+00 5.41577156e-04 -1.52712653e-06
1.41173993e-02 -1.33819337e+00 1.32753498e+00 5.38595483e-04 -1.28940447e-06
1.41600666e-02 -1.33815710e+00 1.32749468e+00 5.35733014e-04 -1.23390004e-06
1.42026826e-02 -1.33811453e+00 1.32745388e+00 5.26687341e-04 -1.02128564e-06
1.42452476e-02 -1.33806351e+00 1.32741271e+00 5.07381179e-04 -7.14299665e-07
1.42877608e-02 -1.33801008e+00 1.32737130e+00 4.86235912e-04 -7.96118197e-07
1.43302214e-02 -1.33796315e+00 1.32732963e+00 4.75356014e-04 -1.35032961e-06
1.43726303e-02 -1.33792323e+00 1.32728779e+00 4.70866921e-04 -1.74031674e-06
1.44149882e-02 -1.33788221e+00 1.32724603e+00 4.61255811e-04 -1.55096567e-06
1.44572914e-02 -1.33783563e+00 1.32720406e+00 4.46739520e-04 -1.20771155e-06
1.44995391e-02 -1.33778836e+00 1.32716143e+00 4.34572789e-04 -1.25097373e-06
1.45417382e-02 -1.33774658e+00 1.32711835e+00 4.28709933e-04 -1.60341562e-06
1.45838890e-02 -1.33771029e+00 1.32707556e+00 4.26626264e-04 -1.82442970e-06
1.46259743e-02 -1.33767482e+00 1.32703298e+00 4.23466163e-04 -1.70011957e-06
1.46679939e-02 -1.33763662e+00 1.32698964e+00 4.18829709e-04 -1.41340812e-06
1.47100074e-02 -1.33759596e+00 1.32694546e+00 4.14258427e-04 -1.22497755e-06
1.47521107e-02 -1.33755454e+00 1.32690127e+00 4.08520130e-04 -1.11544658e-06
1.47943653e-02 -1.33751186e+00 1.32685718e+00 3.99492209e-04 -9.11521952e-07
1.48367731e-02 -1.33746609e+00 1.32681261e+00 3.87549308e-04 -6.75813320e-07
1.48793193e-02 -1.33741814e+00 1.32676761e+00 3.75506985e-04 -6.59816563e-07
1.49220063e-02 -1.33737162e+00 1.32672257e+00 3.65464983e-04 -8.72955735e-07
1.49648435e-02 -1.33732821e+00 1.32667734e+00 3.57301375e-04 -1.03613060e-06
1.50078322e-02 -1.33728600e+00 1.32663149e+00 3.50135104e-04 -1.00668772e-06
1.50509712e-02 -1.33724294e+00 1.32658507e+00 3.43288193e-04 -9.27867268e-07
1.50942635e-02 -1.33719930e+00 1.32653832e+00 3.36513545e-04 -9.26601129e-07
1.51377125e-02 -1.33715597e+00 1.32649120e+00 3.29852092e-04 -9.47913882e-07
1.51813198e-02 -1.33711281e+00 1.32644359e+00 3.23362945e-04 -9.23660759e-07
1.52250870e-02 -1.33706935e+00 1.32639561e+00 3.17067568e-04 -8.84578553e-07
1.52690167e-02 -1.33702570e+00 1.32634729e+00 3.10921234e-04 -8.67989827e-07
1.53131114e-02 -1.33698206e+00 1.32629857e+00 3.04889130e-04 -8.58252455e-07
1.53573731e-02 -1.33693839e+00 1.32624947e+00 2.98983174e-04 -8.37849883e-07
1.54018040e-02 -1.33689456e+00 1.32619999e+00 2.93212371e-04 -8.14666900e-07
1.54464065e-02 -1.33685062e+00 1.32615015e+00 2.87565468e-04 -7.95923477e-07
1.54911831e-02 -1.33680661e+00 1.32609992e+00 2.82033820e-04 -7.78043703e-07
1.55361360e-02 -1.33676249e+00 1.32604931e+00 2.76617528e-04 -7.58453879e-07
1.55812677e-02 -1.33671827e+00 1.32599833e+00 2.71315153e-04 -7.38436171e-07
1.56265805e-02 -1.33667394e+00 1.32594696e+00 2.66122453e-04 -7.18735315e-07
1.56720770e-02 -1.33662950e+00 1.32589521e+00 2.61036423e-04 -6.99167399e-07
1.57177596e-02 -1.33658495e+00 1.32584308e+00 2.56054842e-04 -6.79585890e-07
1.57636310e-02 -1.33654029e+00 1.32579056e+00 2.51175231e-04 -6.60000843e-07
1.58096935e-02 -1.33649551e+00 1.32573767e+00 2.46394744e-04 -6.40170833e-07
1.58559499e-02 -1.33645061e+00 1.32568439e+00 2.41709333e-04 -6.20317743e-07
1.59024027e-02 -1.33640560e+00 1.32563072e+00 2.37118699e-04 -6.00738873e-07
1.59490547e-02 -1.33636046e+00 1.32557667e+00 2.32622892e-04 -5.80936431e-07
1.59959084e-02 -1.33631520e+00 1.32552223e+00 2.28217104e-04 -5.60888732e-07
1.60429667e-02 -1.33626981e+00 1.32546739e+00 2.23897404e-04 -5.40721320e-07
1.60902323e-02 -1.33622428e+00 1.32541217e+00 2.19662825e-04 -5.20617644e-07
1.61377081e-02 -1.33617863e+00 1.32535655e+00 2.15512663e-04 -5.00694871e-07
1.61853967e-02 -1.33613284e+00 1.32530053e+00 2.11444995e-04 -4.80718046e-07
1.62333012e-02 -1.33608691e+00 1.32524412e+00 2.07457147e-04 -4.60589645e-07
1.62814244e-02 -1.33604084e+00 1.32518731e+00 2.03547142e-04 -4.40390866e-07
1.63297694e-02 -1.33599462e+00 1.32513011e+00 1.99713413e-04 -4.20231663e-07
1.63783391e-02 -1.33594825e+00 1.32507251e+00 1.95954385e-04 -4.00062295e-07
1.64271365e-02 -1.33590173e+00 1.32501450e+00 1.92268429e-04 -3.79775698e-07
1.64761647e-02 -1.33585506e+00 1.32495609e+00 1.88653696e-04 -3.59353421e-07
1.65254269e-02 -1.33580823e+00 1.32489727e+00 1.85108631e-04 -3.38880097e-07
1.65749262e-02 -1.33576123e+00 1.32483803e+00 1.81631668e-04 -3.18463417e-07
1.66246659e-02 -1.33571407e+00 1.32477837e+00 1.78221403e-04 -2.98157152e-07
1.66746492e-02 -1.33566673e+00 1.32471828e+00 1.74876504e-04 -2.77923403e-07
1.67248794e-02 -1.33561923e+00 1.32465775e+00 1.71595412e-04 -2.57663961e-07
1.67753599e-02 -1.33557154e+00 1.32459676e+00 1.68376692e-04 -2.37273741e-07
1.68260940e-02 -1.33552368e+00 1.32453532e+00 1.65219183e-04 -2.16652722e-07
1.68770853e-02 -1.33547563e+00 1.32447341e+00 1.62121772e-04 -1.95722167e-07
1.69283372e-02 -1.33542739e+00 1.32441102e+00 1.59083145e-04 -1.74527068e-07
1.69798534e-02 -1.33537896e+00 1.32434816e+00 1.56101740e-04 -1.53356538e-07
1.70316373e-02 -1.33533034e+00 1.32428481e+00 1.53175771e-04 -1.32696781e-07
1.70836926e-02 -1.33528152e+00 1.32422099e+00 1.50303762e-04 -1.12974168e-07
1.71360232e-02 -1.33523250e+00 1.32415669e+00 1.47484458e-04 -9.42251859e-08
1.71886327e-02 -1.33518327e+00 1.32409191e+00 1.44717329e-04 -7.58909666e-08
1.72415249e-02 -1.33513384e+00 1.32402666e+00 1.42002149e-04 -5.69565438e-08
1.72947039e-02 -1.33508421e+00 1.32396095e+00 1.39338882e-04 -3.64179823e-08
1.73481734e-02 -1.33503436e+00 1.32389478e+00 1.36727123e-04 -1.39132077e-08
1.74019376e-02 -1.33498430e+00 1.32382816e+00 1.34165396e-04 9.76616338e-09
1.74560005e-02 -1.33493402e+00 1.32376109e+00 1.31650874e-04 3.26230029e-08
1.75103662e-02 -1.33488351e+00 1.32369357e+00 1.29180038e-04 5.21542364e-08
1.75650390e-02 -1.33483276e+00 1.32362560e+00 1.26750054e-04 6.68468339e-08
1.76200230e-02 -1.33478177e+00 1.32355715e+00 1.24360622e-04 7.79059753e-08
1.76753227e-02 -1.33473054e+00 1.32348823e+00 1.22014986e-04 9.02334243e-08
1.77309424e-02 -1.33467908e+00 1.32341881e+00 1.19719301e-04 1.11703077e-07
1.77868867e-02 -1.33462740e+00 1.32334888e+00 1.17480318e-04 1.50315902e-07
1.78431599e-02 -1.33457551e+00 1.32327841e+00 1.15301646e-04 2.09860039e-07
1.78997669e-02 -1.33452338e+00 1.32320739e+00 1.13179863e-04 2.85689401e-07
1.79567122e-02 -1.33447100e+00 1.32313580e+00 1.11102435e-04 3.62658163e-07
1.80140006e-02 -1.33441831e+00 1.32306363e+00 1.09048799e-04 4.16922729e-07
1.80716370e-02 -1.33436525e+00 1.32299089e+00 1.06995284e-04 4.22137972e-07
1.81296263e-02 -1.33431179e+00 1.32291755e+00 1.04923107e-04 3.58825829e-07
1.81879736e-02 -1.33425790e+00 1.32284362e+00 1.02826406e-04 2.24039039e-07
1.82466838e-02 -1.33420361e+00 1.32276911e+00 1.00717786e-04 3.76656009e-08
1.83057622e-02 -1.33414901e+00 1.32269401e+00 9.86286330e-05 -1.57603045e-07
1.83652141e-02 -1.33409417e+00 1.32261830e+00 9.66036005e-05 -3.03658924e-07
1.84250448e-02 -1.33403921e+00 1.32254200e+00 9.46904907e-05 -3.40179322e-07
1.84852598e-02 -1.33398421e+00 1.32246507e+00 9.29282331e-05 -2.19946463e-07
1.85458645e-02 -1.33392921e+00 1.32238752e+00 9.13365871e-05 7.82652800e-08
1.86068647e-02 -1.33387417e+00 1.32230932e+00 8.99103310e-05 5.43061512e-07
1.86682661e-02 -1.33381902e+00 1.32223046e+00 8.86202249e-05 1.13189296e-06
1.87300745e-02 -1.33376364e+00 1.32215093e+00 8.74188419e-05 1.77991766e-06
1.87922958e-02 -1.33370788e+00 1.32207071e+00 8.62507377e-05 2.41333402e-06
1.88549361e-02 -1.33365161e+00 1.32198981e+00 8.50625144e-05 2.96326461e-06
1.89180015e-02 -1.33359474e+00 1.32190822e+00 8.38114112e-05 3.37662053e-06
1.89814983e-02 -1.33353720e+00 1.32182594e+00 8.24697290e-05 3.62191640e-06
1.90454329e-02 -1.33347896e+00 1.32174297e+00 8.10261024e-05 3.68978021e-06
1.91098117e-02 -1.33342003e+00 1.32165930e+00 7.94833121e-05 3.58941175e-06
1.91746414e-02 -1.33336045e+00 1.32157495e+00 7.78545277e-05 3.34307308e-06
1.92399286e-02 -1.33330025e+00 1.32148988e+00 7.61590553e-05 2.98033692e-06
1.93056802e-02 -1.33323948e+00 1.32140409e+00 7.44189803e-05 2.53331477e-06
1.93719032e-02 -1.33317819e+00 1.32131755e+00 7.26567538e-05 2.03362738e-06
1.94386047e-02 -1.33311643e+00 1.32123024e+00 7.08934798e-05 1.51061445e-06
1.95057919e-02 -1.33305424e+00 1.32114213e+00 6.91484563e-05 9.90085648e-07
1.95734722e-02 -1.33299165e+00 1.32105321e+00 6.74381328e-05 4.94105903e-07
1.96416531e-02 -1.33292868e+00 1.32096345e+00 6.57762187e-05 4.09397377e-08
1.97103422e-02 -1.33286534e+00 1.32087283e+00 6.41736038e-05 -3.56139398e-07
1.97795474e-02 -1.33280167e+00 1.32078139e+00 6.26375023e-05 -6.88266904e-07
1.98492765e-02 -1.33273766e+00 1.32068912e+00 6.11724912e-05 -9.49064519e-07
1.99195376e-02 -1.33267329e+00 1.32059596e+00 5.97810713e-05 -1.13719230e-06
1.99903393e-02 -1.33260856e+00 1.32050199e+00 5.84622300e-05 -1.25614711e-06
2.00616895e-02 -1.33254350e+00 1.32040733e+00 5.72129358e-05 -1.30664200e-06
2.01335967e-02 -1.33247800e+00 1.32031168e+00 5.60317006e-05 -1.29231174e-06
2.02060707e-02 -1.33241203e+00 1.32021507e+00 5.49137008e-05 -1.22827119e-06
2.02791197e-02 -1.33234577e+00 1.32011803e+00 5.38492225e-05 -1.11848067e-06
2.03527509e-02 -1.33227897e+00 1.32001996e+00 5.28366310e-05 -9.56018685e-07
2.04269769e-02 -1.33221135e+00 1.31992012e+00 5.18752103e-05 -7.69502434e-07
2.05018088e-02 -1.33214356e+00 1.31982023e+00 5.09460592e-05 -5.82541089e-07
2.05772472e-02 -1.33207557e+00 1.31972023e+00 5.00419496e-05 -3.47749160e-07
2.06533052e-02 -1.33200589e+00 1.31961675e+00 4.91844877e-05 -7.81383929e-08
2.07300108e-02 -1.33193545e+00 1.31951188e+00 4.83542246e-05 1.10291715e-07
2.08073556e-02 -1.33186679e+00 1.31941085e+00 4.75013261e-05 2.89888495e-07
2.08853208e-02 -1.33179641e+00 1.31930685e+00 4.66752520e-05 6.35809540e-07
2.09639736e-02 -1.33172064e+00 1.31919351e+00 4.59374013e-05 9.03991129e-07
2.10433646e-02 -1.33164818e+00 1.31908593e+00 4.51570616e-05 8.31591655e-07
2.11233651e-02 -1.33158394e+00 1.31898966e+00 4.42449005e-05 9.51850214e-07
2.12039416e-02 -1.33150965e+00 1.31887871e+00 4.34530462e-05 1.63444803e-06
2.12854218e-02 -1.33141743e+00 1.31874823e+00 4.29141065e-05 1.89907509e-06
2.13678659e-02 -1.33133920e+00 1.31863899e+00 4.22108256e-05 1.18151672e-06
2.14505553e-02 -1.33129101e+00 1.31855418e+00 4.11039805e-05 9.14702098e-07
2.15334235e-02 -1.33122710e+00 1.31844129e+00 4.01461117e-05 2.10497759e-06
2.16190724e-02 -1.33111572e+00 1.31829490e+00 3.97369572e-05 2.76194861e-06
2.17120394e-02 -1.33100775e+00 1.31816398e+00 3.92133545e-05 1.81015589e-06
2.18158015e-02 -1.33093631e+00 1.31805055e+00 3.80659385e-05 1.22619535e-06
2.19315586e-02 -1.33085603e+00 1.31789647e+00 3.67592829e-05 1.76883295e-06
2.20598796e-02 -1.33072758e+00 1.31770070e+00 3.57558808e-05 2.25601756e-06
2.22021667e-02 -1.33057412e+00 1.31750203e+00 3.48238644e-05 2.02687412e-06
2.23602899e-02 -1.33042727e+00 1.31729263e+00 3.36027949e-05 1.65320994e-06
2.25359648e-02 -1.33027629e+00 1.31705459e+00 3.21732947e-05 1.59864207e-06
2.27309797e-02 -1.33009703e+00 1.31677113e+00 3.07533566e-05 1.64031346e-06
2.29475012e-02 -1.32989020e+00 1.31647321e+00 2.93414606e-05 1.51569025e-06
2.31879599e-02 -1.32966879e+00 1.31614670e+00 2.78323015e-05 1.29903526e-06
2.34549642e-02 -1.32943399e+00 1.31575040e+00 2.62107924e-05 1.17636272e-06
2.37514155e-02 -1.32916201e+00 1.31533336e+00 2.45977077e-05 1.24666759e-06
2.40805716e-02 -1.32883406e+00 1.31488673e+00 2.30961369e-05 1.33743583e-06
2.44460327e-02 -1.32846450e+00 1.31436171e+00 2.16514833e-05 1.31591413e-06
2.48517782e-02 -1.32806669e+00 1.31377814e+00 2.01707203e-05 1.29060079e-06
2.53022314e-02 -1.32763233e+00 1.31313270e+00 1.86620282e-05 1.32873563e-06
2.58022990e-02 -1.32714477e+00 1.31240541e+00 1.71828159e-05 1.41258566e-06
2.63574144e-02 -1.32659178e+00 1.31159495e+00 1.57650401e-05 1.49900285e-06
2.69735995e-02 -1.32596732e+00 1.31068758e+00 1.44170596e-05 1.55953401e-06
2.76575291e-02 -1.32526549e+00 1.30967107e+00 1.31389959e-05 1.58722442e-06
2.84165962e-02 -1.32447614e+00 1.30853351e+00 1.19361062e-05 1.58218391e-06
2.92589875e-02 -1.32358512e+00 1.30725787e+00 1.08194153e-05 1.54411730e-06
3.01937659e-02 -1.32257651e+00 1.30582655e+00 9.79786788e-06 1.47191773e-06
3.12309631e-02 -1.32143335e+00 1.30421953e+00 8.87576013e-06 1.36637450e-06
3.23816834e-02 -1.32013642e+00 1.30241367e+00 8.05357134e-06 1.23041120e-06
3.36582164e-02 -1.31866284e+00 1.30038228e+00 7.32907105e-06 1.06720789e-06
