VARIABLES="Y/c","convection","viscous",pressure gradient",Reynolds stress"
0.00000000e+00 0.00000000e+00 1.04118437e+00 4.34756386e-01 -1.02446177e+00
2.87964815e-06 -2.75358727e-03 1.04065160e+00 -7.81612042e-01 -3.29166237e-01
5.87232781e-06 -1.02257769e-02 1.04058857e+00 -2.28217248e+00 1.16815521e+00
8.98238887e-06 -2.27679246e-02 1.04065011e+00 -5.34910918e+00 4.47423526e+00
1.22143416e-05 -3.97661412e-02 1.04055174e+00 -8.83098112e+00 7.70067614e+00
1.55728620e-05 -6.15396064e-02 1.04045261e+00 -1.21520244e+01 1.12691499e+01
1.90627973e-05 -8.74264648e-02 1.04017809e+00 -1.46266791e+01 1.36369298e+01
2.26891716e-05 -1.16518519e-01 1.03985702e+00 -1.60030115e+01 1.51097993e+01
2.64571914e-05 -1.46659998e-01 1.03940647e+00 -1.63041870e+01 1.54199456e+01
3.03722519e-05 -1.75465285e-01 1.03892707e+00 -1.57572247e+01 1.49082255e+01
3.44399423e-05 -2.00723419e-01 1.03839413e+00 -1.46281633e+01 1.38075460e+01
3.86660527e-05 -2.21178676e-01 1.03788198e+00 -1.31841533e+01 1.23815477e+01
4.30565798e-05 -2.36538573e-01 1.03741067e+00 -1.16196311e+01 1.08354051e+01
4.76177332e-05 -2.47334165e-01 1.03702373e+00 -1.00812635e+01 9.30608153e+00
5.23559423e-05 -2.54618481e-01 1.03673955e+00 -8.64938922e+00 7.88250386e+00
5.72778624e-05 -2.59683770e-01 1.03654345e+00 -7.37075147e+00 6.60791329e+00
6.23903815e-05 -2.63869952e-01 1.03642350e+00 -6.25745368e+00 5.49888883e+00
6.77006272e-05 -2.68132690e-01 1.03632101e+00 -5.30782798e+00 4.55305158e+00
7.32159731e-05 -2.72724645e-01 1.03622434e+00 -4.50849313e+00 3.75840757e+00
7.89440459e-05 -2.77453116e-01 1.03609248e+00 -3.84357623e+00 3.09846065e+00
8.48927325e-05 -2.82132531e-01 1.03593894e+00 -3.29534300e+00 2.55492435e+00
9.10701866e-05 -2.86285963e-01 1.03573018e+00 -2.84532245e+00 2.10912218e+00
9.74848359e-05 -2.88944417e-01 1.03548466e+00 -2.47752640e+00 1.74371948e+00
1.04145389e-04 -2.89257545e-01 1.03518458e+00 -2.17745313e+00 1.44404542e+00
1.11060843e-04 -2.87136338e-01 1.03484397e+00 -1.93398443e+00 1.19804715e+00
1.18240488e-04 -2.82863122e-01 1.03442005e+00 -1.73605696e+00 9.96018163e-01
1.25693918e-04 -2.76218403e-01 1.03386952e+00 -1.57709107e+00 8.30397048e-01
1.33431035e-04 -2.67019464e-01 1.03310084e+00 -1.45029853e+00 6.94752218e-01
1.41462055e-04 -2.57682431e-01 1.03206655e+00 -1.34719314e+00 5.83160039e-01
1.49797518e-04 -2.53815767e-01 1.03079894e+00 -1.25688058e+00 4.90562348e-01
1.58448290e-04 -2.59955874e-01 1.02944861e+00 -1.17162188e+00 4.13207457e-01
1.67425574e-04 -2.75576892e-01 1.02817990e+00 -1.08996691e+00 3.48653308e-01
1.76740912e-04 -2.96841352e-01 1.02707882e+00 -1.01452669e+00 2.94932099e-01
1.86406191e-04 -3.19665311e-01 1.02612877e+00 -9.46101515e-01 2.50491788e-01
1.96433653e-04 -3.38943679e-01 1.02532131e+00 -8.89182157e-01 2.14573933e-01
2.06835893e-04 -3.49138109e-01 1.02471826e+00 -8.49453942e-01 1.85419456e-01
2.17625870e-04 -3.49410745e-01 1.02442985e+00 -8.23551025e-01 1.59885203e-01
2.28816907e-04 -3.45087415e-01 1.02454128e+00 -8.04023016e-01 1.36556576e-01
2.40422697e-04 -3.42091831e-01 1.02507004e+00 -7.87520596e-01 1.16317227e-01
2.52457306e-04 -3.41685475e-01 1.02589531e+00 -7.72623346e-01 9.99148255e-02
2.64935192e-04 -3.40108407e-01 1.02669278e+00 -7.62107563e-01 8.69733019e-02
2.77871243e-04 -3.34063807e-01 1.02719831e+00 -7.58243312e-01 7.61398149e-02
2.91280742e-04 -3.27688644e-01 1.02735229e+00 -7.54056369e-01 6.63004687e-02
3.05179371e-04 -3.29072458e-01 1.02730267e+00 -7.43088942e-01 5.81318206e-02
3.19583206e-04 -3.39869355e-01 1.02734219e+00 -7.26725376e-01 5.26629323e-02
3.34508729e-04 -3.55843962e-01 1.02767998e+00 -7.07356869e-01 4.89046422e-02
3.49972818e-04 -3.74942178e-01 1.02844825e+00 -6.84626986e-01 4.47888862e-02
3.65992753e-04 -3.96762618e-01 1.02958992e+00 -6.58093399e-01 3.97942211e-02
3.82586212e-04 -4.17160649e-01 1.03078146e+00 -6.33393635e-01 3.51899743e-02
3.99771274e-04 -4.29978247e-01 1.03179090e+00 -6.18342709e-01 3.17655598e-02
4.17566410e-04 -4.32655000e-01 1.03285755e+00 -6.13211106e-01 2.90055009e-02
4.35990480e-04 -4.27715816e-01 1.03419696e+00 -6.15849297e-01 2.64432294e-02
4.55062732e-04 -4.22093888e-01 1.03572000e+00 -6.21231023e-01 2.38395836e-02
4.74802802e-04 -4.23376220e-01 1.03709594e+00 -6.17865160e-01 2.09937691e-02
4.95230690e-04 -4.30461550e-01 1.03815681e+00 -6.07259188e-01 1.86975465e-02
5.16366748e-04 -4.33847909e-01 1.03919861e+00 -6.03677565e-01 1.78374037e-02
5.38231720e-04 -4.30971358e-01 1.04075027e+00 -6.08723185e-01 1.74429966e-02
5.60846806e-04 -4.29451079e-01 1.04300922e+00 -6.09932953e-01 1.60630435e-02
5.84233686e-04 -4.31684714e-01 1.04560560e+00 -6.05842485e-01 1.41926499e-02
6.08414474e-04 -4.32670563e-01 1.04797606e+00 -6.06506891e-01 1.30047082e-02
6.33411650e-04 -4.33595120e-01 1.04953848e+00 -6.06998534e-01 1.22812068e-02
6.59248048e-04 -4.41833705e-01 1.05029840e+00 -5.96260936e-01 1.15212283e-02
6.85946884e-04 -4.58777903e-01 1.05098423e+00 -5.78878928e-01 1.10320671e-02
7.13531752e-04 -4.74632229e-01 1.05225800e+00 -5.64561619e-01 1.09148688e-02
7.42026554e-04 -4.74896042e-01 1.05357809e+00 -5.64040500e-01 1.07425799e-02
7.71455508e-04 -4.58971260e-01 1.05447017e+00 -5.80683838e-01 1.01295340e-02
8.01843264e-04 -4.50567837e-01 1.05556642e+00 -5.89066405e-01 8.96409994e-03
8.33214836e-04 -4.69644082e-01 1.05712256e+00 -5.68424373e-01 7.74434056e-03
8.65595143e-04 -5.00491481e-01 1.05893814e+00 -5.38397700e-01 7.23643949e-03
8.99008507e-04 -5.15319062e-01 1.06081015e+00 -5.27748686e-01 7.32796063e-03
9.33478596e-04 -5.14859210e-01 1.06219947e+00 -5.29462167e-01 7.20722409e-03
9.69028753e-04 -5.15596716e-01 1.06303337e+00 -5.26717899e-01 6.59824282e-03
1.00568222e-03 -5.16899269e-01 1.06388820e+00 -5.28317220e-01 5.66573926e-03
1.04346203e-03 -5.10997769e-01 1.06471187e+00 -5.35588406e-01 4.52232382e-03
1.08239091e-03 -5.06196012e-01 1.06516227e+00 -5.37864293e-01 3.71326005e-03
1.12249117e-03 -5.13552024e-01 1.06551911e+00 -5.34415230e-01 3.75205260e-03
1.16378467e-03 -5.26744329e-01 1.06647779e+00 -5.26249315e-01 4.09410910e-03
1.20629281e-03 -5.34448790e-01 1.06835059e+00 -5.21000009e-01 3.88974404e-03
1.25003648e-03 -5.38576441e-01 1.07016144e+00 -5.18808142e-01 3.15497814e-03
1.29503602e-03 -5.46338571e-01 1.07036319e+00 -5.08813687e-01 2.54876050e-03
1.34131113e-03 -5.55466879e-01 1.06876199e+00 -4.97820437e-01 2.44341611e-03
1.38888083e-03 -5.58637417e-01 1.06691947e+00 -4.94891492e-01 2.50255040e-03
1.43776318e-03 -5.53133897e-01 1.06593061e+00 -4.94963400e-01 2.38628425e-03
1.48797510e-03 -5.38332924e-01 1.06633642e+00 -5.07772113e-01 2.26251880e-03
1.53953290e-03 -5.17250671e-01 1.06815372e+00 -5.34587118e-01 2.16009775e-03
1.59245192e-03 -5.03820279e-01 1.06916562e+00 -5.44866420e-01 1.93546072e-03
1.64674494e-03 -5.10939730e-01 1.06909073e+00 -5.35540519e-01 1.83427876e-03
1.70242291e-03 -5.32465861e-01 1.06919643e+00 -5.18513882e-01 1.99971226e-03
1.75949623e-03 -5.51848870e-01 1.06945238e+00 -4.99097090e-01 2.09707166e-03
1.81797158e-03 -5.64842836e-01 1.06973851e+00 -4.84995196e-01 1.89867599e-03
1.87785162e-03 -5.82463217e-01 1.06983264e+00 -4.66620708e-01 1.50002444e-03
1.93914268e-03 -6.12596071e-01 1.06944929e+00 -4.36033968e-01 1.03449385e-03
2.00185054e-03 -6.46835606e-01 1.06908755e+00 -3.99708795e-01 6.61061332e-04
2.06596559e-03 -6.68608825e-01 1.06958491e+00 -3.78796316e-01 5.95980276e-04
2.13147897e-03 -6.72684495e-01 1.07010714e+00 -3.78904044e-01 8.35730130e-04
2.19840692e-03 -6.70350942e-01 1.07073756e+00 -3.80339612e-01 1.11731008e-03
2.26674832e-03 -6.70546529e-01 1.07196480e+00 -3.80335879e-01 1.25222422e-03
2.33644488e-03 -6.66409415e-01 1.07218856e+00 -3.88684654e-01 1.16588692e-03
2.40747759e-03 -6.50822869e-01 1.07167815e+00 -4.02599467e-01 7.81948558e-04
2.47994214e-03 -6.32920536e-01 1.07177036e+00 -4.16449973e-01 2.07320434e-04
2.55383377e-03 -6.25980730e-01 1.07266414e+00 -4.19819503e-01 -1.41717322e-04
2.62876321e-03 -6.30927521e-01 1.07402472e+00 -4.17106943e-01 1.19156812e-04
2.70410300e-03 -6.42985412e-01 1.07517724e+00 -4.10661276e-01 8.17908275e-04
2.77945664e-03 -6.64366565e-01 1.07587525e+00 -3.93367879e-01 1.12937099e-03
2.85482117e-03 -7.00727548e-01 1.07628931e+00 -3.54129141e-01 6.37511100e-04
2.93030797e-03 -7.45754404e-01 1.07718837e+00 -3.02190392e-01 4.52067847e-05
3.00591489e-03 -7.77435217e-01 1.07632662e+00 -2.78457173e-01 -1.97505167e-05
3.08159267e-03 -7.77844063e-01 1.07455097e+00 -2.82267928e-01 1.34564287e-04
3.15734517e-03 -7.54511941e-01 1.07298659e+00 -2.95519810e-01 1.89024754e-04
3.23319354e-03 -7.31619903e-01 1.07297929e+00 -3.16299401e-01 4.46459564e-04
3.30913184e-03 -7.26913292e-01 1.07418013e+00 -3.32832785e-01 8.56422678e-04
3.38515001e-03 -7.42510516e-01 1.07478002e+00 -3.19931300e-01 7.03480445e-04
3.46125115e-03 -7.64719374e-01 1.07522977e+00 -2.88255221e-01 -9.83680930e-05
3.53743740e-03 -7.74877984e-01 1.07494166e+00 -2.76398684e-01 -6.81102703e-04
3.61370511e-03 -7.69585733e-01 1.07407708e+00 -2.86563361e-01 -5.51500934e-04
3.69005261e-03 -7.62408467e-01 1.07262591e+00 -2.95339480e-01 -1.60447369e-04
3.76648026e-03 -7.64791973e-01 1.07131683e+00 -2.87660545e-01 1.21406929e-05
3.84298695e-03 -7.75009480e-01 1.06993033e+00 -2.75346946e-01 5.50060206e-05
3.91957137e-03 -7.84822389e-01 1.06865667e+00 -2.68069772e-01 1.50788543e-04
3.99623316e-03 -7.91727636e-01 1.06841048e+00 -2.61897560e-01 2.09810797e-04
4.07297182e-03 -8.02315025e-01 1.06963403e+00 -2.50869423e-01 1.64730675e-04
4.14978654e-03 -8.20765246e-01 1.07186585e+00 -2.35200952e-01 1.49514621e-04
4.22667669e-03 -8.38846409e-01 1.07342032e+00 -2.21269014e-01 2.68820911e-04
4.30364169e-03 -8.44854630e-01 1.07354542e+00 -2.17064513e-01 4.33316260e-04
4.38068085e-03 -8.37392244e-01 1.07320753e+00 -2.25351769e-01 4.44092295e-04
4.45779352e-03 -8.24182353e-01 1.07227314e+00 -2.36236114e-01 1.75473980e-04
4.53497905e-03 -8.12026538e-01 1.06997058e+00 -2.44923042e-01 -2.99607955e-04
4.61223681e-03 -8.04282491e-01 1.06852017e+00 -2.51792322e-01 -7.57387007e-04
4.68956619e-03 -8.07839663e-01 1.06892903e+00 -2.47839397e-01 -9.40459101e-04
4.76696659e-03 -8.31897994e-01 1.06905336e+00 -2.21458898e-01 -6.74664902e-04
4.84443740e-03 -8.71456369e-01 1.06940689e+00 -1.86330514e-01 -1.25729221e-04
4.92197804e-03 -9.02330892e-01 1.07031649e+00 -1.61266906e-01 1.99038808e-04
4.99958787e-03 -9.07927413e-01 1.06968212e+00 -1.48699592e-01 9.45648242e-05
5.07726630e-03 -9.02348744e-01 1.06782549e+00 -1.50413566e-01 -9.67989569e-05
5.15501271e-03 -9.08337879e-01 1.06784094e+00 -1.52984478e-01 -2.11785278e-04
5.23282649e-03 -9.26167242e-01 1.06985539e+00 -1.34448682e-01 -4.04945369e-04
5.31070702e-03 -9.42746847e-01 1.07160441e+00 -1.11529264e-01 -4.58523691e-04
5.38865368e-03 -9.52566141e-01 1.07128295e+00 -1.06588004e-01 -6.84037705e-05
5.46666587e-03 -9.56501574e-01 1.06976016e+00 -1.10028917e-01 3.51734688e-04
5.54474300e-03 -9.58185134e-01 1.06888470e+00 -1.06740780e-01 2.03756843e-04
5.62288449e-03 -9.65548778e-01 1.06825253e+00 -9.40805497e-02 -3.02750906e-04
5.70108976e-03 -9.77719476e-01 1.06725345e+00 -8.40859104e-02 -5.26332491e-04
5.77935820e-03 -9.75569627e-01 1.06635579e+00 -9.20220891e-02 -3.76829409e-04
5.85768922e-03 -9.49493133e-01 1.06481537e+00 -1.14813080e-01 -2.21684194e-04
5.93608223e-03 -9.26063875e-01 1.06311916e+00 -1.34158865e-01 -1.93663096e-04
6.01453663e-03 -9.38313265e-01 1.06248560e+00 -1.24825548e-01 -2.06593122e-04
6.09305183e-03 -9.82699992e-01 1.06290843e+00 -8.27239795e-02 -2.81663200e-04
6.17162721e-03 -1.02899316e+00 1.06343834e+00 -3.54382053e-02 -4.19409747e-04
6.25026218e-03 -1.05521563e+00 1.06296161e+00 -7.18970689e-03 -4.48880460e-04
6.32895613e-03 -1.05795337e+00 1.06099531e+00 -2.83892144e-03 -2.42805234e-04
6.40770846e-03 -1.04532558e+00 1.05802471e+00 -1.60529051e-02 5.77083090e-05
6.48651855e-03 -1.02881386e+00 1.05619361e+00 -3.15930194e-02 1.87277690e-04
6.56538582e-03 -1.01631226e+00 1.05605182e+00 -4.29146056e-02 6.05490158e-05
6.64430963e-03 -1.01188045e+00 1.05650546e+00 -5.27286318e-02 -2.52871922e-04
6.72328940e-03 -1.01651517e+00 1.05761740e+00 -4.86801937e-02 -6.00984908e-04
6.80232450e-03 -1.02458188e+00 1.05833111e+00 -3.38996695e-02 -6.11092109e-04
6.88141431e-03 -1.02801527e+00 1.05759774e+00 -3.47015685e-02 -8.12681065e-05
6.96055824e-03 -1.02648529e+00 1.05662769e+00 -4.11385847e-02 5.09233791e-04
7.03975564e-03 -1.02656839e+00 1.05603915e+00 -3.39953172e-02 6.24341046e-04
7.11900592e-03 -1.03368696e+00 1.05584249e+00 -2.26841640e-02 3.97149043e-04
7.19830844e-03 -1.04882405e+00 1.05646120e+00 -1.21520231e-02 1.48074722e-04
7.27766258e-03 -1.06768365e+00 1.05671407e+00 5.75771911e-03 -1.22498976e-04
7.35706772e-03 -1.08265822e+00 1.05610911e+00 2.57103959e-02 -3.91863250e-04
7.43652323e-03 -1.09227448e+00 1.05615633e+00 3.38512914e-02 -4.59430075e-04
7.51602849e-03 -1.10408206e+00 1.05672030e+00 4.17598417e-02 -2.98723983e-04
7.59558287e-03 -1.11969966e+00 1.05494042e+00 6.29066769e-02 -4.84043149e-05
7.67518574e-03 -1.12701580e+00 1.05173131e+00 7.52754846e-02 2.17945381e-04
7.75483647e-03 -1.11759008e+00 1.05073141e+00 6.36312703e-02 3.66791622e-04
7.83453442e-03 -1.10175197e+00 1.05179600e+00 4.82717648e-02 2.38063500e-04
7.91427897e-03 -1.09868238e+00 1.05283894e+00 4.67113773e-02 -2.72874777e-05
7.99406947e-03 -1.11558265e+00 1.05310047e+00 6.11098248e-02 -1.07975343e-04
8.07390529e-03 -1.14079334e+00 1.05288449e+00 8.38754096e-02 7.92919013e-05
8.15378579e-03 -1.16056201e+00 1.05332336e+00 1.00732733e-01 3.31903785e-04
8.23371033e-03 -1.17751031e+00 1.05432427e+00 1.13434471e-01 4.14146618e-04
8.31367827e-03 -1.20256400e+00 1.05412069e+00 1.40581551e-01 3.38635308e-04
8.39368896e-03 -1.23210649e+00 1.05333328e+00 1.72775042e-01 3.91943165e-04
8.47374177e-03 -1.24695936e+00 1.05351326e+00 1.81536634e-01 6.74734330e-04
8.55383604e-03 -1.23625381e+00 1.05424769e+00 1.64379654e-01 8.17380539e-04
8.63397113e-03 -1.21271833e+00 1.05406252e+00 1.41239338e-01 5.00900343e-04
8.71414639e-03 -1.20162985e+00 1.05296301e+00 1.33272423e-01 -1.71300628e-05
8.79436117e-03 -1.21695532e+00 1.05238695e+00 1.45929359e-01 -2.55743439e-04
8.87461482e-03 -1.24792985e+00 1.05261495e+00 1.73793414e-01 -1.23669905e-04
8.95490669e-03 -1.27023002e+00 1.05259394e+00 1.95643624e-01 8.82929976e-05
9.03523611e-03 -1.27173409e+00 1.05236226e+00 1.94848939e-01 9.24033443e-05
9.11560245e-03 -1.26544734e+00 1.05185374e+00 1.91065500e-01 -1.23867888e-04
9.19600504e-03 -1.27230024e+00 1.05119610e+00 1.98139305e-01 -3.37031837e-04
9.27644322e-03 -1.29469438e+00 1.05078979e+00 2.15526796e-01 -4.00460801e-04
9.35691634e-03 -1.31768397e+00 1.05090058e+00 2.39431986e-01 -2.86477521e-04
9.43742373e-03 -1.33155395e+00 1.05147432e+00 2.54118100e-01 1.00816332e-04
9.51796474e-03 -1.33974099e+00 1.05081183e+00 2.58824410e-01 7.04877267e-04
9.59853870e-03 -1.34780369e+00 1.04827950e+00 2.67431435e-01 1.12314219e-03
9.67914496e-03 -1.35490238e+00 1.04730999e+00 2.77323885e-01 1.01447091e-03
9.75978284e-03 -1.35529715e+00 1.04912218e+00 2.76523392e-01 4.77067317e-04
9.84045168e-03 -1.34711053e+00 1.05135587e+00 2.68807267e-01 -6.05599011e-05
9.92115081e-03 -1.33818168e+00 1.05309074e+00 2.64907312e-01 -1.62436401e-04
1.00018796e-02 -1.33686531e+00 1.05342739e+00 2.61048553e-01 1.73173253e-04
1.00826373e-02 -1.34294025e+00 1.05231701e+00 2.63794735e-01 4.07691980e-04
1.01634233e-02 -1.35282055e+00 1.05134015e+00 2.82043357e-01 2.19376963e-04
1.02442369e-02 -1.36312853e+00 1.05128707e+00 2.95783284e-01 -6.76728516e-06
1.03250775e-02 -1.36927018e+00 1.05158506e+00 2.96812213e-01 9.42967270e-05
1.04059444e-02 -1.36924445e+00 1.05213147e+00 2.96628622e-01 2.97290286e-04
1.04868368e-02 -1.36597239e+00 1.05277289e+00 2.95961166e-01 2.59045219e-04
1.05677542e-02 -1.36378418e+00 1.05221567e+00 2.94188345e-01 9.44019489e-07
1.06486959e-02 -1.36392525e+00 1.05091247e+00 2.96836478e-01 -1.77936114e-04
1.07296611e-02 -1.36184560e+00 1.04914552e+00 2.94360930e-01 -5.32178247e-05
1.08106493e-02 -1.35330261e+00 1.04801188e+00 2.82347053e-01 2.20958150e-04
1.08916596e-02 -1.34428891e+00 1.04713129e+00 2.72415631e-01 2.86232083e-04
1.09726915e-02 -1.34625810e+00 1.04621770e+00 2.79124220e-01 1.21229883e-04
1.10537443e-02 -1.36189640e+00 1.04651755e+00 2.95430970e-01 7.56258069e-05
1.11348173e-02 -1.38402069e+00 1.04762263e+00 3.10414002e-01 2.52195069e-04
1.12159098e-02 -1.40737413e+00 1.04913267e+00 3.33324779e-01 3.23711207e-04
1.12970211e-02 -1.42872858e+00 1.04918004e+00 3.56350059e-01 1.43883770e-04
1.13781506e-02 -1.44031126e+00 1.04864493e+00 3.70071040e-01 -3.75268730e-05
1.14592975e-02 -1.44085627e+00 1.04740615e+00 3.71668762e-01 -4.62973274e-05
1.15404613e-02 -1.44314601e+00 1.04703937e+00 3.72570644e-01 3.18420446e-05
1.16216411e-02 -1.45826253e+00 1.04780463e+00 3.85805460e-01 5.91617340e-05
1.17028364e-02 -1.48172853e+00 1.04784573e+00 4.08458197e-01 5.05572198e-05
1.17840464e-02 -1.49940577e+00 1.04709644e+00 4.27901191e-01 1.44532513e-04
1.18652704e-02 -1.49841848e+00 1.04490548e+00 4.27995564e-01 3.42598154e-04
1.19465078e-02 -1.47835218e+00 1.04269816e+00 4.10624791e-01 4.32244844e-04
1.20277579e-02 -1.45950816e+00 1.04184783e+00 3.94464396e-01 2.71768607e-04
1.21090200e-02 -1.46664095e+00 1.04282368e+00 4.02638153e-01 3.64909037e-05
1.21902934e-02 -1.49834430e+00 1.04315972e+00 4.34619363e-01 2.99264753e-05
1.22715775e-02 -1.52818231e+00 1.04166961e+00 4.63567767e-01 2.76832050e-04
1.23528714e-02 -1.53880415e+00 1.03934780e+00 4.75204766e-01 4.58019134e-04
1.24341747e-02 -1.53834490e+00 1.03703809e+00 4.80389026e-01 3.48432643e-04
1.25154865e-02 -1.54089435e+00 1.03631001e+00 4.87563354e-01 1.41115732e-04
1.25968061e-02 -1.54669947e+00 1.03735950e+00 4.91552994e-01 1.45119382e-04
1.26781330e-02 -1.54817763e+00 1.03855394e+00 4.88923657e-01 3.44665416e-04
1.27594663e-02 -1.54319078e+00 1.03838327e+00 4.84306886e-01 4.97079757e-04
1.28408055e-02 -1.53388342e+00 1.03679999e+00 4.77934111e-01 5.08305394e-04
1.29221497e-02 -1.52219622e+00 1.03561104e+00 4.67965188e-01 4.80786890e-04
1.30034985e-02 -1.51188857e+00 1.03655096e+00 4.57986979e-01 5.05089514e-04
1.30848509e-02 -1.50661178e+00 1.03834744e+00 4.52739982e-01 5.60618651e-04
1.31662064e-02 -1.50585048e+00 1.03859379e+00 4.52169500e-01 5.53558929e-04
1.32475643e-02 -1.50890930e+00 1.03695622e+00 4.56354198e-01 4.06782198e-04
1.33289238e-02 -1.51774561e+00 1.03471593e+00 4.68803696e-01 1.91849529e-04
1.34102844e-02 -1.52981594e+00 1.03331106e+00 4.84647592e-01 1.39974876e-04
1.34916452e-02 -1.53582476e+00 1.03313709e+00 4.90675418e-01 3.73753806e-04
1.35730056e-02 -1.53116349e+00 1.03342383e+00 4.83439287e-01 6.65808061e-04
1.36543650e-02 -1.52355012e+00 1.03340866e+00 4.76392377e-01 6.72907944e-04
1.37357226e-02 -1.52424421e+00 1.03320360e+00 4.80734735e-01 4.05844252e-04
1.38170777e-02 -1.53467921e+00 1.03286364e+00 4.92379367e-01 2.25566985e-04
1.38984297e-02 -1.54561563e+00 1.03243061e+00 4.99699888e-01 3.36482007e-04
1.39797778e-02 -1.54817890e+00 1.03219095e+00 4.99043038e-01 5.47765631e-04
1.40611214e-02 -1.54169459e+00 1.03233844e+00 4.94224249e-01 6.23045503e-04
1.41424598e-02 -1.53156882e+00 1.03248818e+00 4.85015784e-01 5.69594802e-04
1.42237923e-02 -1.52469594e+00 1.03203039e+00 4.76211884e-01 4.64696826e-04
1.43051181e-02 -1.52609240e+00 1.03113262e+00 4.78610694e-01 3.32712736e-04
1.43864368e-02 -1.53364082e+00 1.03046156e+00 4.88065569e-01 2.89475024e-04
1.44677474e-02 -1.53806350e+00 1.03017498e+00 4.91362335e-01 4.80327237e-04
1.45490494e-02 -1.53389379e+00 1.03022975e+00 4.84631150e-01 8.17758513e-04
1.46303420e-02 -1.52593127e+00 1.03062189e+00 4.75472154e-01 1.02009691e-03
1.47116246e-02 -1.52122904e+00 1.03118561e+00 4.72612538e-01 9.56930205e-04
1.47928964e-02 -1.52051728e+00 1.03158211e+00 4.73464126e-01 7.96533050e-04
1.48741569e-02 -1.51947852e+00 1.03156756e+00 4.71370575e-01 7.49371783e-04
1.49554053e-02 -1.51461579e+00 1.03121319e+00 4.66138324e-01 8.18874195e-04
1.50366409e-02 -1.50624098e+00 1.03052011e+00 4.58666117e-01 8.83138662e-04
1.51178630e-02 -1.49646233e+00 1.02920628e+00 4.50849359e-01 8.82345911e-04
1.51990710e-02 -1.48582465e+00 1.02815839e+00 4.41707905e-01 8.47435842e-04
1.52802641e-02 -1.47373366e+00 1.02795652e+00 4.29534713e-01 8.17633289e-04
1.53614417e-02 -1.46120409e+00 1.02796097e+00 4.17783610e-01 8.10093304e-04
1.54426032e-02 -1.44969245e+00 1.02780795e+00 4.07517495e-01 8.46229134e-04
1.55237477e-02 -1.43774502e+00 1.02774162e+00 3.95533754e-01 9.14098325e-04
1.56048747e-02 -1.42268232e+00 1.02800176e+00 3.79947065e-01 9.26277125e-04
1.56859834e-02 -1.40580027e+00 1.02840739e+00 3.63079156e-01 8.13568242e-04
1.57670732e-02 -1.39274427e+00 1.02849588e+00 3.50920224e-01 6.54865242e-04
1.58481434e-02 -1.38691206e+00 1.02832464e+00 3.46030152e-01 6.36667789e-04
1.59291933e-02 -1.38397820e+00 1.02819018e+00 3.42217114e-01 8.37225953e-04
1.60102223e-02 -1.37601798e+00 1.02812283e+00 3.32519641e-01 1.08926572e-03
1.60912296e-02 -1.36079848e+00 1.02812515e+00 3.17273138e-01 1.14401204e-03
1.61722146e-02 -1.34372921e+00 1.02831998e+00 3.01552076e-01 9.57680544e-04
1.62531765e-02 -1.33063376e+00 1.02874947e+00 2.88962136e-01 7.25353531e-04
1.63341148e-02 -1.32171186e+00 1.02919630e+00 2.79422344e-01 6.45741448e-04
1.64150288e-02 -1.31302782e+00 1.02955870e+00 2.70188097e-01 7.33782043e-04
1.64959177e-02 -1.30149035e+00 1.02983372e+00 2.58403763e-01 8.52024983e-04
1.65767809e-02 -1.28747595e+00 1.03004663e+00 2.44608349e-01 8.64265637e-04
1.66576178e-02 -1.27355171e+00 1.03020776e+00 2.31736611e-01 7.60495693e-04
1.67384276e-02 -1.26126268e+00 1.03031118e+00 2.19895685e-01 6.44008620e-04
1.68192097e-02 -1.24996876e+00 1.03055117e+00 2.07564814e-01 5.96315773e-04
1.68999634e-02 -1.23924452e+00 1.03096744e+00 1.95939909e-01 6.01091988e-04
1.69806881e-02 -1.23010620e+00 1.03126434e+00 1.86803343e-01 6.08548340e-04
1.70613830e-02 -1.22248455e+00 1.03129270e+00 1.78807480e-01 5.97899193e-04
1.71420476e-02 -1.21471892e+00 1.03123347e+00 1.70684230e-01 5.70450271e-04
1.72226811e-02 -1.20648011e+00 1.03151709e+00 1.62741243e-01 5.47121176e-04
1.73032829e-02 -1.19858243e+00 1.03211071e+00 1.54087692e-01 5.48676798e-04
1.73838523e-02 -1.19066843e+00 1.03244529e+00 1.45171799e-01 5.45727617e-04
1.74643886e-02 -1.18262174e+00 1.03255644e+00 1.37304331e-01 4.89346032e-04
1.75448913e-02 -1.17623339e+00 1.03282039e+00 1.31021964e-01 3.94559881e-04
1.76253595e-02 -1.17233908e+00 1.03318462e+00 1.26859863e-01 3.31980577e-04
1.77057928e-02 -1.16837900e+00 1.03355935e+00 1.22428620e-01 3.43649764e-04
1.77861904e-02 -1.16142216e+00 1.03401334e+00 1.14408529e-01 3.95399223e-04
1.78665516e-02 -1.15223780e+00 1.03439134e+00 1.04699757e-01 4.18782543e-04
1.79468758e-02 -1.14376161e+00 1.03466307e+00 9.66161037e-02 3.96056576e-04
1.80271624e-02 -1.13644708e+00 1.03492970e+00 8.88698878e-02 3.63719857e-04
1.81074106e-02 -1.12861304e+00 1.03517612e+00 8.01768450e-02 3.38963300e-04
1.81876199e-02 -1.12045237e+00 1.03540648e+00 7.22000092e-02 3.11236360e-04
1.82677896e-02 -1.11382356e+00 1.03556675e+00 6.55885657e-02 2.82033391e-04
1.83479190e-02 -1.10945585e+00 1.03572881e+00 6.05913421e-02 2.51959724e-04
1.84280076e-02 -1.10699565e+00 1.03599406e+00 5.79595756e-02 2.12686447e-04
1.85080545e-02 -1.10568915e+00 1.03625944e+00 5.68259992e-02 1.80510500e-04
1.85880593e-02 -1.10383118e+00 1.03646190e+00 5.46966063e-02 1.83437400e-04
1.86680212e-02 -1.09980386e+00 1.03667696e+00 5.00047644e-02 2.07776717e-04
1.87479397e-02 -1.09422905e+00 1.03686204e+00 4.42583634e-02 2.08258815e-04
1.88278140e-02 -1.08951215e+00 1.03696662e+00 3.97969559e-02 1.71781813e-04
1.89076435e-02 -1.08699578e+00 1.03706322e+00 3.73222741e-02 1.30456807e-04
1.89874277e-02 -1.08554648e+00 1.03719674e+00 3.56523763e-02 1.13491794e-04
1.90671658e-02 -1.08321446e+00 1.03736065e+00 3.30445282e-02 1.16495343e-04
1.91468572e-02 -1.07961083e+00 1.03751086e+00 2.93981197e-02 1.20489753e-04
1.92265013e-02 -1.07602314e+00 1.03761685e+00 2.58998791e-02 1.19141083e-04
1.93060974e-02 -1.07362118e+00 1.03773692e+00 2.33060934e-02 1.14265822e-04
1.93856450e-02 -1.07240823e+00 1.03784544e+00 2.18528374e-02 1.01258453e-04
1.94651434e-02 -1.07168842e+00 1.03788941e+00 2.13917169e-02 8.09166406e-05
1.95445920e-02 -1.07077218e+00 1.03792022e+00 2.05911308e-02 6.71112299e-05
1.96239901e-02 -1.06935995e+00 1.03793972e+00 1.88391323e-02 6.39965635e-05
1.97033371e-02 -1.06763130e+00 1.03793896e+00 1.71754555e-02 5.98048210e-05
1.97826324e-02 -1.06609824e+00 1.03794516e+00 1.58661352e-02 4.66575956e-05
1.98618754e-02 -1.06505784e+00 1.03799301e+00 1.48805885e-02 3.52054031e-05
1.99410654e-02 -1.06410999e+00 1.03803033e+00 1.39086998e-02 3.89621647e-05
2.00202019e-02 -1.06267499e+00 1.03807223e+00 1.22896353e-02 5.13554821e-05
2.00992842e-02 -1.06082118e+00 1.03811802e+00 1.04332964e-02 5.52673700e-05
2.01783117e-02 -1.05927098e+00 1.03811617e+00 9.06598669e-03 4.60939856e-05
2.02572838e-02 -1.05839902e+00 1.03808348e+00 8.24504528e-03 3.36725827e-05
2.03361999e-02 -1.05769857e+00 1.03805934e+00 7.51364160e-03 2.44581474e-05
2.04150594e-02 -1.05663795e+00 1.03807928e+00 6.50967104e-03 1.75817959e-05
2.04938616e-02 -1.05552274e+00 1.03810548e+00 5.44742373e-03 1.31271845e-05
2.05726061e-02 -1.05496188e+00 1.03809792e+00 4.88346633e-03 1.17960651e-05
2.06512920e-02 -1.05488871e+00 1.03808488e+00 4.85015548e-03 1.12347159e-05
2.07299190e-02 -1.05474046e+00 1.03808500e+00 4.75774476e-03 9.03675798e-06
2.08084863e-02 -1.05435923e+00 1.03806826e+00 4.39288569e-03 5.44482598e-06
2.08869934e-02 -1.05409867e+00 1.03801602e+00 4.23451556e-03 2.99393730e-06
2.09654396e-02 -1.05410171e+00 1.03794242e+00 4.38029495e-03 5.50466303e-06
2.10438244e-02 -1.05400360e+00 1.03787029e+00 4.32669925e-03 1.32374064e-05
2.11221472e-02 -1.05346374e+00 1.03781335e+00 3.82786129e-03 1.98477042e-05
2.12004075e-02 -1.05261842e+00 1.03776182e+00 3.09631988e-03 1.92363542e-05
2.12786045e-02 -1.05186316e+00 1.03770672e+00 2.44715316e-03 1.24294737e-05
2.13567377e-02 -1.05142713e+00 1.03764260e+00 2.09798569e-03 4.70265836e-06
2.14348066e-02 -1.05125122e+00 1.03756104e+00 2.02347718e-03 -1.81401022e-07
2.15128105e-02 -1.05114420e+00 1.03746659e+00 2.03577678e-03 -1.32265840e-06
2.15907489e-02 -1.05098329e+00 1.03736625e+00 2.00912586e-03 6.83681786e-07
2.16686213e-02 -1.05076979e+00 1.03726237e+00 1.91031142e-03 4.19256128e-06
2.17464269e-02 -1.05053903e+00 1.03715971e+00 1.78805493e-03 6.54177965e-06
2.18241653e-02 -1.05029155e+00 1.03706286e+00 1.67311636e-03 6.05168023e-06
2.19018359e-02 -1.05002131e+00 1.03696907e+00 1.52948941e-03 3.69917399e-06
2.19794381e-02 -1.04975794e+00 1.03687239e+00 1.37833078e-03 1.51366904e-06
2.20569714e-02 -1.04954378e+00 1.03677088e+00 1.28452129e-03 4.06953593e-07
2.21344351e-02 -1.04937785e+00 1.03666588e+00 1.24690187e-03 1.90275223e-07
2.22118288e-02 -1.04921403e+00 1.03655954e+00 1.20923726e-03 3.94747769e-07
2.22891518e-02 -1.04902179e+00 1.03645358e+00 1.14006719e-03 5.17212135e-07
2.23664036e-02 -1.04882206e+00 1.03634658e+00 1.06614459e-03 1.85948661e-07
2.24435837e-02 -1.04865097e+00 1.03623571e+00 1.02668925e-03 -4.90601609e-07
2.25206915e-02 -1.04851019e+00 1.03612142e+00 1.01977926e-03 -9.39660367e-07
2.25977264e-02 -1.04837061e+00 1.03600502e+00 1.01408478e-03 -6.59087990e-07
2.26746879e-02 -1.04821071e+00 1.03588689e+00 9.87212414e-04 2.46342123e-07
2.27515755e-02 -1.04803382e+00 1.03576760e+00 9.42067280e-04 1.05237875e-06
2.28283885e-02 -1.04785518e+00 1.03564761e+00 8.99189566e-04 1.07094979e-06
2.29051266e-02 -1.04768616e+00 1.03552708e+00 8.71321070e-04 4.08236293e-07
2.29817890e-02 -1.04752847e+00 1.03540573e+00 8.52428547e-04 -1.55150827e-07
2.30583754e-02 -1.04737584e+00 1.03528342e+00 8.33501590e-04 -1.05513805e-07
2.31348851e-02 -1.04722098e+00 1.03516029e+00 8.13366387e-04 3.10618756e-07
2.32113176e-02 -1.04706232e+00 1.03503638e+00 7.93464535e-04 5.95718609e-07
2.32876724e-02 -1.04690338e+00 1.03491182e+00 7.74359324e-04 6.30228313e-07
2.33639490e-02 -1.04674708e+00 1.03478665e+00 7.56213521e-04 6.37182108e-07
2.34401468e-02 -1.04659276e+00 1.03466094e+00 7.38981795e-04 7.79199698e-07
2.35162654e-02 -1.04643853e+00 1.03453473e+00 7.22588640e-04 1.00429273e-06
2.35923041e-02 -1.04628404e+00 1.03440805e+00 7.06903721e-04 1.20567082e-06
2.36682625e-02 -1.04613012e+00 1.03428093e+00 6.91779491e-04 1.36547231e-06
2.37441401e-02 -1.04597710e+00 1.03415340e+00 6.77111433e-04 1.52222802e-06
2.38199363e-02 -1.04582451e+00 1.03402548e+00 6.62816550e-04 1.68580638e-06
2.38956507e-02 -1.04567195e+00 1.03389721e+00 6.48808704e-04 1.82788835e-06
2.39712827e-02 -1.04551943e+00 1.03376859e+00 6.34993581e-04 1.92359212e-06
2.40468318e-02 -1.04536709e+00 1.03363966e+00 6.21291930e-04 1.96972431e-06
2.41222976e-02 -1.04521491e+00 1.03351043e+00 6.07659477e-04 1.97020330e-06
2.41976794e-02 -1.04506280e+00 1.03338094e+00 5.94084297e-04 1.92377527e-06
2.42729769e-02 -1.04491077e+00 1.03325118e+00 5.80574270e-04 1.82744369e-06
2.43481896e-02 -1.04475889e+00 1.03312119e+00 5.67151963e-04 1.68307162e-06
2.44233169e-02 -1.04460727e+00 1.03299100e+00 5.53857143e-04 1.49890479e-06
2.44983582e-02 -1.04445598e+00 1.03286060e+00 5.40746093e-04 1.28572223e-06
2.45733133e-02 -1.04430506e+00 1.03273000e+00 5.27881748e-04 1.05130150e-06
2.46481817e-02 -1.04415464e+00 1.03259927e+00 5.15323124e-04 8.03391914e-07
2.47229625e-02 -1.04400480e+00 1.03246842e+00 5.03125542e-04 5.55948683e-07
2.47976554e-02 -1.04385553e+00 1.03233736e+00 4.91341404e-04 3.19072418e-07
2.48722607e-02 -1.04370692e+00 1.03220617e+00 4.80008433e-04 9.19457766e-08
2.49467771e-02 -1.04355915e+00 1.03207506e+00 4.69148123e-04 -1.14899796e-07
2.50212030e-02 -1.04341209e+00 1.03194378e+00 4.58783030e-04 -2.79998406e-07
2.50955402e-02 -1.04326548e+00 1.03181213e+00 4.48927598e-04 -4.15834671e-07
2.51697898e-02 -1.04311978e+00 1.03168067e+00 4.39560089e-04 -5.48017648e-07
2.52439455e-02 -1.04297541e+00 1.03154960e+00 4.30652565e-04 -6.36045084e-07
2.53180055e-02 -1.04283129e+00 1.03141795e+00 4.22216729e-04 -6.34551932e-07
2.53919823e-02 -1.04268664e+00 1.03128564e+00 4.14247831e-04 -6.22209277e-07
2.54658761e-02 -1.04254330e+00 1.03115414e+00 4.06663595e-04 -6.79070203e-07
2.55396570e-02 -1.04240272e+00 1.03102350e+00 3.99397491e-04 -6.89081755e-07
2.56133244e-02 -1.04226219e+00 1.03089184e+00 3.92482977e-04 -5.28854582e-07
2.56869828e-02 -1.04211896e+00 1.03075898e+00 3.85931235e-04 -3.48474428e-07
2.57608008e-02 -1.04197556e+00 1.03062670e+00 3.79627704e-04 -3.29353613e-07
2.58348856e-02 -1.04183532e+00 1.03049486e+00 3.73473460e-04 -3.32111549e-07
2.59092409e-02 -1.04169585e+00 1.03036152e+00 3.67502983e-04 -1.53447062e-07
2.59838408e-02 -1.04155323e+00 1.03022671e+00 3.61753273e-04 9.68293744e-08
2.60586895e-02 -1.04140879e+00 1.03009193e+00 3.56154979e-04 2.16846641e-07
2.61338035e-02 -1.04126597e+00 1.02995707e+00 3.50641636e-04 2.67182649e-07
2.62091850e-02 -1.04112423e+00 1.02982113e+00 3.45233877e-04 4.05637621e-07
2.62848321e-02 -1.04098098e+00 1.02968430e+00 3.39950733e-04 5.99100696e-07
2.63607498e-02 -1.04083627e+00 1.02954713e+00 3.34751549e-04 7.35549884e-07
2.64369443e-02 -1.04069172e+00 1.02940941e+00 3.29604487e-04 8.26804195e-07
2.65134182e-02 -1.04054738e+00 1.02927085e+00 3.24522674e-04 9.37925702e-07
2.65901747e-02 -1.04040231e+00 1.02913164e+00 3.19514141e-04 1.06236757e-06
2.66672182e-02 -1.04025643e+00 1.02899187e+00 3.14560566e-04 1.16412124e-06
2.67445530e-02 -1.04011019e+00 1.02885141e+00 3.09650271e-04 1.24496461e-06
2.68221826e-02 -1.03996364e+00 1.02871024e+00 3.04789664e-04 1.32119763e-06
2.69001112e-02 -1.03981657e+00 1.02856843e+00 2.99983098e-04 1.39213248e-06
2.69783429e-02 -1.03966893e+00 1.02842595e+00 2.95226213e-04 1.45121640e-06
2.70568818e-02 -1.03952079e+00 1.02828277e+00 2.90516668e-04 1.49851718e-06
2.71357322e-02 -1.03937218e+00 1.02813890e+00 2.85857524e-04 1.53661769e-06
2.72148982e-02 -1.03922308e+00 1.02799436e+00 2.81251881e-04 1.56651831e-06
2.72943841e-02 -1.03907345e+00 1.02784911e+00 2.76700634e-04 1.58827899e-06
2.73741943e-02 -1.03892330e+00 1.02770316e+00 2.72204758e-04 1.60185695e-06
2.74543333e-02 -1.03877263e+00 1.02755649e+00 2.67766292e-04 1.60809446e-06
2.75348054e-02 -1.03862144e+00 1.02740911e+00 2.63387282e-04 1.60828973e-06
2.76156152e-02 -1.03846970e+00 1.02726101e+00 2.59068715e-04 1.60422610e-06
2.76967672e-02 -1.03831735e+00 1.02711217e+00 2.54810747e-04 1.59511143e-06
2.77782662e-02 -1.03816447e+00 1.02696260e+00 2.50617976e-04 1.57547616e-06
2.78601167e-02 -1.03801124e+00 1.02681229e+00 2.46496437e-04 1.55169118e-06
2.79423236e-02 -1.03785750e+00 1.02666122e+00 2.42443384e-04 1.53283557e-06
2.80248916e-02 -1.03770305e+00 1.02650939e+00 2.38454287e-04 1.51256049e-06
2.81078257e-02 -1.03754797e+00 1.02635680e+00 2.34531358e-04 1.48564809e-06
2.81911308e-02 -1.03739237e+00 1.02620344e+00 2.30678696e-04 1.45569066e-06
2.82748119e-02 -1.03723624e+00 1.02604931e+00 2.26897403e-04 1.42675283e-06
2.83588741e-02 -1.03707951e+00 1.02589439e+00 2.23186021e-04 1.39870380e-06
2.84433225e-02 -1.03692214e+00 1.02573869e+00 2.19543746e-04 1.36995894e-06
2.85281625e-02 -1.03676418e+00 1.02558220e+00 2.15971032e-04 1.34076273e-06
2.86133992e-02 -1.03660561e+00 1.02542490e+00 2.12468100e-04 1.31239945e-06
2.86990381e-02 -1.03644642e+00 1.02526680e+00 2.09034216e-04 1.28542032e-06
2.87850846e-02 -1.03628658e+00 1.02510788e+00 2.05668311e-04 1.25963843e-06
2.88715442e-02 -1.03612609e+00 1.02494812e+00 2.02369573e-04 1.23503129e-06
2.89584225e-02 -1.03596495e+00 1.02478753e+00 1.99137253e-04 1.21193594e-06
2.90457252e-02 -1.03580313e+00 1.02462608e+00 1.95970453e-04 1.19063145e-06
2.91334582e-02 -1.03564063e+00 1.02446375e+00 1.92868052e-04 1.17115840e-06
2.92216271e-02 -1.03547743e+00 1.02430054e+00 1.89828813e-04 1.15349647e-06
2.93102379e-02 -1.03531352e+00 1.02413643e+00 1.86851525e-04 1.13769910e-06
2.93992968e-02 -1.03514888e+00 1.02397139e+00 1.83934926e-04 1.12383659e-06
2.94888097e-02 -1.03498351e+00 1.02380542e+00 1.81077595e-04 1.11191547e-06
2.95787828e-02 -1.03481738e+00 1.02363850e+00 1.78278099e-04 1.10189235e-06
2.96692225e-02 -1.03465049e+00 1.02347062e+00 1.75534997e-04 1.09372927e-06
2.97601351e-02 -1.03448282e+00 1.02330175e+00 1.72846901e-04 1.08739234e-06
2.98515271e-02 -1.03431435e+00 1.02313190e+00 1.70212413e-04 1.08282808e-06
2.99434051e-02 -1.03414508e+00 1.02296105e+00 1.67630159e-04 1.07995620e-06
3.00357758e-02 -1.03397498e+00 1.02278918e+00 1.65098795e-04 1.07868133e-06
3.01286458e-02 -1.03380404e+00 1.02261631e+00 1.62616958e-04 1.07891023e-06
3.02220221e-02 -1.03363225e+00 1.02244241e+00 1.60183322e-04 1.08055017e-06
3.03159117e-02 -1.03345960e+00 1.02226748e+00 1.57796499e-04 1.08350418e-06
3.04103217e-02 -1.03328607e+00 1.02209152e+00 1.55455174e-04 1.08766884e-06
3.05052592e-02 -1.03311165e+00 1.02191452e+00 1.53158015e-04 1.09293801e-06
3.06007316e-02 -1.03293631e+00 1.02173648e+00 1.50903747e-04 1.09921190e-06
3.06967464e-02 -1.03276006e+00 1.02155738e+00 1.48691153e-04 1.10639436e-06
3.07933109e-02 -1.03258286e+00 1.02137722e+00 1.46519059e-04 1.11438900e-06
3.08904330e-02 -1.03240471e+00 1.02119598e+00 1.44386354e-04 1.12309580e-06
3.09881204e-02 -1.03222559e+00 1.02101365e+00 1.42291964e-04 1.13241587e-06
3.10863810e-02 -1.03204548e+00 1.02083020e+00 1.40234866e-04 1.14225403e-06
3.11852229e-02 -1.03186437e+00 1.02064561e+00 1.38214044e-04 1.15252428e-06
3.12846542e-02 -1.03168224e+00 1.02045985e+00 1.36228518e-04 1.16314171e-06
3.13846832e-02 -1.03149907e+00 1.02027290e+00 1.34277340e-04 1.17402070e-06
3.14853185e-02 -1.03131484e+00 1.02008473e+00 1.32359547e-04 1.18507864e-06
3.15865684e-02 -1.03112953e+00 1.01989530e+00 1.30474303e-04 1.19623861e-06
3.16884419e-02 -1.03094314e+00 1.01970460e+00 1.28620706e-04 1.20743052e-06
3.17909477e-02 -1.03075563e+00 1.01951261e+00 1.26797982e-04 1.21858810e-06
3.18940949e-02 -1.03056700e+00 1.01931930e+00 1.25005298e-04 1.22964808e-06
3.19978926e-02 -1.03037722e+00 1.01912467e+00 1.23241914e-04 1.24055172e-06
3.21023502e-02 -1.03018628e+00 1.01892871e+00 1.21507132e-04 1.25124514e-06
3.22074771e-02 -1.02999416e+00 1.01873140e+00 1.19800245e-04 1.26168325e-06
3.23132830e-02 -1.02980085e+00 1.01853275e+00 1.18120630e-04 1.27182405e-06
3.24197778e-02 -1.02960632e+00 1.01833275e+00 1.16467681e-04 1.28162470e-06
3.25269713e-02 -1.02941056e+00 1.01813139e+00 1.14840821e-04 1.29104558e-06
3.26348737e-02 -1.02921355e+00 1.01792866e+00 1.13239502e-04 1.30005270e-06
3.27434954e-02 -1.02901528e+00 1.01772455e+00 1.11663176e-04 1.30861729e-06
3.28528470e-02 -1.02881572e+00 1.01751903e+00 1.10111315e-04 1.31671577e-06
3.29629390e-02 -1.02861485e+00 1.01731209e+00 1.08583402e-04 1.32432478e-06
3.30737823e-02 -1.02841265e+00 1.01710370e+00 1.07078967e-04 1.33142063e-06
3.31853882e-02 -1.02820911e+00 1.01689383e+00 1.05597539e-04 1.33798781e-06
3.32977678e-02 -1.02800419e+00 1.01668244e+00 1.04138698e-04 1.34401863e-06
3.34109327e-02 -1.02779789e+00 1.01646950e+00 1.02701995e-04 1.34949552e-06
3.35248944e-02 -1.02759016e+00 1.01625499e+00 1.01287018e-04 1.35441132e-06
3.36396651e-02 -1.02738100e+00 1.01603887e+00 9.98934053e-05 1.35877439e-06
3.37552567e-02 -1.02717038e+00 1.01582112e+00 9.85207581e-05 1.36255290e-06
3.38716817e-02 -1.02695827e+00 1.01560171e+00 9.71687165e-05 1.36574656e-06
3.39889526e-02 -1.02674466e+00 1.01538062e+00 9.58369366e-05 1.36841307e-06
3.41070822e-02 -1.02652951e+00 1.01515783e+00 9.45250753e-05 1.37047014e-06
3.42260837e-02 -1.02631281e+00 1.01493335e+00 9.32328200e-05 1.37188557e-06
3.43459702e-02 -1.02609454e+00 1.01470716e+00 9.19598582e-05 1.37287179e-06
3.44667554e-02 -1.02587465e+00 1.01447919e+00 9.07058847e-05 1.37324609e-06
3.45884531e-02 -1.02565315e+00 1.01424952e+00 8.94705246e-05 1.37276260e-06
3.47110773e-02 -1.02543000e+00 1.01401814e+00 8.82534731e-05 1.37211199e-06
3.48346424e-02 -1.02520515e+00 1.01378484e+00 8.70544859e-05 1.37109474e-06
3.49591633e-02 -1.02497861e+00 1.01354977e+00 8.58731213e-05 1.36845740e-06
3.50846545e-02 -1.02475038e+00 1.01331314e+00 8.47091396e-05 1.36594885e-06
3.52111307e-02 -1.02452033e+00 1.01307429e+00 8.35624377e-05 1.36453647e-06
3.53386094e-02 -1.02428846e+00 1.01283327e+00 8.24325937e-05 1.35962370e-06
3.54671052e-02 -1.02405495e+00 1.01259122e+00 8.13191464e-05 1.35342963e-06
3.55966309e-02 -1.02381951e+00 1.01234685e+00 8.02224337e-05 1.35363988e-06
3.57272089e-02 -1.02358186e+00 1.01209873e+00 7.91420992e-05 1.34927763e-06
3.58588582e-02 -1.02334272e+00 1.01185037e+00 7.80768344e-05 1.33322921e-06
3.59915812e-02 -1.02310204e+00 1.01160187e+00 7.70273833e-05 1.33327606e-06
3.61254007e-02 -1.02285819e+00 1.01134597e+00 7.59948273e-05 1.34446538e-06
3.62603644e-02 -1.02261225e+00 1.01108718e+00 7.49759980e-05 1.31423393e-06
3.63964593e-02 -1.02236681e+00 1.01083646e+00 7.39701389e-05 1.28387765e-06
3.65336556e-02 -1.02211806e+00 1.01057929e+00 7.29827788e-05 1.33518501e-06
3.66720666e-02 -1.02186240e+00 1.01030270e+00 7.20116342e-05 1.34854060e-06
3.68117762e-02 -1.02160911e+00 1.01003745e+00 7.10470695e-05 1.21067603e-06
3.69525722e-02 -1.02136267e+00 1.00979626e+00 7.00957328e-05 1.18259610e-06
3.70944029e-02 -1.02110356e+00 1.00952334e+00 6.91703306e-05 1.42499712e-06
3.72378128e-02 -1.02082423e+00 1.00920950e+00 6.82561577e-05 1.46542644e-06
3.73828973e-02 -1.02055894e+00 1.00893989e+00 6.73398700e-05 1.04861132e-06
3.75284675e-02 -1.02032495e+00 1.00872010e+00 6.64478519e-05 8.58395210e-07
3.76744331e-02 -1.02007314e+00 1.00844337e+00 6.55896971e-05 1.37900795e-06
3.78251258e-02 -1.01976409e+00 1.00809245e+00 6.47075006e-05 1.67992162e-06
3.79880472e-02 -1.01944245e+00 1.00777532e+00 6.37572441e-05 1.20229567e-06
3.81688885e-02 -1.01913930e+00 1.00748908e+00 6.27590213e-05 8.57045521e-07
3.83695346e-02 -1.01880592e+00 1.00711681e+00 6.17115806e-05 1.06969272e-06
3.85908102e-02 -1.01839643e+00 1.00665702e+00 6.05675669e-05 1.31630949e-06
3.88349018e-02 -1.01792937e+00 1.00618442e+00 5.93138151e-05 1.23623549e-06
3.91047411e-02 -1.01743715e+00 1.00569583e+00 5.79961336e-05 1.05678587e-06
3.94029699e-02 -1.01690990e+00 1.00513529e+00 5.66401260e-05 1.01884477e-06
3.97323160e-02 -1.01631872e+00 1.00448555e+00 5.52134331e-05 1.05288600e-06
4.00960929e-02 -1.01565502e+00 1.00380216e+00 5.36854996e-05 1.03505674e-06
4.04980034e-02 -1.01492365e+00 1.00304826e+00 5.20587261e-05 9.77780452e-07
4.09419900e-02 -1.01412293e+00 1.00216861e+00 5.03554020e-05 9.23518643e-07
4.14324194e-02 -1.01323921e+00 1.00123099e+00 4.86175188e-05 8.89693185e-07
4.19741788e-02 -1.01225568e+00 1.00022446e+00 4.68796215e-05 8.53583415e-07
4.25726423e-02 -1.01116493e+00 9.99075599e-01 4.51228064e-05 7.88212942e-07
4.32337226e-02 -1.00996289e+00 9.97803829e-01 4.33156935e-05 7.10632074e-07
4.39639668e-02 -1.00863973e+00 9.96411696e-01 4.14716458e-05 6.33565285e-07
4.47706083e-02 -1.00717978e+00 9.94863391e-01 3.96248976e-05 5.57167355e-07
4.56616253e-02 -1.00556504e+00 9.93151177e-01 3.78008213e-05 4.75877001e-07
4.66458283e-02 -1.00377861e+00 9.91260495e-01 3.60138960e-05 3.84750318e-07
4.77329483e-02 -1.00180378e+00 9.89167952e-01 3.42723848e-05 2.84360541e-07
4.89337268e-02 -9.99621729e-01 9.86852775e-01 3.25845561e-05 1.77263432e-07
5.02600208e-02 -9.97210597e-01 9.84291964e-01 3.09638199e-05 6.56321008e-08
5.17249195e-02 -9.94545562e-01 9.81460052e-01 2.94257877e-05 -4.88795394e-08
5.33428706e-02 -9.91599228e-01 9.78328535e-01 2.79816709e-05 -1.63711108e-07
5.51298218e-02 -9.88341651e-01 9.74865062e-01 2.66358320e-05 -2.74190219e-07
5.71033765e-02 -9.84739989e-01 9.71033759e-01 2.53886699e-05 -3.73719069e-07
