variables="x","cp"
-0.330811790163934	0
-0.325768682622951	0.00224313923423634
-0.320725575081967	0.00189144527635183
-0.315682467213115	0.00225479135509506
-0.310639359344262	0.00211728239310715
-0.305596251803279	0.00231353186389173
-0.300553143934426	0.00246172138983220
-0.295510036065574	0.00274503726132464
-0.290466928524590	0.00305986673715585
-0.285423820655738	0.00348439313364218
-0.280380712786885	0.00397716107950330
-0.275337605245902	0.00454308368615479
-0.270294497377049	0.00521461921104138
-0.265251389836066	0.00591940502074879
-0.260208281967213	0.00672494939524944
-0.255165174098361	0.00755221333330091
-0.250122066557377	0.00846751391748694
-0.245078958688525	0.00944069164600014
-0.240035851147541	0.0104831073989039
-0.234992743278689	0.0115785008536600
-0.229949635409836	0.0127701053043650
-0.224906527868852	0.0140053437061383
-0.219863420000000	0.0153208467421140
-0.214820312131148	0.0167084263889190
-0.209777204590164	0.0182021410474628
-0.204734096721311	0.0197277507522962
-0.199690989180328	0.0213477648578119
-0.194647881311475	0.0230166969574550
-0.189604773442623	0.0247684260796131
-0.184561665901639	0.0265699888348305
-0.179518558032787	0.0284719497565943
-0.174475450491803	0.0304599608672081
-0.169432342622951	0.0325724160923645
-0.164389234754098	0.0347196408127473
-0.159346127213115	0.0369949160868576
-0.154303019344262	0.0393243516016740
-0.149259911803279	0.0417630668481440
-0.144216803934426	0.0442499063666015
-0.139173696065574	0.0468790349033307
-0.134130588524590	0.0495976664079588
-0.129087480655738	0.0524331852825425
-0.124044372786885	0.0553543104886868
-0.119001265245902	0.0583806959174518
-0.113958157377049	0.0614657654983404
-0.108915049836066	0.0647057983318749
-0.103871941967213	0.0680223618051966
-0.0988288340983607	0.0715355329309650
-0.0937857265573771	0.0751074059230651
-0.0887426186885246	0.0788341302487411
-0.0836995111475410	0.0826460671019477
-0.0786564032786885	0.0866592378790656
-0.0736132954098361	0.0907612231389325
-0.0685701878688525	0.0950255609976874
-0.0635270800000000	0.0993742206077356
-0.0584839721311475	0.103966545193653
-0.0534408645901639	0.108578100847810
-0.0483977567213115	0.113421110232651
-0.0433546491803279	0.118377089704543
-0.0383115413114754	0.123594177313860
-0.0332684334426230	0.128870873788376
-0.0282253258032787	0.134455058099856
-0.0231822180655738	0.140031085129226
-0.0181391103278689	0.146053495976365
-0.0130960025901639	0.152072829718667
-0.00805289481967213	0.158558779135099
-0.00300978709180328	0.165047497841981
0.00203326617377049	0.172041861759048
0.00707568868852459	0.179210386702045
0.0121163652786885	0.185851326154858
0.0171540882295082	0.192045732161179
0.0221876295081967	0.197910659918773
0.0272157620655738	0.202839850524961
0.0322372601967213	0.207731015546467
0.0372508996721311	0.211551786109635
0.0422554586885246	0.215714176815313
0.0472497170491803	0.218895941489693
0.0522324570491803	0.222997267454064
0.0572024645901639	0.225507727516298
0.0621585275409836	0.230340050477089
0.0670994380327869	0.232303830739576
0.0720239914754098	0.239937767741820
0.0769309878688525	0.241324417651289
0.0817544429508197	0.254802313627999
0.0862287272131148	0.263406028011178
0.0904376767213115	0.235645852060879
0.0946652763934426	0.216467415828983
0.0989113340983607	0.190795610162420
0.103175656393443	0.167326511335872
0.107458048852459	0.142391612690860
0.111758317049180	0.117697232256079
0.116076264262295	0.0925033564984475
0.120411694754098	0.0671587662705939
0.124764410491803	0.0415650281684312
0.129134213770492	0.0157591788333978
0.133520905245902	-0.0101905470334558
0.137924284918033	-0.0363075389061577
0.142344152786885	-0.0625307718417216
0.146780307540984	-0.0888399185347295
0.151232546885246	-0.115208522471413
0.155700668196721	-0.141634460986772
0.160184467868852	-0.168042166383399
0.164683742295082	-0.194451952853625
0.169198285573770	-0.220831595265177
0.173727893114754	-0.247111124142784
0.178272358032787	-0.273356618553981
0.182831473770492	-0.299464192097050
0.187405032459016	-0.325456591016145
0.191992825901639	-0.351303088331378
0.196594645245902	-0.376989768654702
0.201210280983607	-0.402492032455256
0.205839522950820	-0.427809900998402
0.210482160000000	-0.452876510748708
0.215137980655738	-0.477753341438369
0.219806773770492	-0.502359270111444
0.224488325901639	-0.526702351085053
0.229182423934426	-0.550780643840635
0.233888854426230	-0.574572847356681
0.238607402950820	-0.598055344428145
0.243337854754098	-0.621234524074937
0.248079994098361	-0.644085694833334
0.252833605573771	-0.666604013709892
0.257598472131148	-0.688769758778246
0.262374377049180	-0.710594963097855
0.267161102622951	-0.732042549348328
0.271958431147541	-0.753118956778315
0.276766144262295	-0.773801428818070
0.281584022950820	-0.794112547134930
0.286411847540984	-0.814000651555921
0.291249398360656	-0.833493860985478
0.296096455409836	-0.852566160737147
0.300952797377049	-0.871228695523159
0.305818203606557	-0.889445851795813
0.310692452459016	-0.907244025249433
0.315575321639344	-0.924582031688826
0.320466589180328	-0.941494239217999
0.325366032459016	-0.957932565583104
0.330273426229508	-0.973915490406983
0.335188550819672	-0.989447922963586
0.340111180327869	-1.00448302852080
0.345041091803279	-1.01907870266218
0.349978059016393	-1.03315460955957
0.354921855737705	-1.04677515795442
0.359872262295082	-1.05987993533095
0.364829049180328	-1.07251145726688
0.369791990163934	-1.08462585329690
0.374760859016393	-1.09624690326800
0.379735432786885	-1.10735805418528
0.384715481967213	-1.11796023401282
0.389700783606557	-1.12804931768596
0.394691104918033	-1.13760813272050
0.399686222950820	-1.14667023359522
0.404685911475410	-1.15518715241667
0.409689937704918	-1.16318963266444
0.414698075409836	-1.17065542204187
0.419710098360656	-1.17759722578319
0.424725780327869	-1.18400429926977
0.429744888524590	-1.18986870310979
0.434767193442623	-1.19520081008977
0.439792472131148	-1.19998847295457
0.444820491803279	-1.20423578629078
0.449851022950820	-1.20794099798035
0.454883836065574	-1.21109869553835
0.459918708196721	-1.21372569841164
0.464955403278689	-1.21578442218522
0.469993691803279	-1.21731077715211
0.475033350819672	-1.21827492382994
0.480074144262295	-1.21873456809955
0.485115845901639	-1.21860610379253
0.490158226229508	-1.21788316524623
0.494104996721312	-1.21709000967461
0.496955911475410	-1.21614565774719
0.499806872131148	-1.21529172960325
0.502657832786885	-1.21421443337348
0.505508757377049	-1.21289873908778
0.508359600000000	-1.21151679624892
0.511210321311476	-1.20985251294217
0.514060881967213	-1.20810812548658
0.516911236065574	-1.20612912991979
0.519761340983607	-1.20401874697070
0.522611163934426	-1.20171911809121
0.525460655737705	-1.19926348314358
0.528309773770492	-1.19663600393542
0.531158481967213	-1.19384986900883
0.534006737704918	-1.19088569188066
0.536854498360656	-1.18776105233259
0.539701721311475	-1.18448260062754
0.542548370491803	-1.18102514089018
0.545394396721312	-1.17741349771786
0.548239763934426	-1.17363849052354
0.551084426229508	-1.16968375878581
0.553928347540984	-1.16558596094129
0.556771481967213	-1.16130464246685
0.559613793442623	-1.15686058139925
0.562455236065574	-1.15225327277272
0.565295767213115	-1.14743198556054
0.568135350819672	-1.14249061019274
0.570973944262295	-1.13733776795332
0.573811501639344	-1.13201690224555
0.576647986885246	-1.12649785730811
0.579483354098361	-1.12078152827190
0.582317567213115	-1.11489762961311
0.585150580327869	-1.10876145753818
0.587982354098361	-1.10241802636261
0.590812849180328	-1.09585868198449
0.593642022950820	-1.08908069010769
0.596469832786885	-1.08207805329975
0.599296239344262	-1.07485022424890
0.602121200000000	-1.06741077468939
0.604944675409836	-1.05967624945767
0.607766622950820	-1.05167321584870
0.610587000000000	-1.04343494184764
0.613405770491803	-1.03495312209528
0.616222891803279	-1.02622507895695
0.619038318032787	-1.01724651345844
0.621852013114754	-1.00800054538150
0.624663937704918	-0.998467465452780
0.627474045901639	-0.988694607874871
0.630282298360656	-0.978771359300377
0.633088652459016	-0.968592562490137
0.635893072131148	-0.958237772341695
0.638695514754098	-0.947762038482012
0.641495940983607	-0.937166468834148
0.644294304918033	-0.926402055766202
0.647090570491803	-0.915464669687992
0.649884691803279	-0.904432468217300
0.652676636065574	-0.893307914672728
0.655466357377049	-0.882026447784072
0.658253813114754	-0.870600189685184
0.661038970491803	-0.859108746578314
0.663821780327869	-0.847526328681881
0.666602206557377	-0.835875582475241
0.669380209836066	-0.824147014509622
0.672155747540984	-0.812222658686278
0.674928780327869	-0.800223380101569
0.677699265573771	-0.788168610350788
0.680467167213115	-0.775935467531549
0.683232442622951	-0.763641406778196
0.685995049180328	-0.751279245399477
0.688754950819672	-0.738775310561682
0.691512101639344	-0.726193953846073
0.694266468852459	-0.713507023334955
0.697018009836066	-0.700740019402415
0.699766681967213	-0.687888052442073
0.702512445901639	-0.675012842039093
0.705255262295082	-0.662101814116417
0.707995091803279	-0.649110383960407
0.710731895081967	-0.636152476553691
0.713465632786885	-0.623134942507535
0.716196262295082	-0.610003775906343
0.718923747540984	-0.596964221852394
0.721648042622951	-0.583889366844644
0.724369114754098	-0.570794329959908
0.727086921311476	-0.557814611541657
0.729801422950820	-0.544846290711041
0.732512580327869	-0.531948731280553
0.735220354098361	-0.519105122147848
0.737924704918033	-0.506349945875844
0.740625593442623	-0.493750987923847
0.743322980327869	-0.481288864953465
0.746016822950820	-0.468998178331956
0.748707088524590	-0.456854657700562
0.751393731147541	-0.444953318050627
0.754076718032787	-0.433364391974368
0.756756006557377	-0.422007656878814
0.759431560655738	-0.410928620149571
0.762103337704918	-0.400101633995797
0.764771298360656	-0.389626356891157
0.767435406557377	-0.379513094159473
0.770095622950820	-0.369751628747801
0.772751908196721	-0.360354908043056
0.775404226229508	-0.351357428664996
0.778052534426230	-0.342789780308398
0.780696796721311	-0.334602191575441
0.783336973770492	-0.326746418198388
0.785973026229508	-0.319398013708036
0.788604918032787	-0.312513613759318
0.791232609836066	-0.305987668246478
0.793856062295082	-0.300072482906239
0.796475239344262	-0.294546247893546
0.799090101639344	-0.289519292853236
0.801700609836066	-0.284767696139706
0.804306727868853	-0.280364705976721
0.806908419672131	-0.276317733409966
0.809505642622951	-0.272509426380916
0.812098360655738	-0.269064502198213
0.814686537704918	-0.265884404451156
0.817270134426230	-0.263110899265619
0.819849114754098	-0.260485924521412
0.822423439344262	-0.257987230775724
0.824993072131148	-0.255790397835121
0.827557977049180	-0.253828561864007
0.830118111475410	-0.251918931876830
0.832673442622951	-0.250200426338880
0.835223934426230	-0.248590114927761
0.837769544262295	-0.247276892609962
0.840310242622951	-0.246145748631791
0.842845983606557	-0.245193677359422
0.845376737704918	-0.244366182947329
0.847902465573771	-0.243543548513262
0.850423131147541	-0.243051159354067
0.852938695081967	-0.242628823876359
0.855449124590164	-0.242178403615771
0.857954380327869	-0.241797265919078
0.860454426229508	-0.241512199739724
0.862949226229508	-0.241394055907806
0.865438744262295	-0.241284741560483
0.867922944262295	-0.241180010358194
0.870401790163934	-0.241085982541447
0.872875242622951	-0.241071688297465
0.875343272131148	-0.241018747266241
0.877805836065574	-0.240969736665040
0.880262904918033	-0.241009587099490
0.882714439344262	-0.241094683145480
0.885160403278689	-0.241116913793496
0.887600760655738	-0.241126844671463
0.890035478688525	-0.241063488295298
0.892464518032787	-0.240910176421555
0.894887849180328	-0.240667155663786
0.897305432786885	-0.240431128665725
0.899717232786885	-0.240099365764382
0.902123216393443	-0.239646120392345
0.904523347540984	-0.239061190754164
0.906917590163935	-0.238423894448107
0.909305914754098	-0.237567857505246
0.911688278688525	-0.236678435342953
0.914064652459016	-0.235742765298658
0.916513524590164	-0.235460719918265
0.919155822950820	-0.236315375780908
0.921919134426230	-0.236591880511588
0.924688531147541	-0.236700622615171
0.927463793442623	-0.236795625396824
0.930244708196721	-0.236650083059826
0.933031055737705	-0.236503467295371
0.935822622950820	-0.236196748294764
0.938619190163935	-0.235882519393398
0.941420537704918	-0.235421475244165
0.944226449180328	-0.234860394656584
0.947036704918033	-0.234196815600443
0.949851088524590	-0.233566782664715
0.952669377049180	-0.232823668674149
0.955491354098361	-0.232073100765450
0.958316800000000	-0.231165747174109
0.961145491803279	-0.230179879418054
0.963977213114754	-0.229014955197299
0.966811737704918	-0.227924539435086
0.969648849180328	-0.226767960416669
0.972488324590164	-0.225454519940729
0.975329944262295	-0.224176855308070
0.978173485245902	-0.222763678403941
0.981018727868853	-0.221151600651663
0.983865449180328	-0.219493334209439
0.986713426229508	-0.217971894856864
0.989562439344262	-0.216270543031412
0.992412265573771	-0.214660780409792
0.995262681967213	-0.212814806647315
0.998113488524590	-0.210940785511447
1.00096445573770	-0.208883859730014
1.00381542950820	-0.206777995598814
1.00666640000000	-0.204613969288929
1.00951737377049	-0.202210747672910
1.01236834754098	-0.199775670493522
1.01521932131148	-0.197192256888642
1.01807029180328	-0.194511840726843
1.02092126557377	-0.191649662010273
1.02377223934426	-0.188735167099314
1.02662321311475	-0.185656415168917
1.02947418360656	-0.182538712991557
1.03232515737705	-0.179312624606422
1.03517613114754	-0.176324724126488
1.03802710491803	-0.173011031944855
1.04087807868852	-0.169658691168539
1.04372904918033	-0.166190707206196
1.04658002295082	-0.162662985738682
1.04943099672131	-0.159343720583522
1.05228197049180	-0.155973186202333
1.05513294098361	-0.152649536377930
1.05798391475410	-0.149527889913196
1.06083488852459	-0.146232933937968
1.06368586229508	-0.142894579395911
1.06653683606557	-0.139441017262334
1.06938780655738	-0.135981330744621
1.07223878032787	-0.132873067651056
1.07508975409836	-0.129480360214270
1.07794072786885	-0.126087340065370
1.08079169836066	-0.122831120363691
1.08364267213115	-0.119580615072594
1.08649364590164	-0.116419249083995
1.08934461967213	-0.113169593918352
1.09219559016393	-0.110067910951728
1.09504656393443	-0.107148283530940
1.09789753770492	-0.104244903996218
1.10074851147541	-0.101566953329517
1.10359948524590	-0.0986552827191331
1.10645045573771	-0.0957706195640884
1.10930142950820	-0.0930383569990677
1.11215240327869	-0.0906031262016171
1.11500337704918	-0.0882037525724108
1.11785434754098	-0.0859323814314404
1.12070532131148	-0.0835826299815941
1.12355629508197	-0.0814400779059430
1.12640726885246	-0.0792701484178665
1.12925823934426	-0.0773248293450066
1.13210921311475	-0.0753772283925714
1.13496018688525	-0.0734043136886503
1.13781116065574	-0.0716360974845395
1.14066213442623	-0.0697564273744496
1.14351310491803	-0.0680331797129110
1.14636407868852	-0.0664119441725549
1.14921505245902	-0.0646855997921730
1.15206602622951	-0.0630396890966180
1.15491699672131	-0.0613652582753511
1.15776797049180	-0.0598211920814367
1.16061894426230	-0.0582741556811907
1.16346991803279	-0.0568771331135894
1.16632089180328	-0.0556059889207786
1.16917186229508	-0.0542626408274368
1.17202283606557	-0.0529416435653487
1.17487380983607	-0.0516624258371648
1.17772478360656	-0.0503683472005892
1.18057575409836	-0.0493056039239798
1.18342672786885	-0.0482500759976943
1.18627770163934	-0.0473372602883981
1.18912867540984	-0.0464500494665573
1.19197964590164	-0.0454991282845466
1.19483061967213	-0.0446900508721493
1.19768159344262	-0.0438293265946010
1.20053256721311	-0.0430409457908605
1.20338354098361	-0.0423290950302766
1.20623451147541	-0.0416859463667801
1.20908548524590	-0.0410681450443442
1.21193645901639	-0.0404468319983234
1.21478743278689	-0.0399038783448943
1.21763840327869	-0.0394638657367742
1.22048937704918	-0.0391400066039455
1.22334035081967	-0.0388172023836249
1.22619132459016	-0.0385286748673569
1.22904229836066	-0.0382363559461991
1.23189326885246	-0.0379443587032429
1.23474424262295	-0.0377072958700824
1.23759521639344	-0.0374662285923550
1.24044619016393	-0.0372990297010058
1.24329716065574	-0.0371628263592943
1.24614813442623	-0.0370135353559366
1.24899910819672	-0.0369199801737556
1.25185008196721	-0.0368571007073940
1.25470105245902	-0.0368410709969723
1.25755202622951	-0.0368199228930435
1.26040300000000	-0.0367847463450742
1.26325397377049	-0.0367916983775702
1.26610494426230	-0.0368626819534004
1.26895591803279	-0.0369689545296360
1.27180689180328	-0.0370779675105256
1.27465786557377	-0.0371743306939671
1.27750883934426	-0.0372788929569226
1.28035980983607	-0.0374208754635139
1.28321078360656	-0.0375888137817538
1.28606175737705	-0.0377460737378489
1.28891273114754	-0.0379087646342462
1.29176370163934	-0.0380957289344318
1.29461467540984	-0.0383242281688303
1.29746564918033	-0.0385551549230585
1.30031662295082	-0.0388064812820273
1.30316759672131	-0.0390771821093533
1.30601856721311	-0.0393318418302401
1.30886954098361	-0.0395988483206272
1.31172051475410	-0.0398796555859168
1.31457148852459	-0.0401534698603759
1.31742245901639	-0.0404315798677616
1.32027343278689	-0.0407332621661781
1.32312440655738	-0.0410426552886219
1.32597538032787	-0.0413470955516635
1.32882635409836	-0.0416444223427832
1.33167732459016	-0.0419314894897413
1.33452829836066	-0.0422322231031762
1.33737927213115	-0.0425289065198829
1.34023024590164	-0.0428311661786554
1.34308121639344	-0.0431544848143217
1.34593219016393	-0.0435038315223072
1.34878316393443	-0.0438597619402504
1.35163413770492	-0.0442320515362658
1.35448510819672	-0.0446027324637384
1.35733608196721	-0.0449691607265306
1.36018705573771	-0.0453500637898524
1.36303802950820	-0.0457059415398892
1.36588900327869	-0.0460708798174871
1.36873997377049	-0.0464483000180841
1.37159094754098	-0.0468386093043288
1.37444192131148	-0.0472394443625463
1.37729289508197	-0.0476322426202070
1.38014386557377	-0.0480334214762970
1.38299483934426	-0.0484226911019855
1.38584581311475	-0.0488044229889177
1.38869678688525	-0.0491799127111604
1.39154775737705	-0.0495688657881943
1.39439873114754	-0.0499568636491713
1.39724970491803	-0.0503655913153979
1.40010067868852	-0.0507588318556493
1.40295165245902	-0.0511596830695387
1.40580262295082	-0.0515533674998667
1.40865359672131	-0.0519528542094378
1.41150457049180	-0.0523445022497483
1.41435554426230	-0.0527413087372567
1.41720651475410	-0.0531487513050894
1.42005748852459	-0.0535471001589278
1.42290846229508	-0.0539470407087331
1.42575943606557	-0.0543365914888317
1.42861040983607	-0.0547338089769133
1.43146138032787	-0.0551399867465766
1.43431235409836	-0.0555307841844057
1.43716332786885	-0.0559306900862170
1.44001430163934	-0.0563298406289711
1.44286527213115	-0.0567238437589646
1.44571624590164	-0.0571072422698249
1.44856721967213	-0.0574974105646403
1.45141819344262	-0.0578750940290359
1.45426916393443	-0.0582620544899115
1.45712013770492	-0.0586439554948895
1.45997111147541	-0.0590221223886198
1.46282208524590	-0.0593856710844730
1.46567305901639	-0.0597437237315342
1.46852402950820	-0.0600925732013222
1.47137500327869	-0.0604541537571949
1.47422597704918	-0.0608113826284563
1.47707695081967	-0.0611744398732459
1.47992792131148	-0.0615200447110128
1.48277889508197	-0.0618821878181449
1.48562986885246	-0.0622330269740429
1.48848084262295	-0.0625875378009130
1.49133181639344	-0.0629409926799451
1.49418278688525	-0.0632966840553603
1.49703376065574	-0.0636378830074716
1.49988473442623	-0.0640060146594864
1.50273570819672	-0.0643591150991908
1.50558667868852	-0.0647166193926813
1.50843765245902	-0.0650695822882077
1.51128862622951	-0.0654375683276752
1.51413960000000	-0.0657823377715045
1.51699057049180	-0.0661570603576969
1.51984154426230	-0.0665111785405499
1.52269251803279	-0.0668840957062657
1.52554349180328	-0.0672187201176925
1.52839446557377	-0.0675812804184440
1.53124543606557	-0.0679203729068979
1.53409640983607	-0.0682713249728643
1.53694738360656	-0.0685961324651136
1.53979835737705	-0.0689529150944094
1.54264932786885	-0.0692856475484965
1.54550030163934	-0.0696389567313976
1.54835127540984	-0.0699777871026737
1.55120224918033	-0.0703331844739508
1.55405321967213	-0.0706730162212044
1.55690419344262	-0.0710308475524143
1.55975516721311	-0.0713566816269067
1.56260614098361	-0.0717153177511750
1.56545711475410	-0.0720212214123975
1.56830808524590	-0.0723778684268679
1.57115905901639	-0.0726877455461846
1.57401003278689	-0.0730453732979173
1.57686100655738	-0.0733510862261580
1.57971197704918	-0.0737058339214557
1.58256295081967	-0.0740152860350764
1.58541392459016	-0.0743560711992588
1.58826489836066	-0.0746734827306072
1.59111587213115	-0.0750386564935760
1.59396684262295	-0.0753544222064170
1.59681781639344	-0.0757217271839854
1.59966879016393	-0.0760577205393655
1.60251976393443	-0.0764432593634449
1.60537073442623	-0.0767760678722571
1.60822170819672	-0.0771799684596581
1.61107268196721	-0.0775198393134741
1.61392365573771	-0.0779406359986341
1.61677462622951	-0.0782850956183735
1.61962560000000	-0.0787198527852312
1.62247657377049	-0.0790717182361398
1.62532754754098	-0.0795456876055120
1.62817852131148	-0.0799249997980830
1.63102949180328	-0.0804332386893106
1.63388046557377	-0.0808473972986100
1.63673143934426	-0.0814391550206253
1.63958241311475	-0.0818756123820525
1.64243338360656	-0.0826348549635108
1.64528435737705	-0.0830934861000011
1.64813533114754	-0.0840814979236163
1.65098630491803	-0.0846389394018591
1.65383727868852	-0.0859523503325683
1.65668824918033	-0.0867685872322682
1.65953922295082	-0.0883151272059102
1.66239019672131	-0.0907333331812202
1.66524117049180	-0.0913703463120803
