 Filename:   3DC_CFC_02.DAT      

 3D converging nozzle (3Dc)
 Wall shear stress 
 Pitot tube D=1 mm

 Dinamic pressure                 999.98 Pa
 Acquisition time                   3.00 s
 Acquisition frequency            10000. Hz
 Number of samples                 30000
 Barometric pressure               960.1 mbar
 Air temperature (start)            31.8 C   
 Re 1m /10.E6                     2.4987
 Air density (start)              1.1182 kg/m**3 
 Air kin. viscosity (start)  0.17222E-04 m**2/s

 Date            26-JUL-90
 Time            12:49:22

*****************************************************

 y [mm] =     0.00

 x [mm] =     0.00

 temperature   [C] =     31.8

 density [kg/m**3] =  1.09126

 z [mm]   Cf*1000[-] 

-195.000    2.9905
-190.000    3.0126
-185.000    2.9853
-180.000    3.0010
-175.000    3.0194
-170.000    3.0006
-165.000    2.9861
-160.000    2.9969
-155.000    2.9852
-150.000    3.0083
-145.000    2.9944
-140.000    2.9912
-135.000    2.9903
-130.000    2.9962
-125.000    2.9895
-120.000    2.9858
-115.000    3.0042
-110.000    2.9988
-105.000    2.9953
-100.000    2.9866
 -95.000    3.0075
 -90.000    2.9961
 -85.000    3.0096
 -80.000    2.9956
 -75.000    3.0175
 -70.000    3.0140
 -65.000    3.0031
 -60.000    3.0168
 -55.000    3.0064
 -50.000    3.0026
 -45.000    2.9937
 -40.000    2.9837
 -35.000    3.0185
 -30.000    2.9968
 -25.000    2.9778
 -20.000    2.9761
 -15.000    2.9832
 -10.000    3.0087
  -5.000    2.9948
   0.000    3.0017
   5.000    2.9979
  10.000    2.9706
  15.000    2.9584
  20.000    2.9896
  25.000    2.9869
  30.000    2.9723
  35.000    2.9779
  40.000    2.9610
  45.000    2.9704
  50.000    2.9630
  55.000    2.9659
  60.000    2.9965
  65.000    2.9829
  70.000    2.9717
  75.000    2.9711
  80.000    2.9762
  85.000    2.9698
  90.000    2.9738
  95.000    2.9637
 100.000    2.9599
 105.000    2.9803
 110.000    2.9845
 115.000    2.9651
 120.000    2.9710
 125.000    2.9616
 130.000    2.9515
 135.000    2.9670
 140.000    2.9657
 145.000    2.9507
 150.000    2.9514
 155.000    2.9602
 160.000    2.9545
 165.000    2.9873
 170.000    2.9595
 175.000    2.9458
 180.000    2.9680
 185.000    2.9752
 190.000    2.9755
 195.000    2.9645

*****************************************************

 y [mm] =     0.00

 x [mm] =   250.00

 temperature   [C] =     31.9

 density [kg/m**3] =  1.09081

 z [mm]   Cf*1000[-] 

-195.000    2.8112
-190.000    2.8044
-185.000    2.8127
-180.000    2.8388
-175.000    2.8366
-170.000    2.8395
-165.000    2.8445
-160.000    2.8405
-155.000    2.8554
-150.000    2.8434
-145.000    2.8482
-140.000    2.8469
-135.000    2.8724
-130.000    2.8586
-125.000    2.8665
-120.000    2.8423
-115.000    2.8645
-110.000    2.8669
-105.000    2.8920
-100.000    2.8582
 -95.000    2.8677
 -90.000    2.8739
 -85.000    2.8766
 -80.000    2.8799
 -75.000    2.9017
 -70.000    2.9001
 -65.000    2.8814
 -60.000    2.9161
 -55.000    2.8771
 -50.000    2.9050
 -45.000    2.9007
 -40.000    2.8744
 -35.000    2.8823
 -30.000    2.8958
 -25.000    2.8710
 -20.000    2.8849
 -15.000    2.8761
 -10.000    2.8821
  -5.000    2.8733
   0.000    2.8907
   5.000    2.8712
  10.000    2.8691
  15.000    2.8754
  20.000    2.8829
  25.000    2.8801
  30.000    2.8647
  35.000    2.8784
  40.000    2.8710
  45.000    2.8707
  50.000    2.8527
  55.000    2.8834
  60.000    2.8709
  65.000    2.8476
  70.000    2.8741
  75.000    2.8381
  80.000    2.8411
  85.000    2.8381
  90.000    2.8521
  95.000    2.8382
 100.000    2.8203
 105.000    2.8482
 110.000    2.8487
 115.000    2.8484
 120.000    2.8268
 125.000    2.8242
 130.000    2.8344
 135.000    2.8346
 140.000    2.8346
 145.000    2.8065
 150.000    2.7941
 155.000    2.8190
 160.000    2.8061
 165.000    2.8126
 170.000    2.8011
 175.000    2.8170
 180.000    2.8039
 185.000    2.7891
 190.000    2.8049
 195.000    2.7872

*****************************************************

 y [mm] =     0.00

 x [mm] =   500.00

 temperature   [C] =     32.0

 density [kg/m**3] =  1.09044

 z [mm]   Cf*1000[-] 

-195.000    2.5982
-190.000    2.6051
-185.000    2.6109
-180.000    2.6172
-175.000    2.6282
-170.000    2.6420
-165.000    2.6367
-160.000    2.6520
-155.000    2.6656
-150.000    2.6383
-145.000    2.6745
-140.000    2.6691
-135.000    2.6666
-130.000    2.6843
-125.000    2.6973
-120.000    2.6937
-115.000    2.7061
-110.000    2.6973
-105.000    2.7192
-100.000    2.6965
 -95.000    2.7044
 -90.000    2.7260
 -85.000    2.7177
 -80.000    2.7108
 -75.000    2.7182
 -70.000    2.7261
 -65.000    2.7321
 -60.000    2.7529
 -55.000    2.7633
 -50.000    2.7407
 -45.000    2.7193
 -40.000    2.7480
 -35.000    2.7577
 -30.000    2.7467
 -25.000    2.7587
 -20.000    2.7264
 -15.000    2.7548
 -10.000    2.7387
  -5.000    2.7730
   0.000    2.7665
   5.000    2.7531
  10.000    2.7553
  15.000    2.7765
  20.000    2.7785
  25.000    2.7520
  30.000    2.7600
  35.000    2.7434
  40.000    2.7328
  45.000    2.7771
  50.000    2.7802
  55.000    2.7424
  60.000    2.7299
  65.000    2.7230
  70.000    2.7044
  75.000    2.7318
  80.000    2.7267
  85.000    2.7178
  90.000    2.7364
  95.000    2.6912
 100.000    2.6996
 105.000    2.7102
 110.000    2.7217
 115.000    2.7113
 120.000    2.6881
 125.000    2.6962
 130.000    2.6713
 135.000    2.6530
 140.000    2.6620
 145.000    2.6596
 150.000    2.6529
 155.000    2.6625
 160.000    2.6291
 165.000    2.6449
 170.000    2.6475
 175.000    2.6297
 180.000    2.6296
 185.000    2.6224
 190.000    2.5978
 195.000    2.5950

*****************************************************

 y [mm] =     0.00

 x [mm] =   750.00

 temperature   [C] =     32.1

 density [kg/m**3] =  1.08999

 z [mm]   Cf*1000[-] 

-195.000    2.4275
-190.000    2.4221
-185.000    2.4213
-180.000    2.4373
-175.000    2.4576
-170.000    2.4598
-165.000    2.4761
-160.000    2.4443
-155.000    2.4906
-150.000    2.5064
-145.000    2.4781
-140.000    2.4830
-135.000    2.4938
-130.000    2.5097
-125.000    2.5003
-120.000    2.5031
-115.000    2.5011
-110.000    2.5148
-105.000    2.5089
-100.000    2.5130
 -95.000    2.5310
 -90.000    2.5333
 -85.000    2.5418
 -80.000    2.5441
 -75.000    2.5463
 -70.000    2.5498
 -65.000    2.5325
 -60.000    2.5519
 -55.000    2.5579
 -50.000    2.5680
 -45.000    2.5747
 -40.000    2.5419
 -35.000    2.5576
 -30.000    2.5657
 -25.000    2.5642
 -20.000    2.5437
 -15.000    2.5468
 -10.000    2.5975
  -5.000    2.5845
   0.000    2.5602
   5.000    2.5516
  10.000    2.5709
  15.000    2.5660
  20.000    2.5796
  25.000    2.5722
  30.000    2.5567
  35.000    2.5581
  40.000    2.5917
  45.000    2.5961
  50.000    2.5686
  55.000    2.5734
  60.000    2.5494
  65.000    2.5869
  70.000    2.5701
  75.000    2.5467
  80.000    2.5610
  85.000    2.5549
  90.000    2.5628
  95.000    2.5451
 100.000    2.5469
 105.000    2.5358
 110.000    2.5251
 115.000    2.5366
 120.000    2.5097
 125.000    2.5197
 130.000    2.5348
 135.000    2.5198
 140.000    2.5375
 145.000    2.5282
 150.000    2.5071
 155.000    2.5167
 160.000    2.5128
 165.000    2.5145
 170.000    2.5131
 175.000    2.4937
 180.000    2.4895
 185.000    2.4885
 190.000    2.4898
 195.000    2.4876

*****************************************************

 y [mm] =     0.00

 x [mm] =   900.00

 temperature   [C] =     32.3

 density [kg/m**3] =  1.08954

 z [mm]   Cf*1000[-] 

-195.000    2.4909
-190.000    2.4727
-185.000    2.4868
-180.000    2.4729
-175.000    2.4840
-170.000    2.4738
-165.000    2.4583
-160.000    2.4520
-155.000    2.4634
-150.000    2.4597
-145.000    2.4532
-140.000    2.4595
-135.000    2.4532
-130.000    2.4358
-125.000    2.4384
-120.000    2.4473
-115.000    2.4419
-110.000    2.4285
-105.000    2.4320
-100.000    2.4453
 -95.000    2.4106
 -90.000    2.4271
 -85.000    2.4237
 -80.000    2.4531
 -75.000    2.4354
 -70.000    2.4556
 -65.000    2.4570
 -60.000    2.4469
 -55.000    2.4470
 -50.000    2.4645
 -45.000    2.4642
 -40.000    2.4412
 -35.000    2.4578
 -30.000    2.4313
 -25.000    2.4543
 -20.000    2.4542
 -15.000    2.4392
 -10.000    2.4404
  -5.000    2.4468
   0.000    2.4542
   5.000    2.4689
  10.000    2.4612
  15.000    2.4621
  20.000    2.4471
  25.000    2.4049
  30.000    2.4487
  35.000    2.4768
  40.000    2.4476
  45.000    2.4279
  50.000    2.4467
  55.000    2.4594
  60.000    2.4696
  65.000    2.4507
  70.000    2.4413
  75.000    2.4580
  80.000    2.4412
  85.000    2.4443
  90.000    2.4235
  95.000    2.4401
 100.000    2.4218
 105.000    2.4308
 110.000    2.4503
 115.000    2.4603
 120.000    2.4257
 125.000    2.4638
 130.000    2.4653
 135.000    2.4398
 140.000    2.4587
 145.000    2.4578
 150.000    2.4603
 155.000    2.4586
 160.000    2.4602
 165.000    2.5075
 170.000    2.4921
 175.000    2.4931
 180.000    2.4945
 185.000    2.4940
 190.000    2.4942
 195.000    2.5002

*****************************************************

 y [mm] =     0.00

 x [mm] =  1000.00

 temperature   [C] =     32.3

 density [kg/m**3] =  1.08943

 z [mm]   Cf*1000[-] 

-195.000    2.6102
-190.000    2.5853
-185.000    2.5636
-180.000    2.5765
-175.000    2.5639
-170.000    2.5411
-165.000    2.5206
-160.000    2.5091
-155.000    2.4898
-150.000    2.5039
-145.000    2.4902
-140.000    2.4712
-135.000    2.4672
-130.000    2.4588
-125.000    2.4554
-120.000    2.4550
-115.000    2.4156
-110.000    2.4255
-105.000    2.4273
-100.000    2.4006
 -95.000    2.3764
 -90.000    2.4096
 -85.000    2.3902
 -80.000    2.3924
 -75.000    2.3847
 -70.000    2.3802
 -65.000    2.3985
 -60.000    2.3868
 -55.000    2.3887
 -50.000    2.3773
 -45.000    2.3888
 -40.000    2.3914
 -35.000    2.3818
 -30.000    2.3758
 -25.000    2.3851
 -20.000    2.3666
 -15.000    2.3562
 -10.000    2.3667
  -5.000    2.3813
   0.000    2.3884
   5.000    2.3956
  10.000    2.3651
  15.000    2.3829
  20.000    2.3545
  25.000    2.3741
  30.000    2.3754
  35.000    2.3731
  40.000    2.3690
  45.000    2.3872
  50.000    2.3876
  55.000    2.3869
  60.000    2.3816
  65.000    2.3873
  70.000    2.3917
  75.000    2.3933
  80.000    2.3994
  85.000    2.3838
  90.000    2.3888
  95.000    2.4042
 100.000    2.3905
 105.000    2.4205
 110.000    2.4171
 115.000    2.4135
 120.000    2.4417
 125.000    2.4186
 130.000    2.4334
 135.000    2.4362
 140.000    2.4502
 145.000    2.4600
 150.000    2.4684
 155.000    2.4815
 160.000    2.4843
 165.000    2.5077
 170.000    2.5210
 175.000    2.5306
 180.000    2.5553
 185.000    2.5674
 190.000    2.5871
 195.000    2.6200

*****************************************************

 y [mm] =     0.00

 x [mm] =  1100.00

 temperature   [C] =     32.4

 density [kg/m**3] =  1.08901

 z [mm]   Cf*1000[-] 

-195.000    2.7218
-190.000    2.7274
-185.000    2.6871
-180.000    2.6460
-175.000    2.6027
-170.000    2.5899
-165.000    2.5830
-160.000    2.5547
-155.000    2.5315
-150.000    2.5219
-145.000    2.5043
-140.000    2.4675
-135.000    2.4454
-130.000    2.4396
-125.000    2.4151
-120.000    2.4103
-115.000    2.4043
-110.000    2.3863
-105.000    2.3934
-100.000    2.3665
 -95.000    2.3605
 -90.000    2.3667
 -85.000    2.3464
 -80.000    2.3499
 -75.000    2.3327
 -70.000    2.3321
 -65.000    2.3306
 -60.000    2.3387
 -55.000    2.3122
 -50.000    2.3206
 -45.000    2.3236
 -40.000    2.2967
 -35.000    2.3236
 -30.000    2.3312
 -25.000    2.3074
 -20.000    2.3196
 -15.000    2.3044
 -10.000    2.2981
  -5.000    2.2822
   0.000    2.3104
   5.000    2.3109
  10.000    2.2974
  15.000    2.2853
  20.000    2.2838
  25.000    2.2796
  30.000    2.3147
  35.000    2.3024
  40.000    2.3038
  45.000    2.3046
  50.000    2.3032
  55.000    2.3163
  60.000    2.3094
  65.000    2.3231
  70.000    2.3063
  75.000    2.3138
  80.000    2.2976
  85.000    2.3268
  90.000    2.3293
  95.000    2.3445
 100.000    2.3706
 105.000    2.3799
 110.000    2.3558
 115.000    2.3994
 120.000    2.3762
 125.000    2.4035
 130.000    2.4262
 135.000    2.4604
 140.000    2.4474
 145.000    2.4649
 150.000    2.4835
 155.000    2.5148
 160.000    2.5480
 165.000    2.5642
 170.000    2.5731
 175.000    2.6100
 180.000    2.6759
 185.000    2.6685
 190.000    2.6936
 195.000    2.7156

*****************************************************

 y [mm] =     0.00

 x [mm] =  1250.00

 temperature   [C] =     32.4

 density [kg/m**3] =  1.08886

 z [mm]   Cf*1000[-] 

-195.000    3.3061
-190.000    3.0856
-185.000    2.9013
-180.000    2.7590
-175.000    2.6980
-170.000    2.6657
-165.000    2.6407
-160.000    2.6227
-155.000    2.5672
-150.000    2.5519
-145.000    2.5037
-140.000    2.4560
-135.000    2.4609
-130.000    2.4133
-125.000    2.4075
-120.000    2.3918
-115.000    2.3756
-110.000    2.3756
-105.000    2.3425
-100.000    2.3303
 -95.000    2.3293
 -90.000    2.3262
 -85.000    2.2805
 -80.000    2.2860
 -75.000    2.2655
 -70.000    2.2711
 -65.000    2.2384
 -60.000    2.2427
 -55.000    2.2345
 -50.000    2.2438
 -45.000    2.2291
 -40.000    2.2286
 -35.000    2.2180
 -30.000    2.2232
 -25.000    2.1977
 -20.000    2.2186
 -15.000    2.2082
 -10.000    2.1921
  -5.000    2.2132
   0.000    2.2183
   5.000    2.2055
  10.000    2.1977
  15.000    2.2075
  20.000    2.2056
  25.000    2.2166
  30.000    2.2260
  35.000    2.2035
  40.000    2.2157
  45.000    2.2203
  50.000    2.2135
  55.000    2.2170
  60.000    2.1954
  65.000    2.2195
  70.000    2.2187
  75.000    2.2244
  80.000    2.2475
  85.000    2.2524
  90.000    2.2593
  95.000    2.2709
 100.000    2.2727
 105.000    2.2915
 110.000    2.3241
 115.000    2.3467
 120.000    2.3566
 125.000    2.3629
 130.000    2.3848
 135.000    2.4298
 140.000    2.4479
 145.000    2.4753
 150.000    2.5170
 155.000    2.5509
 160.000    2.5786
 165.000    2.6057
 170.000    2.6417
 175.000    2.6885
 180.000    2.8316
 185.000    3.0018
 190.000    3.1912
 195.000    3.3944

*****************************************************

 y [mm] =     0.00

 x [mm] =  1500.00

 temperature   [C] =     32.5

 density [kg/m**3] =  1.08847

 z [mm]   Cf*1000[-] 

-195.000    3.5205
-190.000    3.6121
-185.000    3.5332
-180.000    3.4375
-175.000    3.2518
-170.000    3.0147
-165.000    2.7775
-160.000    2.5991
-155.000    2.4686
-150.000    2.4357
-145.000    2.4319
-140.000    2.4239
-135.000    2.3859
-130.000    2.3454
-125.000    2.2982
-120.000    2.2875
-115.000    2.2713
-110.000    2.2333
-105.000    2.2123
-100.000    2.2055
 -95.000    2.1886
 -90.000    2.1794
 -85.000    2.1531
 -80.000    2.1677
 -75.000    2.1326
 -70.000    2.1345
 -65.000    2.1207
 -60.000    2.1238
 -55.000    2.1043
 -50.000    2.1105
 -45.000    2.0920
 -40.000    2.0793
 -35.000    2.0911
 -30.000    2.1149
 -25.000    2.1044
 -20.000    2.0935
 -15.000    2.0903
 -10.000    2.0651
  -5.000    2.0691
   0.000    2.0951
   5.000    2.0713
  10.000    2.0828
  15.000    2.0566
  20.000    2.0800
  25.000    2.0799
  30.000    2.0839
  35.000    2.0847
  40.000    2.0789
  45.000    2.0908
  50.000    2.0821
  55.000    2.0732
  60.000    2.0788
  65.000    2.0908
  70.000    2.1054
  75.000    2.1236
  80.000    2.1139
  85.000    2.1312
  90.000    2.1232
  95.000    2.1334
 100.000    2.1375
 105.000    2.1750
 110.000    2.1886
 115.000    2.1967
 120.000    2.2249
 125.000    2.2724
 130.000    2.2907
 135.000    2.3409
 140.000    2.3620
 145.000    2.3535
 150.000    2.4134
 155.000    2.5326
 160.000    2.6879
 165.000    2.9046
 170.000    3.1186
 175.000    3.3400
 180.000    3.4682
 185.000    3.6028
 190.000    3.5403
 195.000    3.3826

*****************************************************

 y [mm] =     0.00

 x [mm] =  1750.00

 temperature   [C] =     32.5

 density [kg/m**3] =  1.08831

 z [mm]   Cf*1000[-] 

-195.000    2.7984
-190.000    3.1005
-185.000    3.2987
-180.000    3.3782
-175.000    3.3643
-170.000    3.2457
-165.000    3.0914
-160.000    2.8892
-155.000    2.6462
-150.000    2.4856
-145.000    2.3456
-140.000    2.2792
-135.000    2.2896
-130.000    2.2815
-125.000    2.2636
-120.000    2.2204
-115.000    2.2007
-110.000    2.1805
-105.000    2.1373
-100.000    2.1468
 -95.000    2.1325
 -90.000    2.1014
 -85.000    2.0997
 -80.000    2.0750
 -75.000    2.0559
 -70.000    2.0614
 -65.000    2.0419
 -60.000    2.0319
 -55.000    2.0201
 -50.000    2.0179
 -45.000    2.0123
 -40.000    2.0296
 -35.000    2.0165
 -30.000    2.0237
 -25.000    1.9997
 -20.000    2.0165
 -15.000    2.0156
 -10.000    1.9976
  -5.000    2.0119
   0.000    2.0107
   5.000    2.0156
  10.000    1.9908
  15.000    1.9842
  20.000    1.9852
  25.000    2.0075
  30.000    1.9913
  35.000    2.0020
  40.000    2.0090
  45.000    2.0198
  50.000    1.9946
  55.000    2.0219
  60.000    2.0125
  65.000    2.0062
  70.000    2.0160
  75.000    2.0373
  80.000    2.0545
  85.000    2.0584
  90.000    2.0552
  95.000    2.0659
 100.000    2.0849
 105.000    2.1042
 110.000    2.1263
 115.000    2.1601
 120.000    2.2119
 125.000    2.2204
 130.000    2.2262
 135.000    2.2124
 140.000    2.2465
 145.000    2.3710
 150.000    2.5525
 155.000    2.7681
 160.000    2.9435
 165.000    3.1554
 170.000    3.2794
 175.000    3.3409
 180.000    3.3073
 185.000    3.1199
 190.000    2.7698
 195.000    2.1256

*****************************************************

 y [mm] =     0.00

 x [mm] =  2000.00

 temperature   [C] =     32.6

 density [kg/m**3] =  1.08812

 z [mm]   Cf*1000[-] 

-195.000    2.3372
-190.000    2.6959
-185.000    2.9693
-180.000    3.1171
-175.000    3.2158
-170.000    3.1954
-165.000    3.1021
-160.000    2.9708
-155.000    2.7985
-150.000    2.6270
-145.000    2.4214
-140.000    2.2921
-135.000    2.2583
-130.000    2.2202
-125.000    2.2412
-120.000    2.2089
-115.000    2.1897
-110.000    2.1481
-105.000    2.1301
-100.000    2.1104
 -95.000    2.0703
 -90.000    2.0681
 -85.000    2.0552
 -80.000    2.0331
 -75.000    2.0487
 -70.000    2.0195
 -65.000    2.0269
 -60.000    1.9973
 -55.000    1.9847
 -50.000    1.9799
 -45.000    1.9865
 -40.000    1.9831
 -35.000    1.9762
 -30.000    2.0073
 -25.000    1.9944
 -20.000    1.9707
 -15.000    1.9781
 -10.000    1.9842
  -5.000    1.9587
   0.000    1.9599
   5.000    1.9705
  10.000    1.9636
  15.000    1.9715
  20.000    1.9601
  25.000    1.9640
  30.000    1.9634
  35.000    1.9639
  40.000    1.9647
  45.000    1.9803
  50.000    1.9489
  55.000    1.9646
  60.000    1.9877
  65.000    1.9761
  70.000    1.9744
  75.000    1.9965
  80.000    1.9984
  85.000    2.0291
  90.000    2.0084
  95.000    2.0215
 100.000    2.0561
 105.000    2.0926
 110.000    2.0852
 115.000    2.1271
 120.000    2.1437
 125.000    2.1657
 130.000    2.1652
 135.000    2.1731
 140.000    2.2618
 145.000    2.4441
 150.000    2.6010
 155.000    2.7947
 160.000    2.9447
 165.000    3.0837
 170.000    3.1690
 175.000    3.1495
 180.000    3.0190
 185.000    2.8013
 190.000    2.4114
 195.000    1.9311

*****************************************************

 y [mm] =     0.00

 x [mm] =  2250.00

 temperature   [C] =     32.6

 density [kg/m**3] =  1.08799

 z [mm]   Cf*1000[-] 

-195.000    2.0633
-190.000    2.3793
-185.000    2.6937
-180.000    2.8862
-175.000    3.0057
-170.000    3.0581
-165.000    3.0610
-160.000    2.9746
-155.000    2.9210
-150.000    2.7130
-145.000    2.5723
-140.000    2.4172
-135.000    2.2756
-130.000    2.1657
-125.000    2.1914
-120.000    2.2176
-115.000    2.1974
-110.000    2.1892
-105.000    2.1342
-100.000    2.1166
 -95.000    2.0839
 -90.000    2.0632
 -85.000    2.0272
 -80.000    2.0224
 -75.000    1.9990
 -70.000    2.0327
 -65.000    2.0225
 -60.000    1.9751
 -55.000    2.0061
 -50.000    1.9893
 -45.000    1.9792
 -40.000    1.9781
 -35.000    1.9639
 -30.000    1.9753
 -25.000    1.9906
 -20.000    1.9735
 -15.000    1.9785
 -10.000    1.9607
  -5.000    1.9713
   0.000    1.9742
   5.000    1.9709
  10.000    1.9930
  15.000    1.9770
  20.000    1.9877
  25.000    1.9935
  30.000    1.9724
  35.000    1.9776
  40.000    1.9712
  45.000    1.9887
  50.000    1.9642
  55.000    1.9680
  60.000    1.9808
  65.000    1.9865
  70.000    1.9843
  75.000    1.9810
  80.000    2.0159
  85.000    2.0305
  90.000    2.0477
  95.000    2.0562
 100.000    2.0719
 105.000    2.0873
 110.000    2.1176
 115.000    2.1425
 120.000    2.1612
 125.000    2.1640
 130.000    2.1787
 135.000    2.2452
 140.000    2.3977
 145.000    2.5619
 150.000    2.7623
 155.000    2.9012
 160.000    3.0049
 165.000    3.0796
 170.000    3.0774
 175.000    3.0378
 180.000    2.9094
 185.000    2.7108
 190.000    2.3933
 195.000    2.0599

*****************************************************

 y [mm] =     0.00

 x [mm] =  2500.00

 temperature   [C] =     32.7

 density [kg/m**3] =  1.08780

 z [mm]   Cf*1000[-] 

-195.000    2.0177
-190.000    2.2657
-185.000    2.5345
-180.000    2.7336
-175.000    2.8797
-170.000    2.9114
-165.000    2.9514
-160.000    2.9142
-155.000    2.8802
-150.000    2.7747
-145.000    2.6311
-140.000    2.4610
-135.000    2.3241
-130.000    2.2143
-125.000    2.1414
-120.000    2.1722
-115.000    2.1755
-110.000    2.1750
-105.000    2.1416
-100.000    2.1265
 -95.000    2.0545
 -90.000    2.0279
 -85.000    2.0507
 -80.000    2.0232
 -75.000    2.0171
 -70.000    1.9873
 -65.000    1.9690
 -60.000    1.9631
 -55.000    1.9575
 -50.000    1.9561
 -45.000    1.9528
 -40.000    1.9405
 -35.000    1.9235
 -30.000    1.9364
 -25.000    1.9532
 -20.000    1.9405
 -15.000    1.9494
 -10.000    1.9270
  -5.000    1.9295
   0.000    1.9220
   5.000    1.9592
  10.000    1.9530
  15.000    1.9462
  20.000    1.9395
  25.000    1.9217
  30.000    1.9551
  35.000    1.9348
  40.000    1.9437
  45.000    1.9465
  50.000    1.9218
  55.000    1.9474
  60.000    1.9517
  65.000    1.9369
  70.000    1.9281
  75.000    1.9655
  80.000    1.9646
  85.000    2.0130
  90.000    2.0130
  95.000    2.0106
 100.000    2.0703
 105.000    2.0691
 110.000    2.1107
 115.000    2.1422
 120.000    2.1306
 125.000    2.1404
 130.000    2.1617
 135.000    2.2582
 140.000    2.4002
 145.000    2.5261
 150.000    2.6959
 155.000    2.8119
 160.000    2.9230
 165.000    2.9426
 170.000    2.9027
 175.000    2.8484
 180.000    2.7425
 185.000    2.5307
 190.000    2.2068
 195.000    1.8772

