 Filename:   3DC_P3S_04.DAT      

 3D converging nozzle (3Dc)
 Mean velocity 
 3-hole probe 

 Dinamic pressure                 999.69 Pa
 Acquisition time                   3.00 s
 Acquisition frequency            10000. Hz
 Number of samples                 30000
 Barometric pressure               959.4 mbar
 Air temperature (start)            32.1 C   
 Re 1m /10.E6                     2.4947
 Air density (start)              1.0900 kg/m**3 
 Air kin. viscosity (start)  0.17168E-04 m**2/s

 Date            22-MAY-90
 Time            14:25:40

*****************************************************

 x [mm] =     0.00

 z [mm] =     0.00

 temperature   [C] =     32.2

 density [kg/m**3] =  1.08923

 y [mm]   Q  [m/s]  yaw[deg]  

  80.000   42.9214    0.1027
  75.000   42.9476    0.0835
  70.000   42.9390    0.0868
  65.000   42.9317    0.0683
  62.000   42.9411    0.0775
  60.000   42.9634    0.0788
  58.000   42.9647    0.0719
  56.000   42.9898    0.0710
  54.000   42.9289    0.0698
  52.000   42.9589    0.0678
  50.000   42.9583    0.0699
  48.000   42.9701    0.0648
  46.000   43.0075    0.0717
  44.000   42.9558    0.0615
  42.000   42.9897    0.0518
  40.000   42.9551    0.0505
  38.000   42.9752    0.0561
  36.000   42.9547    0.0430
  34.000   42.9660    0.0290
  32.000   42.9922    0.0402
  30.000   42.9357    0.0485
  28.000   42.9394    0.0387
  26.000   42.9375    0.0446
  24.000   42.9906    0.0340
  22.000   42.9417    0.0268
  20.000   42.9438    0.0135
  19.000   42.9558   -0.0066
  18.000   42.8567    0.0080
  17.000   42.7880    0.0016
  16.000   42.6553   -0.0038
  15.000   42.3802    0.0000
  14.000   41.9887    0.0125
  13.000   41.5039   -0.0008
  12.000   40.9017    0.0232
  11.000   40.1814    0.0028
  10.000   39.4812    0.0383
   9.000   38.6483    0.0410
   8.000   37.7890    0.0831
   7.000   36.8538    0.0030
   6.000   35.8974    0.0357
   5.000   34.7317    0.0848
   4.500   34.1241    0.1700
   4.000   33.4809    0.1097
   3.500   32.6013    0.1493
   3.000   32.0201    0.0716
   2.500   31.2862    0.0723
   2.000   30.2689    0.1580
   1.500   29.0471    0.2040
   1.000   27.5790    0.1974
   0.800   26.8029    0.1372
   0.650   26.1441    0.0802
   0.500   25.2466    0.1262
   0.350   24.1302    0.2494
   0.250   22.7448    0.3469

*****************************************************

 x [mm] =   250.00

 z [mm] =     0.00

 temperature   [C] =     32.4

 density [kg/m**3] =  1.08810

 y [mm]   Q  [m/s]  yaw[deg]  

  80.000   43.1794    0.1567
  75.000   43.1519    0.1521
  70.000   43.1789    0.1479
  65.000   43.1524    0.1405
  62.000   43.2006    0.1405
  60.000   43.1866    0.1409
  58.000   43.1504    0.1272
  56.000   43.1372    0.1388
  54.000   43.1909    0.1326
  52.000   43.1594    0.1359
  50.000   43.1947    0.1272
  48.000   43.2104    0.1211
  46.000   43.2126    0.1201
  44.000   43.2188    0.1170
  42.000   43.2126    0.1189
  40.000   43.1838    0.0971
  38.000   43.1867    0.0944
  36.000   43.1960    0.0866
  34.000   43.2212    0.0986
  32.000   43.1465    0.1031
  30.000   43.1594    0.0913
  28.000   43.1786    0.0877
  26.000   43.1762    0.0817
  24.000   43.1843    0.0765
  22.000   43.1699    0.0638
  20.000   43.0150    0.0621
  19.000   42.8638    0.0584
  18.000   42.6185    0.0565
  17.000   42.3150    0.0516
  16.000   41.9377    0.0434
  15.000   41.4463    0.0548
  14.000   40.9211    0.0591
  13.000   40.3661    0.0442
  12.000   39.6995    0.0532
  11.000   38.9929    0.0659
  10.000   38.3058    0.1104
   9.000   37.6006    0.0574
   8.000   36.7270    0.0655
   7.000   35.6625    0.1164
   6.000   34.8544    0.1212
   5.000   33.7731    0.1667
   4.500   33.2089    0.1954
   4.000   32.6150    0.1691
   3.500   31.9741    0.1963
   3.000   31.2222    0.1848
   2.500   30.5769    0.1251
   2.000   29.5446    0.1761
   1.500   28.4809    0.2458
   1.000   26.9285    0.1579
   0.800   26.1772    0.0914
   0.650   25.6404    0.0599
   0.500   24.7606    0.1592
   0.350   23.4333    0.3486
   0.250   22.0618    0.3831

*****************************************************

 x [mm] =   500.00

 z [mm] =     0.00

 temperature   [C] =     32.5

 density [kg/m**3] =  1.08767

 y [mm]   Q  [m/s]  yaw[deg]  

  80.000   43.3229    0.1371
  75.000   43.3116    0.1123
  70.000   43.3067    0.1643
  65.000   43.3373    0.1608
  62.000   43.3391    0.1622
  60.000   43.3029    0.1624
  58.000   43.3340    0.1570
  56.000   43.3390    0.1442
  54.000   43.3141    0.1413
  52.000   43.2981    0.1568
  50.000   43.3384    0.1300
  48.000   43.3558    0.1402
  46.000   43.3409    0.1403
  44.000   43.3630    0.1285
  42.000   43.3119    0.1259
  40.000   43.3331    0.1183
  38.000   43.3203    0.1089
  36.000   43.3459    0.1220
  34.000   43.3219    0.1122
  32.000   43.3313    0.1317
  30.000   43.3071    0.1135
  28.000   43.3122    0.0941
  26.000   43.2376    0.0962
  24.000   43.1244    0.0812
  22.000   42.8151    0.0781
  20.000   42.2389    0.0795
  19.000   41.9340    0.0354
  18.000   41.4177    0.0475
  17.000   41.0122    0.0404
  16.000   40.5293    0.0647
  15.000   39.9172    0.0596
  14.000   39.4704    0.0754
  13.000   38.8329    0.0480
  12.000   38.3115    0.0826
  11.000   37.5826    0.1074
  10.000   36.8694    0.0798
   9.000   36.1815    0.0264
   8.000   35.4932    0.1429
   7.000   34.5834    0.2076
   6.000   33.7061    0.1687
   5.000   32.6342    0.1867
   4.500   32.2199    0.0944
   4.000   31.7881    0.0881
   3.500   31.0818    0.1462
   3.000   30.4394    0.2123
   2.500   29.7259    0.1735
   2.000   28.8311    0.2640
   1.500   27.7020    0.2596
   1.000   26.2820    0.1165
   0.800   25.6003    0.1061
   0.650   24.9567    0.1844
   0.500   24.1835    0.3087
   0.350   22.9132    0.3055
   0.250   21.5918    0.3743

*****************************************************

 x [mm] =   750.00

 z [mm] =     0.00

 temperature   [C] =     32.5

 density [kg/m**3] =  1.08767

 y [mm]   Q  [m/s]  yaw[deg]  

  80.000   43.4183   -0.0337
  75.000   43.4355   -0.0114
  70.000   43.4197    0.0174
  65.000   43.4331    0.0104
  62.000   43.4465    0.0391
  60.000   43.4481    0.0462
  58.000   43.4434    0.0624
  56.000   43.4095    0.0712
  54.000   43.4513    0.0618
  52.000   43.3783    0.0717
  50.000   43.4326    0.0563
  48.000   43.4196    0.0612
  46.000   43.4228    0.0419
  44.000   43.4396    0.0295
  42.000   43.4506    0.0267
  40.000   43.4534    0.0314
  38.000   43.4220    0.0361
  36.000   43.4540    0.0290
  34.000   43.4447    0.0343
  32.000   43.3165    0.0374
  30.000   43.2282    0.0187
  28.000   42.9040    0.0175
  26.000   42.4278    0.0043
  24.000   41.8500   -0.0061
  22.000   41.0464   -0.0012
  20.000   40.3382   -0.0194
  19.000   39.9021   -0.0406
  18.000   39.4129   -0.0082
  17.000   38.9103   -0.0063
  16.000   38.4112    0.0131
  15.000   37.9317    0.0117
  14.000   37.4615   -0.0070
  13.000   36.8670   -0.0385
  12.000   36.3232   -0.0253
  11.000   35.7276    0.0183
  10.000   35.0139    0.0661
   9.000   34.4057    0.0490
   8.000   33.8139    0.0355
   7.000   32.9728    0.0519
   6.000   32.2483    0.0183
   5.000   31.2599    0.0191
   4.500   30.8126    0.0407
   4.000   30.4308    0.0592
   3.500   29.8880    0.0586
   3.000   29.1519    0.1586
   2.500   28.5023    0.1402
   2.000   27.6794    0.1372
   1.500   26.7001   -0.0402
   1.000   25.3915    0.1623
   0.800   24.4943    0.1471
   0.650   23.9563    0.1293
   0.500   23.1439    0.1933
   0.350   21.9728    0.2616
   0.250   20.4443    0.2376

*****************************************************

 x [mm] =  1000.00

 z [mm] =     0.00

 temperature   [C] =     32.6

 density [kg/m**3] =  1.08737

 y [mm]   Q  [m/s]  yaw[deg]  

  80.000   43.7201   -0.1339
  75.000   43.7023   -0.1240
  70.000   43.6841   -0.1158
  65.000   43.6945   -0.1322
  62.000   43.7039   -0.1058
  60.000   43.6834   -0.1126
  58.000   43.6670   -0.0916
  56.000   43.7186   -0.0925
  54.000   43.6786   -0.0737
  52.000   43.6882   -0.0775
  50.000   43.7101   -0.0870
  48.000   43.7040   -0.0546
  46.000   43.6675   -0.0344
  44.000   43.6743   -0.0436
  42.000   43.5676   -0.0338
  40.000   43.4245   -0.0354
  38.000   43.1786   -0.0428
  36.000   42.8234   -0.0637
  34.000   42.4126   -0.0805
  32.000   41.8771   -0.0823
  30.000   41.3041   -0.0662
  28.000   40.7009   -0.1032
  26.000   40.0562   -0.0983
  24.000   39.3593   -0.0948
  22.000   38.5989   -0.0962
  20.000   37.8391   -0.0354
  19.000   37.5158   -0.1300
  18.000   37.0587   -0.1274
  17.000   36.6418   -0.1181
  16.000   36.1758   -0.0691
  15.000   35.7880   -0.0696
  14.000   35.2654   -0.0427
  13.000   34.7436   -0.0725
  12.000   34.2202   -0.0738
  11.000   33.7205   -0.0406
  10.000   33.2136   -0.0416
   9.000   32.5991   -0.1029
   8.000   31.9121   -0.0795
   7.000   31.3434   -0.1129
   6.000   30.5409   -0.1036
   5.000   29.7597   -0.0680
   4.500   29.3593   -0.0497
   4.000   28.8979   -0.0477
   3.500   28.3160   -0.0608
   3.000   27.7267    0.0148
   2.500   27.1315   -0.1055
   2.000   26.3562   -0.0808
   1.500   25.4719    0.0755
   1.000   24.1061    0.0709
   0.800   23.4718    0.0613
   0.650   22.8295    0.1018
   0.500   22.0279   -0.0257
   0.350   21.0397    0.1445
   0.250   19.5156    0.3491

*****************************************************

 x [mm] =  1250.00

 z [mm] =     0.00

 temperature   [C] =     32.7

 density [kg/m**3] =  1.08683

 y [mm]   Q  [m/s]  yaw[deg]  

  80.000   44.0526   -0.0782
  75.000   44.0860   -0.0979
  70.000   44.1079   -0.0664
  65.000   44.1010   -0.0612
  62.000   44.1299   -0.0369
  60.000   44.0795   -0.0097
  58.000   44.0321   -0.0105
  56.000   43.9886    0.0115
  54.000   43.9127   -0.0035
  52.000   43.8088    0.0070
  50.000   43.6589   -0.0194
  48.000   43.3766   -0.0125
  46.000   43.0860   -0.0515
  44.000   42.6710   -0.0203
  42.000   42.2601   -0.0216
  40.000   41.8260   -0.0250
  38.000   41.3784   -0.0540
  36.000   40.8563   -0.0463
  34.000   40.3725   -0.0477
  32.000   39.6999   -0.0834
  30.000   39.2322   -0.0686
  28.000   38.5955   -0.0604
  26.000   38.0060   -0.0644
  24.000   37.3321   -0.1040
  22.000   36.6596   -0.1103
  20.000   36.0093   -0.0138
  19.000   35.6625   -0.0017
  18.000   35.2372   -0.0503
  17.000   34.8819   -0.0564
  16.000   34.5308   -0.0277
  15.000   34.0112   -0.0374
  14.000   33.6799   -0.0560
  13.000   33.1986   -0.0653
  12.000   32.7352    0.0351
  11.000   32.3493   -0.0815
  10.000   31.7426   -0.0475
   9.000   31.2546   -0.0945
   8.000   30.7492    0.0103
   7.000   29.9623   -0.0404
   6.000   29.3357   -0.0130
   5.000   28.6410   -0.0461
   4.500   28.2533   -0.0356
   4.000   27.7118    0.0610
   3.500   27.2632    0.0422
   3.000   26.6820    0.0880
   2.500   26.1226    0.0189
   2.000   25.3813    0.1312
   1.500   24.3514    0.1090
   1.000   23.1274    0.1574
   0.800   22.4292    0.1370
   0.650   21.8861    0.0292
   0.500   21.1206    0.1945
   0.350   20.0285    0.2036
   0.250   18.5243    0.3025

*****************************************************

 x [mm] =  1500.00

 z [mm] =     0.00

 temperature   [C] =     32.7

 density [kg/m**3] =  1.08704

 y [mm]   Q  [m/s]  yaw[deg]  

  80.000   44.3312    0.1001
  75.000   44.3100    0.0946
  70.000   44.3508    0.1247
  65.000   44.2359    0.1045
  62.000   44.0972    0.1102
  60.000   43.9087    0.0997
  58.000   43.6903    0.1113
  56.000   43.4076    0.0933
  54.000   43.1311    0.0859
  52.000   42.7249    0.0904
  50.000   42.3838    0.0872
  48.000   42.0049    0.0593
  46.000   41.6465    0.0596
  44.000   41.1982    0.0777
  42.000   40.7868    0.0548
  40.000   40.2898    0.0514
  38.000   39.8465    0.0422
  36.000   39.3196    0.0499
  34.000   38.8719    0.0385
  32.000   38.4008    0.0560
  30.000   37.8651    0.0566
  28.000   37.2887    0.1008
  26.000   36.6537    0.0299
  24.000   36.1402    0.0696
  22.000   35.5331    0.1165
  20.000   34.7922    0.1345
  19.000   34.4997    0.1064
  18.000   34.1763    0.0512
  17.000   33.8418    0.1166
  16.000   33.4844    0.0737
  15.000   33.1494    0.1325
  14.000   32.6862    0.1541
  13.000   32.2425    0.0959
  12.000   31.9047    0.1351
  11.000   31.3859    0.1243
  10.000   30.8766    0.1322
   9.000   30.3969    0.1143
   8.000   29.7058    0.1768
   7.000   29.1832    0.1649
   6.000   28.5421    0.1661
   5.000   27.7863    0.1950
   4.500   27.3520    0.1246
   4.000   26.8325    0.2972
   3.500   26.4073    0.2776
   3.000   25.9598    0.2936
   2.500   25.2976    0.3728
   2.000   24.4045    0.3039
   1.500   23.4846    0.3819
   1.000   22.2778    0.3680
   0.800   21.6982    0.4306
   0.650   21.1331    0.4441
   0.500   20.4335    0.4967
   0.350   19.3506    0.5517
   0.250   17.8322    0.4541

*****************************************************

 x [mm] =  1750.00

 z [mm] =     0.00

 temperature   [C] =     32.6

 density [kg/m**3] =  1.08727

 y [mm]   Q  [m/s]  yaw[deg]  

  80.000   44.4159    0.2082
  75.000   44.3819    0.1965
  70.000   44.2312    0.1912
  65.000   43.8956    0.1855
  62.000   43.5509    0.2057
  60.000   43.2469    0.1658
  58.000   42.9552    0.1734
  56.000   42.6136    0.1583
  54.000   42.2324    0.1760
  52.000   41.8497    0.1845
  50.000   41.5716    0.1505
  48.000   41.1901    0.1496
  46.000   40.7608    0.1358
  44.000   40.3168    0.1746
  42.000   39.8640    0.1590
  40.000   39.4866    0.1654
  38.000   38.9632    0.1496
  36.000   38.5432    0.1600
  34.000   38.0596    0.1696
  32.000   37.6037    0.1732
  30.000   37.0273    0.1934
  28.000   36.5318    0.1702
  26.000   36.1002    0.1778
  24.000   35.4600    0.2040
  22.000   34.8421    0.2513
  20.000   34.2478    0.2411
  19.000   33.9643    0.2354
  18.000   33.5763    0.2755
  17.000   33.2801    0.2297
  16.000   33.0011    0.2496
  15.000   32.5662    0.2251
  14.000   32.2288    0.3066
  13.000   31.7119    0.2516
  12.000   31.3833    0.3119
  11.000   30.7944    0.3215
  10.000   30.3073    0.3415
   9.000   29.8078    0.3176
   8.000   29.2991    0.3440
   7.000   28.6814    0.3089
   6.000   28.1000    0.3780
   5.000   27.3284    0.3981
   4.500   26.7721    0.4290
   4.000   26.3823    0.3880
   3.500   25.8416    0.4855
   3.000   25.4358    0.4844
   2.500   24.7249    0.5514
   2.000   23.8669    0.5230
   1.500   23.1271    0.6011
   1.000   21.6954    0.5746
   0.800   21.2988    0.3951
   0.650   20.6146    0.6481
   0.500   19.9635    0.5713
   0.350   18.8362    0.5302
   0.250   17.3215    0.6021

*****************************************************

 x [mm] =  2000.00

 z [mm] =     0.00

 temperature   [C] =     32.7

 density [kg/m**3] =  1.08716

 y [mm]   Q  [m/s]  yaw[deg]  

  80.000   44.4253    0.2864
  75.000   44.3400    0.2943
  70.000   44.0490    0.2969
  65.000   43.4797    0.2715
  62.000   43.0881    0.2749
  60.000   42.7627    0.2777
  58.000   42.4425    0.2935
  56.000   42.1068    0.2753
  54.000   41.7489    0.2395
  52.000   41.3579    0.2574
  50.000   41.0300    0.2523
  48.000   40.6629    0.2434
  46.000   40.2340    0.2196
  44.000   39.8200    0.2623
  42.000   39.4721    0.2688
  40.000   38.9949    0.2607
  38.000   38.5979    0.3017
  36.000   38.1422    0.2814
  34.000   37.6815    0.2998
  32.000   37.1312    0.3100
  30.000   36.6877    0.3205
  28.000   36.1831    0.3289
  26.000   35.6419    0.3407
  24.000   35.1329    0.3746
  22.000   34.4950    0.3858
  20.000   34.0154    0.3716
  19.000   33.7122    0.4023
  18.000   33.4048    0.4262
  17.000   32.9227    0.4372
  16.000   32.6269    0.4675
  15.000   32.2439    0.4290
  14.000   31.7149    0.3946
  13.000   31.3027    0.5021
  12.000   30.8989    0.4960
  11.000   30.3773    0.4231
  10.000   29.9659    0.5434
   9.000   29.4293    0.4715
   8.000   28.9202    0.5071
   7.000   28.3039    0.5620
   6.000   27.6190    0.6887
   5.000   26.9038    0.5554
   4.500   26.5863    0.6350
   4.000   26.0435    0.7140
   3.500   25.5393    0.7379
   3.000   25.0516    0.6833
   2.500   24.3335    0.6858
   2.000   23.5642    0.8296
   1.500   22.7439    0.7026
   1.000   21.5789    0.8691
   0.800   20.9817    0.7968
   0.650   20.3760    0.8214
   0.500   19.8055    0.6807
   0.350   18.5037    0.8646
   0.250   16.9707    1.0623

*****************************************************

 x [mm] =  2250.00

 z [mm] =     0.00

 temperature   [C] =     32.7

 density [kg/m**3] =  1.08693

 y [mm]   Q  [m/s]  yaw[deg]  

  80.000   44.4932    0.2642
  75.000   44.3209    0.2613
  70.000   43.8906    0.2696
  65.000   43.2634    0.2390
  62.000   42.8362    0.2501
  60.000   42.5185    0.2596
  58.000   42.1958    0.2594
  56.000   41.7985    0.2689
  54.000   41.4992    0.2479
  52.000   41.0512    0.2505
  50.000   40.7259    0.2386
  48.000   40.3696    0.2308
  46.000   39.9594    0.2497
  44.000   39.5680    0.2504
  42.000   39.1868    0.2883
  40.000   38.7506    0.2615
  38.000   38.3395    0.2812
  36.000   37.9195    0.2828
  34.000   37.4650    0.3180
  32.000   36.9977    0.2940
  30.000   36.5211    0.3020
  28.000   36.0489    0.3111
  26.000   35.5147    0.3448
  24.000   35.0190    0.3450
  22.000   34.3399    0.3624
  20.000   33.7229    0.4253
  19.000   33.3955    0.3859
  18.000   33.0770    0.3824
  17.000   32.6839    0.4086
  16.000   32.4582    0.3754
  15.000   31.9684    0.3763
  14.000   31.5986    0.3922
  13.000   31.0593    0.4257
  12.000   30.6955    0.4454
  11.000   30.2493    0.4339
  10.000   29.7673    0.4299
   9.000   29.2980    0.4263
   8.000   28.6373    0.4571
   7.000   28.3200    0.4997
   6.000   27.6875    0.4973
   5.000   26.9126    0.5872
   4.500   26.3790    0.4984
   4.000   26.0367    0.5306
   3.500   25.5763    0.5104
   3.000   25.0099    0.5922
   2.500   24.4665    0.4617
   2.000   23.5882    0.6398
   1.500   22.8039    0.5361
   1.000   21.5272    0.5911
   0.800   20.9509    0.5334
   0.650   20.3920    0.6702
   0.500   19.8746    0.5189
   0.350   18.5504    0.7519
   0.250   17.0857    0.6919

*****************************************************

 x [mm] =  2500.00

 z [mm] =     0.00

 temperature   [C] =     32.7

 density [kg/m**3] =  1.08687

 y [mm]   Q  [m/s]  yaw[deg]  

  80.000   44.4312    0.2533
  75.000   44.0904    0.2413
  70.000   43.5998    0.2434
  65.000   42.9347    0.2076
  62.000   42.4913    0.2126
  60.000   42.1519    0.2228
  58.000   41.7852    0.2248
  56.000   41.4576    0.2476
  54.000   41.0946    0.2313
  52.000   40.7320    0.2434
  50.000   40.4025    0.2265
  48.000   39.9977    0.2426
  46.000   39.6512    0.2119
  44.000   39.2289    0.2118
  42.000   38.8493    0.2467
  40.000   38.3918    0.2640
  38.000   37.9650    0.2895
  36.000   37.5292    0.2226
  34.000   37.1528    0.3180
  32.000   36.6028    0.3128
  30.000   36.1925    0.3023
  28.000   35.7178    0.2933
  26.000   35.0949    0.3334
  24.000   34.6118    0.3641
  22.000   33.9333    0.3862
  20.000   33.3979    0.3803
  19.000   32.9575    0.3531
  18.000   32.6585    0.3327
  17.000   32.3009    0.3565
  16.000   31.7572    0.4139
  15.000   31.5099    0.4431
  14.000   31.1776    0.4116
  13.000   30.8857    0.3635
  12.000   30.2034    0.3928
  11.000   29.9134    0.4248
  10.000   29.4895    0.3834
   9.000   29.0070    0.4609
   8.000   28.4124    0.4110
   7.000   27.9210    0.5542
   6.000   27.1626    0.5417
   5.000   26.5288    0.6041
   4.500   26.0582    0.5655
   4.000   25.6876    0.5363
   3.500   25.3694    0.5253
   3.000   24.8181    0.4403
   2.500   24.1911    0.5388
   2.000   23.4148    0.4828
   1.500   22.6331    0.5382
   1.000   21.4788    0.6503
   0.800   20.7401    0.6727
   0.650   20.2899    0.5933
   0.500   19.5638    0.6700
   0.350   18.2810    0.7224
   0.250   16.8420    0.7821

