%F0251a.pt2 Van den Berg et al. 35 deg. yawed wing
%Turbulence data
%Stn. no  1,    5,    7,    9,    11,    13,    15,    17
%x (m) .495, .795, .895, .995, 1.095, 1.195, 1.295, 1.395
%___________________________________________________________
%
%
%Station   x(m)     Ue/Uref    Alfa     Cf     Beta,w
%   1     0.495      1.000     4.00  0.003155   1.50
%Max and min. values for each column
% 2.00000E-02  8.81139E-03  3.72800E-03  4.40161E-03 -%1.00884E-04 -3.00000E-06 -2.51362E-03
% 2.50000E-03  2.50000E-05  2.60000E-05  3.10000E-05  %3.68055E-05  3.65881E-04  0.00000E+00
%Norm.y  u2    v2    w2    vw    uw    uv     y          u2/Qe       v2/Qe       w2/Qe       vw/Qe       uw/Qe       uv/Qe
    0 10000 10000 10000 10000  2189 10000  2.5000E-03  8.8114E-03  3.7280E-03  4.4016E-03 -1.0088E-04  2.8513E-04 -2.5136E-03
  286  9536  9614  9663     0  1716  9620  3.0005E-03  8.4037E-03  3.5851E-03  4.2543E-03  3.6806E-05  3.0258E-04 -2.4181E-03
  571  9187  9076  9333  6159  1685  9323  3.4993E-03  8.0971E-03  3.3859E-03  4.1101E-03 -4.7997E-05  3.0372E-04 -2.3434E-03
  857  8734  8539  9168  5283  2110  8874  3.9998E-03  7.6990E-03  3.1871E-03  4.0380E-03 -3.5936E-05  2.8805E-04 -2.2306E-03
 1429  7657  7685  8061  4951  1531  7944  5.0008E-03  6.7527E-03  2.8710E-03  3.5541E-03 -3.1365E-05  3.0941E-04 -1.9968E-03
 2000  6643  6605  7009  4263  1169  7093  6.0000E-03  5.8618E-03  2.4712E-03  3.0944E-03 -2.1892E-05  3.2276E-04 -1.7829E-03
 2571  5432  5575  5754  3553  2149  5900  6.9993E-03  4.7978E-03  2.0899E-03  2.5458E-03 -1.2116E-05  2.8661E-04 -1.4830E-03
 3143  4341  4498  4563  5392     0  4303  8.0003E-03  3.8392E-03  1.6912E-03  2.0253E-03 -3.7437E-05  3.6588E-04 -1.0816E-03
 3714  3106  3563  3294  5087  2735  2987  8.9995E-03  2.7541E-03  1.3450E-03  1.4707E-03 -3.3237E-05  2.6499E-04 -7.5082E-04
 4286  2032  2507  2215  6286  2104  2084  1.0001E-02  1.8104E-03  9.5409E-04  9.9909E-04 -4.9746E-05  2.8827E-04 -5.2384E-04
 4857  1052  1626  1343  8051  1836  1192  1.1000E-02  9.4933E-04  6.2795E-04  6.1797E-04 -7.4048E-05  2.9815E-04 -2.9962E-04
 5429   401   835   688  5664  6148   425  1.2001E-02  3.7733E-04  3.3512E-04  3.3170E-04 -4.1182E-05  1.3909E-04 -1.0683E-04
 6000   180   467   321  4711  8210   151  1.3000E-02  1.8316E-04  1.9888E-04  1.7130E-04 -2.8060E-05  6.3030E-05 -3.7956E-05
 6571    70   203   121  3328  9322    36  1.3999E-02  8.6505E-05  1.0115E-04  8.3884E-05 -9.0176E-06  2.2010E-05 -9.0490E-06
 7714    19    54    25  2891  9837     0  1.6000E-02  4.1694E-05  4.5991E-05  4.1927E-05 -3.0005E-06  3.0128E-06  0.0000E+00
 8857     6    11     5  2673  9919     0  1.8000E-02  3.0272E-05  3.0072E-05  3.3185E-05  1.0966E-09 -1.2064E-08  0.0000E+00
10000     0     0     0  2673 10000     0  2.0000E-02  2.5000E-05  2.6000E-05  3.1000E-05  1.0966E-09 -3.0000E-06  0.0000E+00
%
%
%Station   x(m)     Ue/Uref    Alfa     Cf     Beta,w
%   5     0.795      0.941     6.80  0.002915   7.63
%Max and min. values for each column
%3.000000E-02 1.193840E-02 4.897000E-03 5.557590E-03 -1.65724E-04 -1.54525E-04 -3.06104E-03
%2.500000E-03 3.300000E-05 3.800000E-05 3.900000E-05 1.819160E-04 1.774670E-04 0.000000E+00
%                                              y          u2/Qe       v2/Qe       w2/Qe       vw/Qe       uw/Qe       uv/Qe
    0 10000 10000 10000 10000  8242  9825  2.5000E-03  1.1938E-02  4.8970E-03  5.5576E-03 -1.6572E-04 -9.6161E-05 -3.0075E-03
  182  9881  9940  9924  6533  8974  9862  3.0005E-03  1.1797E-02  4.8678E-03  5.5156E-03 -4.5197E-05 -1.2046E-04 -3.0188E-03
  545  9603  9821  9823  2712 10000 10000  3.9988E-03  1.1466E-02  4.8100E-03  5.4599E-03  8.7636E-05 -1.5453E-04 -3.0610E-03
 1273  8727  9335  9431  1008  8686  9448  6.0008E-03  1.0423E-02  4.5739E-03  5.2436E-03  1.4687E-04 -1.1090E-04 -2.8921E-03
 2000  7412  8362  8547   478  7786  8274  8.0000E-03  8.8573E-03  4.1011E-03  4.7557E-03  1.6530E-04 -8.1022E-05 -2.5327E-03
 2727  5953  6907  7017     0  6583  6757  9.9993E-03  7.1203E-03  3.3941E-03  3.9114E-03  1.8192E-04 -4.1083E-05 -2.0683E-03
 3455  4455  5355  5242  2125  4207  5194  1.2001E-02  5.3369E-03  2.6400E-03  2.9318E-03  1.0804E-04  3.7798E-05 -1.5899E-03
 4182  3081  3632  3464  3549   937  2955  1.4001E-02  3.7011E-03  1.8028E-03  1.9506E-03  5.8539E-05  1.4636E-04 -9.0454E-04
 4909  1394  2153  1799  4908     0  1686  1.6000E-02  1.6926E-03  1.0841E-03  1.0318E-03  1.1294E-05  1.7747E-04 -5.1609E-04
 5636   456   994   668  4928  2376   373  1.7999E-02  5.7589E-04  5.2098E-04  4.0764E-04  1.0599E-05  9.8586E-05 -1.1418E-04
 6364   123   389   223  5377  4622     0  2.0001E-02  1.7944E-04  2.2702E-04  1.6206E-04 -5.0100E-06  2.4020E-05  0.0000E+00
 7091    37   119    63  5319  5255     0  2.2000E-02  7.7050E-05  9.5822E-05  7.3767E-05 -2.9937E-06  3.0052E-06  0.0000E+00
 7818    14    49    24  5319  5436     0  2.4000E-02  4.9668E-05  6.1809E-05  5.2245E-05 -2.9937E-06 -3.0039E-06  0.0000E+00
 8545     6    23     9  5319  5436     0  2.5999E-02  4.0143E-05  4.9176E-05  4.3967E-05 -2.9937E-06 -3.0039E-06  0.0000E+00
 9273     2     4     2  5233  5436     0  2.8001E-02  3.5381E-05  3.9944E-05  4.0104E-05 -4.0120E-09 -3.0039E-06  0.0000E+00
10000     0     0     0  5233  5436     0  3.0000E-02  3.3000E-05  3.8000E-05  3.9000E-05 -4.0120E-09 -3.0039E-06  0.0000E+00
%
%
%Station   x(m)     Ue/Uref    Alfa     Cf     Beta,w
%   7     0.895      0.906     9.00  0.002396   11.99
%Max and min. values for each column
%4.000000E-02 1.295940E-02 4.968000E-03 6.555600E-03 -2.19483E-04 -8.13863E-04 -3.01835E-03
%2.500000E-03 3.200000E-05 3.200000E-05 4.300000E-05 3.260520E-04 8.814090E-05 -2.00000E-06
%                                              y          u2/Qe       v2/Qe       w2/Qe       vw/Qe       uw/Qe       uv/Qe
    0  9798  9179  9780 10000  7722  9313  2.5000E-03  1.2698E-02  4.5628E-03  6.4123E-03 -2.1948E-04 -6.0839E-04 -2.8111E-03
  133  9890  9246  9788  8392  8554  9763  2.9988E-03  1.2817E-02  4.5958E-03  6.4175E-03 -1.3176E-04 -6.8343E-04 -2.9469E-03
  400 10000  9722 10000  5856  8957  9988  4.0000E-03  1.2959E-02  4.8308E-03  6.5556E-03  6.5867E-06 -7.1978E-04 -3.0147E-03
  933  9890 10000  9918  1633  9271 10000  5.9988E-03  1.2817E-02  4.9680E-03  6.5022E-03  2.3697E-04 -7.4811E-04 -3.0184E-03
 1467  9192  9599  9860   305 10000  9811  8.0013E-03  1.1915E-02  4.7701E-03  6.4644E-03  3.0941E-04 -8.1386E-04 -2.9613E-03
 2000  8063  8730  9055     0  9113  9000  1.0000E-02  1.0455E-02  4.3411E-03  5.9402E-03  3.2605E-04 -7.3386E-04 -2.7167E-03
 2533  6635  7605  7945   573  7404  7704  1.1999E-02  8.6093E-03  3.7858E-03  5.2173E-03  2.9479E-04 -5.7970E-04 -2.3258E-03
 3067  5413  6355  6502  1810  5764  6274  1.4001E-02  7.0296E-03  3.1688E-03  4.2775E-03  2.2731E-04 -4.3177E-04 -1.8945E-03
 3600  4029  4799  4770  2990  3936  4827  1.6000E-02  5.2404E-03  2.4008E-03  3.1495E-03  1.6294E-04 -2.6689E-04 -1.4580E-03
 4133  2704  3329  3073  5171  1540  2330  1.7999E-02  3.5276E-03  1.6752E-03  2.0443E-03  4.3956E-05 -5.0768E-05 -7.0481E-04
 4667  1199  2030  1638  5427     0  1519  2.0001E-02  1.5820E-03  1.0340E-03  1.1098E-03  2.9990E-05  8.8141E-05 -4.6018E-04
 5200   495  1106   641  6425   277   295  2.2000E-02  6.7191E-04  5.7792E-04  4.6046E-04 -2.4454E-05  6.3155E-05 -9.0982E-05
 5733   128   438   217  5941   821    40  2.3999E-02  1.9747E-04  2.4820E-04  1.8432E-04  1.9497E-06  1.4086E-05 -1.4065E-05
 6267    46   170    66  5940   955    10  2.6001E-02  9.1466E-05  1.1591E-04  8.5983E-05  2.0042E-06  1.9995E-06 -5.0164E-06
 6800    22    83    34  5940   999     0  2.8000E-02  6.0440E-05  7.2969E-05  6.5143E-05  2.0042E-06 -1.9693E-06 -2.0000E-06
 7333    12    43    14  5977   999     0  2.9999E-02  4.7513E-05  5.3225E-05  5.2118E-05 -1.4269E-08 -1.9693E-06 -2.0000E-06
 8000     5    20     8  5977  1033     0  3.2500E-02  3.8464E-05  4.1872E-05  4.8210E-05 -1.4269E-08 -5.0361E-06 -2.0000E-06
 8667     2    10     5  5977  1033     0  3.5001E-02  3.4585E-05  3.6936E-05  4.6256E-05 -1.4269E-08 -5.0361E-06 -2.0000E-06
 9333     0     2     0  5977  1033     0  3.7499E-02  3.2000E-05  3.2987E-05  4.3000E-05 -1.4269E-08 -5.0361E-06 -2.0000E-06
10000     0     0     0  5977   999     0  4.0000E-02  3.2000E-05  3.2000E-05  4.3000E-05 -1.4269E-08 -1.9693E-06 -2.0000E-06
%
%
%Station   x(m)     Ue/Uref    Alfa     Cf     Beta,w
%   9     0.995      0.875    10.90  0.003155  18.95
%Max and min. values for each column
%5.000000E-02 1.323360E-02 5.072000E-03 7.791400E-03 -3.02148E-04 -1.12032E-03 -3.23086E-03
%2.500000E-03 3.400000E-05 3.100000E-05 4.900000E-05 6.361140E-04 1.096710E-04 -4.00000E-06
%                                              y          u2/Qe       v2/Qe       w2/Qe       vw/Qe       uw/Qe       uv/Qe
    0  8499  7401  7943 10000  3393  7686  2.5000E-03  1.1252E-02  3.7618E-03  6.1988E-03 -3.0215E-04 -3.0766E-04 -2.4842E-03
  105  8579  7556  7884  8474  4238  8213  2.9988E-03  1.1358E-02  3.8400E-03  6.1531E-03 -1.5897E-04 -4.1160E-04 -2.6542E-03
  316  8787  8123  8207  5965  5665  8756  4.0010E-03  1.1632E-02  4.1258E-03  6.4032E-03  7.6441E-05 -5.8712E-04 -2.8294E-03
  737  9397  9085  8978  2987  8140  9572  6.0008E-03  1.2438E-02  4.6107E-03  7.0001E-03  3.5586E-04 -8.9154E-04 -3.0928E-03
 1158  9883  9784  9671   396  9225  9828  8.0005E-03  1.3079E-02  4.9631E-03  7.5367E-03  5.9896E-04 -1.0250E-03 -3.1754E-03
 1579 10000 10000 10000     0 10000 10000  1.0000E-02  1.3234E-02  5.0720E-03  7.7914E-03  6.3611E-04 -1.1203E-03 -3.2309E-03
 2000  9775  9923  9850    59  9587  9773  1.2000E-02  1.2937E-02  5.0332E-03  7.6753E-03  6.3058E-04 -1.0695E-03 -3.1576E-03
 2421  9050  9407  9162   342  9086  9201  1.4000E-02  1.1980E-02  4.7731E-03  7.1426E-03  6.0403E-04 -1.0079E-03 -2.9730E-03
 2842  8146  8510  8455   495  9039  8550  1.6000E-02  1.0786E-02  4.3209E-03  6.5952E-03  5.8967E-04 -1.0021E-03 -2.7630E-03
 3263  6705  7645  7242  1533  7431  7519  1.7999E-02  8.8843E-03  3.8848E-03  5.6560E-03  4.9228E-04 -8.0434E-04 -2.4303E-03
 3684  5490  6146  5892  2064  6409  6113  1.9999E-02  7.2806E-03  3.1292E-03  4.6108E-03  4.4246E-04 -6.7863E-04 -1.9766E-03
 4105  4165  4908  4481  3315  4509  4844  2.1999E-02  5.5316E-03  2.5051E-03  3.5184E-03  3.2508E-04 -4.4493E-04 -1.5671E-03
 4526  2916  3618  2969  4593  3217  3311  2.3999E-02  3.8830E-03  1.8548E-03  2.3477E-03  2.0517E-04 -2.8602E-04 -1.0724E-03
 4947  1643  2331  1733  5913  1533  1639  2.5998E-02  2.2027E-03  1.2061E-03  1.3908E-03  8.1320E-05 -7.8887E-05 -5.3288E-04
 5368   696  1406   919  6567     0   899  2.7998E-02  9.5269E-04  7.3976E-04  7.6053E-04  1.9957E-05  1.0967E-04 -2.9409E-04
 5789   199   659   331  6493   591   205  2.9998E-02  2.9667E-04  3.6320E-04  3.0527E-04  2.6900E-05  3.6979E-05 -7.0151E-05
 6316    59   260   110  6801   827    19  3.2501E-02  1.1188E-04  1.6207E-04  1.3417E-04 -1.9980E-06  7.9507E-06 -1.0131E-05
 6842    27   111    41  6737   908     0  3.5000E-02  6.9639E-05  8.6955E-05  8.0744E-05  4.0069E-06 -2.0122E-06 -4.0000E-06
 7368    14    56    18  6758   908     0  3.7498E-02  5.2479E-05  5.9230E-05  6.2936E-05  2.0365E-06 -2.0122E-06 -4.0000E-06
 7895     7    32    10  6758   924     0  4.0001E-02  4.3240E-05  4.7131E-05  5.6742E-05  2.0365E-06 -3.9802E-06 -4.0000E-06
 8421     4    18     4  6737   940     6  4.2500E-02  3.9280E-05  4.0074E-05  5.2097E-05  4.0069E-06 -5.9482E-06 -5.9361E-06
 8947     2    10     3  6737   924     6  4.4998E-02  3.6640E-05  3.6041E-05  5.1323E-05  4.0069E-06 -3.9802E-06 -5.9361E-06
 9474     1     8     1  6758   908     0  4.7502E-02  3.5320E-05  3.5033E-05  4.9774E-05  2.0365E-06 -2.0122E-06 -4.0000E-06
10000     0     0     0  6737   908     6  5.0000E-02  3.4000E-05  3.1000E-05  4.9000E-05  4.0069E-06 -2.0122E-06 -5.9361E-06
%
%
%Station   x(m)     Ue/Uref    Alfa     Cf     Beta,w
%  11     1.095      0.851    13.20  0.001764   27.00
%Max and min. values for each column
%0.06  0.0131117 0.004768 0.0082903 -0.000549328 -0.00177395 -0.0029579
%.0025   3.8E-05  3.7E-05     5E-05  0.000892322     2.6E-05     -2E-06
%                                              y          u2/Qe       v2/Qe       w2/Qe       vw/Qe       uw/Qe       uv/Qe
    0  7770  6301  6783 10000   850  6407  2.5000E-03  1.0196E-02  3.0180E-03  5.6394E-03 -5.4933E-04 -1.2700E-04 -1.8958E-03
   87  8097  6578  6977  9147  1225  6623  3.0003E-03  1.0624E-02  3.1491E-03  5.7993E-03 -4.2636E-04 -1.9449E-04 -1.9597E-03
  261  8210  7157  7019  7697  3111  7223  4.0008E-03  1.0772E-02  3.4230E-03  5.8339E-03 -2.1732E-04 -5.3396E-04 -2.1370E-03
  609  8910  8400  7919  5054  5666  8190  6.0018E-03  1.1687E-02  4.0110E-03  6.5755E-03  1.6371E-04 -9.9385E-04 -2.4229E-03
  957  9415  9019  8752  3492  7382  9068  8.0028E-03  1.2347E-02  4.3039E-03  7.2619E-03  3.8890E-04 -1.3027E-03 -2.6824E-03
 1304  9698  9503  9398  2181  8733  9418  9.9980E-03  1.2717E-02  4.5329E-03  7.7942E-03  5.7790E-04 -1.5459E-03 -2.7859E-03
 1652  9725  9732  9625  1209  9442  9951  1.1999E-02  1.2752E-02  4.6412E-03  7.9813E-03  7.1803E-04 -1.6735E-03 -2.9434E-03
 2000 10000 10000 10000   436  9576  9859  1.4000E-02  1.3112E-02  4.7680E-03  8.2903E-03  8.2947E-04 -1.6976E-03 -2.9162E-03
 2348  9813  9987  9901   401 10000 10000  1.6001E-02  1.2867E-02  4.7618E-03  8.2087E-03  8.3451E-04 -1.7740E-03 -2.9579E-03
 2696  9374  9683  9676     0  9617  9707  1.8002E-02  1.2293E-02  4.6180E-03  8.0233E-03  8.9232E-04 -1.7050E-03 -2.8713E-03
 3043  8986  9135  9417   573  8716  8930  1.9997E-02  1.1786E-02  4.3588E-03  7.8099E-03  8.0972E-04 -1.5428E-03 -2.6416E-03
 3391  8279  8639  8667  1051  8318  8600  2.1998E-02  1.0862E-02  4.1241E-03  7.1919E-03  7.4080E-04 -1.4712E-03 -2.5441E-03
 3739  7545  8055  7825  1600  7447  7715  2.3999E-02  9.9021E-03  3.8478E-03  6.4980E-03  6.6166E-04 -1.3144E-03 -2.2825E-03
 4087  6521  7125  6890  2247  6531  6959  2.6000E-02  8.5634E-03  3.4078E-03  5.7276E-03  5.6838E-04 -1.1495E-03 -2.0590E-03
 4435  5538  6223  5853  3091  5683  5945  2.8001E-02  7.2782E-03  2.9811E-03  4.8730E-03  4.4671E-04 -9.9691E-04 -1.7593E-03
 4783  4504  5157  4524  3857  4335  4824  3.0002E-02  5.9264E-03  2.4768E-03  3.7779E-03  3.3628E-04 -7.5428E-04 -1.4279E-03
 5217  3162  3794  3007  4831  2969  3035  3.2498E-02  4.1719E-03  1.8319E-03  2.5279E-03  1.9586E-04 -5.0841E-04 -8.9912E-04
 5652  1632  2272  1554  5759   914  1277  3.4999E-02  2.1716E-03  1.1119E-03  1.3305E-03  6.2076E-05 -1.3852E-04 -3.7947E-04
 6087   568  1277   670  6108   182   538  3.7500E-02  7.8059E-04  6.4115E-04  6.0210E-04  1.1762E-05 -6.7591E-06 -1.6103E-04
 6522   167   539   214  6190     0   173  4.0002E-02  2.5633E-04  2.9200E-04  2.2634E-04 -5.9350E-08  2.6000E-05 -5.3137E-05
 6957    62   268    84  6162   172    17  4.2503E-02  1.1906E-04  1.6379E-04  1.1922E-04  3.9773E-06 -4.9591E-06 -7.0250E-06
 7391    31   118    35  6176   194     0  4.4998E-02  7.8528E-05  9.2826E-05  7.8841E-05  1.9590E-06 -8.9190E-06 -2.0000E-06
 7826    18    70    18  6176   183     0  4.7500E-02  6.1533E-05  7.0117E-05  6.4833E-05  1.9590E-06 -6.9391E-06 -2.0000E-06
 8261    10    40    12  6217   183     7  5.0001E-02  5.1074E-05  5.5924E-05  5.9888E-05 -3.9518E-06 -6.9391E-06 -4.0691E-06
 8696     5    19     7  6176   167     0  5.2502E-02  4.4537E-05  4.5989E-05  5.5768E-05  1.9590E-06 -4.0592E-06 -2.0000E-06
 9130     3    11     4  6176   167     7  5.4998E-02  4.1922E-05  4.2204E-05  5.3296E-05  1.9590E-06 -4.0592E-06 -4.0691E-06
 9565     2     4     2  6162   167    10  5.7499E-02  4.0615E-05  3.8892E-05  5.1648E-05  3.9773E-06 -4.0592E-06 -4.9559E-06
10000     0     0     0  6176   167    10  6.0000E-02  3.8000E-05  3.7000E-05  5.0000E-05  1.9590E-06 -4.0592E-06 -4.9559E-06
%
%
%Station   x(m)     Ue/Uref    Alfa     Cf     Beta,w
%  13     1.195      0.834     14.70  0.001549  33.80
%Max and min. values for each column
%7.000000E-02 1.571030E-02 5.233000E-03 1.050610E-02 -6.31846E-04 -2.83340E-03 -3.53411E-03
%2.500000E-03 4.700000E-05 4.900000E-05 6.000000E-05 1.329720E-03 3.506820E-04 -2.00000E-06
%                                              y          u2/Qe       v2/Qe       w2/Qe       vw/Qe       uw/Qe       uv/Qe
    0  5431  4545  5217 10000     0  4163  2.5000E-03  8.5537E-03  2.4051E-03  5.5097E-03 -6.3185E-04  3.5068E-04 -1.4724E-03
   74  5447  4680  5105  9911   387  4281  2.9995E-03  8.5788E-03  2.4751E-03  5.3927E-03 -6.1439E-04  2.2746E-04 -1.5141E-03
  222  5838  5183  5217  8551  1274  4915  3.9985E-03  9.1912E-03  2.7359E-03  5.5097E-03 -3.4762E-04 -5.4970E-05 -1.7380E-03
  519  6422  6007  5668  7322  2937  5739  6.0033E-03  1.0106E-02  3.1630E-03  5.9808E-03 -1.0654E-04 -5.8448E-04 -2.0291E-03
  815  7288  6983  6447  5196  4689  6753  8.0013E-03  1.1462E-02  3.6690E-03  6.7946E-03  3.1049E-04 -1.1423E-03 -2.3872E-03
 1111  7705  7498  7144  4741  5823  7137  9.9993E-03  1.2116E-02  3.9360E-03  7.5227E-03  3.9974E-04 -1.5034E-03 -2.5229E-03
 1407  8465  8370  7902  3426  7105  7818  1.1997E-02  1.3306E-02  4.3880E-03  8.3145E-03  6.5769E-04 -1.9116E-03 -2.7634E-03
 1704  8970  8827  8477  2342  8079  8822  1.4002E-02  1.4097E-02  4.6249E-03  8.9152E-03  8.7032E-04 -2.2217E-03 -3.1180E-03
 2000  9373  9319  9024  1224  9025  9206  1.6000E-02  1.4728E-02  4.8800E-03  9.4866E-03  1.0896E-03 -2.5230E-03 -3.2537E-03
 2296  9761  9672  9485  1546  9288  9789  1.7998E-02  1.5336E-02  5.0630E-03  9.9681E-03  1.0265E-03 -2.6067E-03 -3.4596E-03
 2593 10000 10000  9820     0  9899 10000  2.0003E-02  1.5710E-02  5.2330E-03  1.0318E-02  1.3297E-03 -2.8012E-03 -3.5341E-03
 2889  9924  9770 10000   941 10000  9914  2.2001E-02  1.5591E-02  5.1138E-03  1.0506E-02  1.1451E-03 -2.8334E-03 -3.5037E-03
 3185  9751  9979  9769   562  9868  9624  2.3999E-02  1.5320E-02  5.2221E-03  1.0265E-02  1.2195E-03 -2.7914E-03 -3.4013E-03
 3481  9362  9491  9675   831  9396  9741  2.5997E-02  1.4711E-02  4.9691E-03  1.0167E-02  1.1667E-03 -2.6411E-03 -3.4426E-03
 3778  8843  9298  9110   740  9251  9128  2.8002E-02  1.3898E-02  4.8691E-03  9.5764E-03  1.1846E-03 -2.5949E-03 -3.2261E-03
 4074  8240  8808  8584  1626  7694  7927  3.0000E-02  1.2954E-02  4.6151E-03  9.0269E-03  1.0108E-03 -2.0992E-03 -2.8019E-03
 4444  7043  7884  7277  2464  6796  6584  3.2497E-02  1.1079E-02  4.1361E-03  7.6616E-03  8.4639E-04 -1.8132E-03 -2.3275E-03
 4815  5861  6736  6139  2954  5806  6050  3.5001E-02  9.2273E-03  3.5409E-03  6.4729E-03  7.5027E-04 -1.4980E-03 -2.1389E-03
 5185  4589  5621  5013  3759  4981  4634  3.7499E-02  7.2349E-03  2.9629E-03  5.2966E-03  5.9237E-04 -1.2353E-03 -1.6388E-03
 5556  3528  4244  3618  4604  3611  3743  4.0003E-02  5.5730E-03  2.2491E-03  3.8394E-03  4.2662E-04 -7.9909E-04 -1.3241E-03
 5926  2332  3289  2255  5374  2432  1680  4.2501E-02  3.6997E-03  1.7540E-03  2.4156E-03  2.7557E-04 -4.2369E-04 -5.9539E-04
 6296  1194  2089  1218  6323  1450  1138  4.4998E-02  1.9172E-03  1.1319E-03  1.3323E-03  8.9422E-05 -1.1101E-04 -4.0395E-04
 6667   497  1348   548  6550  1063   153  4.7502E-02  8.2547E-04  7.4780E-04  6.3245E-04  4.4894E-05  1.2214E-05 -5.6041E-05
 7037   162   625   212  6682  1067   136  5.0000E-02  3.0075E-04  3.7300E-04  2.8146E-04  1.9002E-05  1.0940E-05 -5.0037E-05
 7407    79   338   108  6753  1130     8  5.2497E-02  1.7074E-04  2.2422E-04  1.7282E-04  5.0745E-06 -9.1193E-06 -4.8257E-06
 7778    37   174    45  6753  1145     8  5.5002E-02  1.0495E-04  1.3920E-04  1.0701E-04  5.0745E-06 -1.3895E-05 -4.8257E-06
 8148    22    98    24  6779  1130     0  5.7499E-02  8.1459E-05  9.9803E-05  8.5071E-05 -2.5591E-08 -9.1193E-06 -2.0000E-06
 8519    13    58    17  6769  1136     3  6.0003E-02  6.7362E-05  7.9067E-05  7.7758E-05  1.9360E-06 -1.1030E-05 -3.0596E-06
 8889     9    37     9  6764  1126     0  6.2501E-02  6.1097E-05  6.8181E-05  6.9401E-05  2.9168E-06 -7.8456E-06 -2.0000E-06
 9259     4    17     6  6769  1120     0  6.4998E-02  5.3265E-05  5.7813E-05  6.6268E-05  1.9360E-06 -5.9352E-06 -2.0000E-06
 9630     3    10     4  6769  1117     0  6.7503E-02  5.1699E-05  5.4184E-05  6.4178E-05  1.9360E-06 -4.9800E-06 -2.0000E-06
10000     0     0     0  6769  1117     3  7.0000E-02  4.7000E-05  4.9000E-05  6.0000E-05  1.9360E-06 -4.9800E-06 -3.0596E-06
%
%
%Station   x(m)     Ue/Uref    Alfa     Cf     Beta,w
%  15     1.295      0.823     15.80  0.001520  38.30
%Max and min. values for each column
%8.000000E-02 1.798130E-02 7.250000E-03 1.309870E-02 -8.17518E-04 -4.06748E-03 -4.21801E-03
%2.500000E-03 5.900000E-05 7.400000E-05 7.100000E-05 1.799890E-03 7.566230E-04 5.000000E-06
%                                              y          u2/Qe       v2/Qe       w2/Qe       vw/Qe       uw/Qe       uv/Qe
    0  3880  3117  4066 10000     0  2636  2.5000E-03  7.0129E-03  2.3108E-03  5.3681E-03 -8.1752E-04  7.5662E-04 -1.1082E-03
   65  4058  3186  4056  9572   261  3114  3.0038E-03  7.3319E-03  2.3603E-03  5.3550E-03 -7.0549E-04  6.3071E-04 -1.3100E-03
  194  4196  3505  3991  8733   496  3311  4.0035E-03  7.5792E-03  2.5892E-03  5.2704E-03 -4.8589E-04  5.1735E-04 -1.3932E-03
  452  4588  4181  4221  7477  1602  4005  6.0030E-03  8.2818E-03  3.0743E-03  5.5700E-03 -1.5715E-04 -1.6198E-05 -1.6863E-03
  710  5302  4823  4510  6173  2719  4313  8.0025E-03  9.5614E-03  3.5350E-03  5.9465E-03  1.8416E-04 -5.5505E-04 -1.8164E-03
  968  5549  5293  5089  5170  3745  4925  1.0002E-02  1.0004E-02  3.8723E-03  6.7008E-03  4.4669E-04 -1.0500E-03 -2.0748E-03
 1226  6216  6148  5653  3995  4611  5373  1.2002E-02  1.1200E-02  4.4858E-03  7.4356E-03  7.5424E-04 -1.4678E-03 -2.2640E-03
 1484  6749  6668  6246  3489  5415  6265  1.4001E-02  1.2155E-02  4.8590E-03  8.2081E-03  8.8668E-04 -1.8556E-03 -2.6407E-03
 1742  7351  7297  6910  2677  6539  6878  1.6001E-02  1.3234E-02  5.3103E-03  9.0731E-03  1.0992E-03 -2.3979E-03 -2.8996E-03
 2000  8048  8059  7664  1923  7027  7738  1.8000E-02  1.4483E-02  5.8571E-03  1.0055E-02  1.2966E-03 -2.6333E-03 -3.2628E-03
 2258  8388  8386  7992  1339  7778  7921  2.0000E-02  1.5092E-02  6.0918E-03  1.0483E-02  1.4494E-03 -2.9956E-03 -3.3400E-03
 2516  8940  8825  8690   638  8258  8835  2.1999E-02  1.6082E-02  6.4068E-03  1.1392E-02  1.6329E-03 -3.2271E-03 -3.7260E-03
 2774  9422  9247  9176   717  9115  8821  2.3999E-02  1.6945E-02  6.7096E-03  1.2025E-02  1.6122E-03 -3.6405E-03 -3.7201E-03
 3032  9725  9652  9588   360  9044  9237  2.5998E-02  1.7488E-02  7.0003E-03  1.2562E-02  1.7057E-03 -3.6063E-03 -3.8958E-03
 3290  9963 10000  9679   353  9348  9593  2.7998E-02  1.7915E-02  7.2500E-03  1.2681E-02  1.7075E-03 -3.7529E-03 -4.0461E-03
 3548 10000  9918 10000   485  9737  9675  2.9997E-02  1.7981E-02  7.1912E-03  1.3099E-02  1.6729E-03 -3.9406E-03 -4.0808E-03
 3871  9969  9826  9825    33 10000  9736  3.2500E-02  1.7926E-02  7.1251E-03  1.2871E-02  1.7913E-03 -4.0675E-03 -4.1065E-03
 4194  9544  9363  9597     0  9926 10000  3.5004E-02  1.7164E-02  6.7929E-03  1.2574E-02  1.7999E-03 -4.0318E-03 -4.2180E-03
 4516  9020  8764  9082   631  9200  9264  3.7499E-02  1.6225E-02  6.3630E-03  1.1903E-02  1.6347E-03 -3.6816E-03 -3.9072E-03
 4839  8190  7977  8229  1497  8840  8569  4.0002E-02  1.4737E-02  5.7983E-03  1.0791E-02  1.4081E-03 -3.5079E-03 -3.6137E-03
 5161  7219  7415  7215  2195  7514  7058  4.2498E-02  1.2997E-02  5.3950E-03  9.4705E-03  1.2254E-03 -2.8682E-03 -2.9756E-03
 5484  5992  6473  6004  3066  7088  6277  4.5001E-02  1.0798E-02  4.7190E-03  7.8928E-03  9.9739E-04 -2.6627E-03 -2.6458E-03
 5806  4590  5333  4730  3891  5806  5039  4.7497E-02  8.2853E-03  3.9010E-03  6.2331E-03  7.8146E-04 -2.0443E-03 -2.1230E-03
 6129  3539  4282  3616  4594  4816  3877  5.0000E-02  6.4017E-03  3.1468E-03  4.7818E-03  5.9745E-04 -1.5667E-03 -1.6323E-03
 6452  2377  3227  2293  5164  3647  2355  5.2503E-02  4.3191E-03  2.3897E-03  3.0583E-03  4.4826E-04 -1.0027E-03 -9.8952E-04
 6774  1217  2122  1096  5691  2047   881  5.4999E-02  2.2401E-03  1.5967E-03  1.4988E-03  3.1032E-04 -2.3087E-04 -3.6705E-04
 7097   491  1215   579  6523  1730   751  5.7502E-02  9.3898E-04  9.4588E-04  8.2530E-04  9.2555E-05 -7.7947E-05 -3.1215E-04
 7419   180   775   236  6686  1593   152  5.9997E-02  3.8160E-04  6.3014E-04  3.7845E-04  4.9891E-05 -1.1857E-05 -5.9190E-05
 7742    94   361   117  6785  1618   109  6.2501E-02  2.2747E-04  3.3305E-04  2.2342E-04  2.3979E-05 -2.3917E-05 -4.1031E-05
 8065    52   217    66  6812  1622    19  6.5004E-02  1.5220E-04  2.2972E-04  1.5698E-04  1.6912E-05 -2.5847E-05 -3.0237E-06
 8387    32   134    36  6842  1612     0  6.7499E-02  1.1635E-04  1.7016E-04  1.1790E-04  9.0594E-06 -2.1022E-05  5.0000E-06
 8710    20    91    24  6865  1604     7  7.0003E-02  9.4845E-05  1.3930E-04  1.0227E-04  3.0394E-06 -1.7163E-05  2.0439E-06
 9032    12    49    15  6877  1597    12  7.2498E-02  8.0507E-05  1.0916E-04  9.0542E-05 -1.0148E-07 -1.3786E-05 -6.7612E-08
 9355     7    22     5  6869  1591    17  7.5001E-02  7.1546E-05  8.9787E-05  7.7514E-05  1.9924E-06 -1.0892E-05 -2.1791E-06
 9677     5    15     1  6884  1591    12  7.7497E-02  6.7961E-05  8.4764E-05  7.2303E-05 -1.9337E-06 -1.0892E-05 -6.7612E-08
10000     0     0     0  6877  1579    12  8.0000E-02  5.9000E-05  7.4000E-05  7.1000E-05 -1.0148E-07 -5.1029E-06 -6.7612E-08
%
%
%Station   x(m)     Ue/Uref    Alfa     Cf     Beta,w
%  17     1.395      0.814     16.90  0.001800  39.50
%Max and min. values for each column
%8.000000E-02 1.703190E-02 6.726000E-03 1.253110E-02 -7.12938E-04 -3.32525E-03 -4.05694E-03
%2.500000E-03 1.150000E-04 1.640000E-04 1.030000E-04 2.273590E-03 1.648880E-03 2.000000E-06
%                                              y          u2/Qe       v2/Qe       w2/Qe       vw/Qe       uw/Qe       uv/Qe
    0  3482  3155  5311 10000     0  2944  2.5000E-03  6.0055E-03  2.2343E-03  6.7036E-03 -7.1294E-04  1.6489E-03 -1.1930E-03
   65  3333  3081  5026  9794   199  3000  3.0038E-03  5.7534E-03  2.1858E-03  6.3494E-03 -6.5142E-04  1.5499E-03 -1.2157E-03
  194  3349  3191  4849  9133   551  3040  4.0035E-03  5.7805E-03  2.2579E-03  6.1294E-03 -4.5401E-04  1.3748E-03 -1.2319E-03
  452  3301  3461  4604  7590  1372  2743  6.0030E-03  5.6993E-03  2.4351E-03  5.8249E-03  6.8152E-06  9.6643E-04 -1.1114E-03
  710  3371  3996  4664  6072  2596  2807  8.0025E-03  5.8177E-03  2.7862E-03  5.8995E-03  4.6017E-04  3.5760E-04 -1.1373E-03
  968  3477  4508  4816  4621  3649  2716  1.0002E-02  5.9970E-03  3.1221E-03  6.0884E-03  8.9352E-04 -1.6618E-04 -1.1004E-03
 1226  3791  5027  5250  3409  4260  3227  1.2002E-02  6.5282E-03  3.4627E-03  6.6278E-03  1.2555E-03 -4.7010E-04 -1.3078E-03
 1484  4086  5526  5603  2195  4897  3531  1.4001E-02  7.0272E-03  3.7902E-03  7.0665E-03  1.6180E-03 -7.8695E-04 -1.4312E-03
 1742  4489  6129  6010  1937  5420  3836  1.6001E-02  7.7090E-03  4.1858E-03  7.5723E-03  1.6951E-03 -1.0471E-03 -1.5550E-03
 2000  4995  6685  6318  1764  5940  4823  1.8000E-02  8.5650E-03  4.5507E-03  7.9551E-03  1.7468E-03 -1.3058E-03 -1.9556E-03
 2258  5698  7226  6782  1112  6287  5552  2.0000E-02  9.7542E-03  4.9057E-03  8.5317E-03  1.9415E-03 -1.4784E-03 -2.2515E-03
 2516  6289  7818  7142   947  6924  6177  2.1999E-02  1.0754E-02  5.2942E-03  8.9791E-03  1.9908E-03 -1.7952E-03 -2.5052E-03
 2774  7133  8372  7836   669  7282  7027  2.3999E-02  1.2182E-02  5.6577E-03  9.8417E-03  2.0738E-03 -1.9733E-03 -2.8502E-03
 3032  7642  8746  8290   811  7818  7374  2.5998E-02  1.3043E-02  5.9031E-03  1.0406E-02  2.0314E-03 -2.2399E-03 -2.9911E-03
 3290  8265  9250  8766   274  8259  8103  2.7998E-02  1.4097E-02  6.2339E-03  1.0997E-02  2.1918E-03 -2.4593E-03 -3.2870E-03
 3548  8815  9611  9021   343  8599  9103  2.9997E-02  1.5027E-02  6.4707E-03  1.1314E-02  2.1712E-03 -2.6284E-03 -3.6929E-03
 3871  9360  9842  9464     0  9270  9474  3.2500E-02  1.5949E-02  6.6223E-03  1.1865E-02  2.2736E-03 -2.9621E-03 -3.8434E-03
 4194  9931 10000  9926   235  9498  9800  3.5004E-02  1.6915E-02  6.7260E-03  1.2439E-02  2.2034E-03 -3.0755E-03 -3.9758E-03
 4516  9915  9883 10000   208 10000  9991  3.7499E-02  1.6888E-02  6.6492E-03  1.2531E-02  2.2115E-03 -3.3253E-03 -4.0533E-03
 4839 10000  9925  9845   280  9965 10000  4.0002E-02  1.7032E-02  6.6768E-03  1.2338E-02  2.1900E-03 -3.3078E-03 -4.0569E-03
 5161  9549  9497  9553   646  9975  9784  4.2498E-02  1.6269E-02  6.3959E-03  1.1976E-02  2.0807E-03 -3.3128E-03 -3.9693E-03
 5484  9258  8866  9338  1180  9820  9326  4.5001E-02  1.5777E-02  5.9819E-03  1.1708E-02  1.9212E-03 -3.2357E-03 -3.7834E-03
 5806  8569  8452  8706  1604  8944  8000  4.7497E-02  1.4611E-02  5.7102E-03  1.0923E-02  1.7946E-03 -2.8000E-03 -3.2452E-03
 6129  7618  7659  7653  3197  8542  7329  5.0000E-02  1.3002E-02  5.1898E-03  9.6142E-03  1.3188E-03 -2.6000E-03 -2.9728E-03
 6452  6692  6728  6525  3624  8102  6294  5.2503E-02  1.1436E-02  4.5789E-03  8.2123E-03  1.1913E-03 -2.3812E-03 -2.5527E-03
 6774  5674  5898  5442  4304  7604  5460  5.4999E-02  9.7136E-03  4.0343E-03  6.8664E-03  9.8819E-04 -2.1334E-03 -2.2142E-03
 7097  4351  4928  4184  4912  6929  4624  5.7502E-02  7.4755E-03  3.3978E-03  5.3029E-03  8.0661E-04 -1.7977E-03 -1.8749E-03
 7419  3335  3799  3040  5937  5709  3301  5.9997E-02  5.7568E-03  2.6569E-03  3.8811E-03  5.0049E-04 -1.1909E-03 -1.3379E-03
 7742  2140  3069  1958  6392  4104  1025  6.2501E-02  3.7352E-03  2.1779E-03  2.5364E-03  3.6460E-04 -3.9250E-04 -4.1404E-04
 8065  1272  1963  1043  7158  3667   809  6.5004E-02  2.2668E-03  1.4521E-03  1.3993E-03  1.3583E-04 -1.7513E-04 -3.2637E-04
 8387   452  1265   505  7372  3234   293  6.7499E-02  8.7964E-04  9.9409E-04  7.3062E-04  7.1922E-05  4.0246E-05 -1.1693E-04
 8710   218   774   242  7599  3341   128  7.0003E-02  4.8379E-04  6.7190E-04  4.0376E-04  4.1274E-06 -1.2977E-05 -4.9954E-05
 9032    86   405    96  7566  3377    84  7.2498E-02  2.6049E-04  4.2976E-04  2.2231E-04  1.3983E-05 -3.0884E-05 -3.2095E-05
 9355    48   184    51  7566  3369     0  7.5001E-02  1.9620E-04  2.8474E-04  1.6638E-04  1.3983E-05 -2.6904E-05  2.0000E-06
 9677    19    59    18  7576  3361     0  7.7497E-02  1.4714E-04  2.0272E-04  1.2537E-04  1.0996E-05 -2.2925E-05  2.0000E-06
10000     0     0     0  7606  3361     5  8.0000E-02  1.1500E-04  1.6400E-04  1.0300E-04  2.0368E-06 -2.2925E-05 -2.9470E-08
