%
% Basic inner-scaled statistics for turbulent flow in a circular pipe
%
% See the following reference for details
% 
% Pirozzoli, S., Romero, J., Fatica, M., Verzicco, R., & Orlandi, P. (2021). 
% One-point statistics for turbulent pipe flow up to $\Rey_{\tau} \approx 6000$
% arXiv preprint arXiv:2103.13383.
%
% The flow parameters are as follows:
%
%  N_z                         = 3072
%  N_r                         =  399
%  N_theta                     = 3072
%  Streamwise domain size      = 15 R
%  Bulk Reynolds number        = 82500
%  Friction Reynolds number    = 1976.0
%  Friction coefficient        = 0.01836
%
%  Flow variables
%  
%        y^+                  U_z^+               P^+                 u_z^2              u_r^2              u_t^2                u_z u_r              p^2
%
    0.2594846871E-01    0.2593739933E-01    0.2446856301E-07    0.1266121733E-03    0.3476701216E-09    0.5736634461E-04    0.8267221925E-07    0.7883830135E+01
    0.8772055748E-01    0.8768217263E-01    0.5723025026E-08    0.1415284874E-02    0.1328394698E-07    0.5978183873E-03    0.1219551241E-05    0.7881082328E+01
    0.1829829089E+00    0.1828979875E+00   -0.2357462160E-06    0.6125370555E-02    0.2053047892E-06    0.2499890096E-02    0.9722691215E-05    0.7877100879E+01
    0.3402217798E+00    0.3400476749E+00   -0.2507525057E-05    0.2108978453E-01    0.2179950829E-05    0.8270057413E-02    0.5925675032E-04    0.7871205553E+01
    0.5880730926E+00    0.5877115332E+00   -0.1905832245E-04    0.6273729528E-01    0.1726872554E-04    0.2328304472E-01    0.2944867357E-03    0.7863613782E+01
    0.9522470770E+00    0.9514099202E+00   -0.1106733637E-03    0.1635925216E+00    0.1032086981E-03    0.5615574264E-01    0.1212469435E-02    0.7856213658E+01
    0.1453632640E+01    0.1451296337E+01   -0.4980369805E-03    0.3781239392E+00    0.4732962797E-03    0.1169673301E+00    0.4187041437E-02    0.7853280147E+01
    0.2107369320E+01    0.2099931267E+01   -0.1776087703E-02    0.7828992571E+00    0.1708920804E-02    0.2134223359E+00    0.1225178877E-01    0.7861853255E+01
    0.2922721548E+01    0.2899116175E+01   -0.5156655167E-02    0.1460414448E+01    0.5003480376E-02    0.3469599867E+00    0.3061092467E-01    0.7891380459E+01
    0.3903541676E+01    0.3835430113E+01   -0.1253721565E-01    0.2455641094E+01    0.1223863853E-01    0.5118506462E+00    0.6579411003E-01    0.7952285646E+01
    0.5049097194E+01    0.4876560351E+01   -0.2623706405E-01    0.3719398361E+01    0.2573293623E-01    0.6981432647E+00    0.1228632915E+00    0.8053580621E+01
    0.6355058281E+01    0.5972853457E+01   -0.4848389100E-01    0.5091324726E+01    0.4773544036E-01    0.8957599285E+00    0.2020302002E+00    0.8200238809E+01
    0.7814493077E+01    0.7066578940E+01   -0.8090865672E-01    0.6359254348E+01    0.7991061864E-01    0.1096385863E+01    0.2974143867E+00    0.8391255525E+01
    0.9418766061E+01    0.8105356241E+01   -0.1242307061E+00    0.7354011355E+01    0.1230018418E+00    0.1292919493E+01    0.3992008916E+00    0.8618997890E+01
    0.1115829192E+02    0.9052589305E+01   -0.1781492635E+00    0.8004547866E+01    0.1767088344E+00    0.1478710022E+01    0.4975364133E+00    0.8870048332E+01
    0.1302312533E+02    0.9890567026E+01   -0.2414051614E+00    0.8329466320E+01    0.2397514623E+00    0.1647948011E+01    0.5854847261E+00    0.9127439089E+01
    0.1500339567E+02    0.1061728307E+02   -0.3119925801E+00    0.8396186852E+01    0.3100924950E+00    0.1796661884E+01    0.6598284407E+00    0.9373704587E+01
    0.1708960878E+02    0.1124071940E+02   -0.3874755056E+00    0.8283451869E+01    0.3852648758E+00    0.1923267398E+01    0.7202822354E+00    0.9593754909E+01
    0.1927283753E+02    0.1177361163E+02   -0.4653238416E+00    0.8060419542E+01    0.4627138291E+00    0.2028319216E+01    0.7682307218E+00    0.9776723594E+01
    0.2154483013E+02    0.1222988220E+02   -0.5431878204E+00    0.7779587317E+01    0.5400731829E+00    0.2113787853E+01    0.8056996951E+00    0.9916504251E+01
    0.2389805589E+02    0.1262267822E+02   -0.6190756396E+00    0.7477154560E+01    0.6153418381E+00    0.2182255926E+01    0.8347474883E+00    0.1001127166E+02
    0.2632570906E+02    0.1296351695E+02   -0.6914368421E+00    0.7176211465E+01    0.6869653940E+00    0.2236333597E+01    0.8571898551E+00    0.1006248954E+02
    0.2882168283E+02    0.1326207054E+02   -0.7591740268E+00    0.6890318647E+01    0.7538463615E+00    0.2278355642E+01    0.8745174419E+00    0.1007383563E+02
    0.3138052814E+02    0.1352626220E+02   -0.8216070613E+00    0.6626518021E+01    0.8153068334E+00    0.2310267186E+01    0.8879064008E+00    0.1005027843E+02
    0.3399740054E+02    0.1376248675E+02   -0.8784053176E+00    0.6387703650E+01    0.8710206823E+00    0.2333688090E+01    0.8982667706E+00    0.9997338445E+01
    0.3666800561E+02    0.1397585688E+02   -0.9295130845E+00    0.6174295282E+01    0.9209387468E+00    0.2349982257E+01    0.9062974847E+00    0.9920561532E+01
    0.3938854259E+02    0.1417043988E+02   -0.9750836150E+00    0.5985186713E+01    0.9652216359E+00    0.2360262488E+01    0.9125323702E+00    0.9825200122E+01
    0.4215564964E+02    0.1434947064E+02   -0.1015415457E+01    0.5818480353E+01    0.1004176019E+01    0.2365443505E+01    0.9173766227E+00    0.9715970890E+01
    0.4496635461E+02    0.1451552080E+02   -0.1050895162E+01    0.5672015610E+01    0.1038197386E+01    0.2366317470E+01    0.9211350367E+00    0.9596906148E+01
    0.4781802896E+02    0.1467064105E+02   -0.1081954476E+01    0.5543565738E+01    0.1067726763E+01    0.2363563077E+01    0.9240344208E+00    0.9471368917E+01
    0.5070834468E+02    0.1481647307E+02   -0.1109042036E+01    0.5430959473E+01    0.1093221895E+01    0.2357754862E+01    0.9262454553E+00    0.9342154466E+01
    0.5363523828E+02    0.1495433525E+02   -0.1132603155E+01    0.5332198115E+01    0.1115137030E+01    0.2349412695E+01    0.9279018599E+00    0.9211547097E+01
    0.5659687759E+02    0.1508529371E+02   -0.1153063702E+01    0.5245510380E+01    0.1133906796E+01    0.2339020431E+01    0.9291105686E+00    0.9081336669E+01
    0.5959163210E+02    0.1521021648E+02   -0.1170819733E+01    0.5169296650E+01    0.1149935316E+01    0.2326994519E+01    0.9299543462E+00    0.8952872773E+01
    0.6261804828E+02    0.1532981840E+02   -0.1186230472E+01    0.5102127136E+01    0.1163589049E+01    0.2313673907E+01    0.9304969273E+00    0.8827135395E+01
    0.6567482676E+02    0.1544469259E+02   -0.1199614225E+01    0.5042792325E+01    0.1175192938E+01    0.2299371163E+01    0.9307889262E+00    0.8704798805E+01
    0.6876080306E+02    0.1555533049E+02   -0.1211249161E+01    0.4990268988E+01    0.1185031115E+01    0.2284366036E+01    0.9308702070E+00    0.8586298403E+01
    0.7187493050E+02    0.1566214446E+02   -0.1221378030E+01    0.4943661471E+01    0.1193351533E+01    0.2268876148E+01    0.9307709038E+00    0.8471863448E+01
    0.7501626601E+02    0.1576549252E+02   -0.1230212863E+01    0.4902143784E+01    0.1200370673E+01    0.2253066096E+01    0.9305140153E+00    0.8361587991E+01
    0.7818395707E+02    0.1586568374E+02   -0.1237937041E+01    0.4864995908E+01    0.1206275880E+01    0.2237073657E+01    0.9301200508E+00    0.8255498801E+01
    0.8137723044E+02    0.1596297779E+02   -0.1244707935E+01    0.4831612133E+01    0.1211227909E+01    0.2221022393E+01    0.9296071457E+00    0.8153565597E+01
    0.8459538327E+02    0.1605759643E+02   -0.1250660736E+01    0.4801480694E+01    0.1215364778E+01    0.2205030170E+01    0.9289908354E+00    0.8055696031E+01
    0.8783777380E+02    0.1614973457E+02   -0.1255911511E+01    0.4774194513E+01    0.1218804952E+01    0.2189207182E+01    0.9282874869E+00    0.7961736731E+01
    0.9110381443E+02    0.1623956393E+02   -0.1260559642E+01    0.4749403750E+01    0.1221649739E+01    0.2173636976E+01    0.9275129884E+00    0.7871495627E+01
    0.9439296621E+02    0.1632723638E+02   -0.1264688822E+01    0.4726763658E+01    0.1223984390E+01    0.2158361478E+01    0.9266789829E+00    0.7784773409E+01
    0.9770473211E+02    0.1641288618E+02   -0.1268367790E+01    0.4705940451E+01    0.1225878955E+01    0.2143393993E+01    0.9257926450E+00    0.7701371953E+01
    0.1010386530E+03    0.1649662992E+02   -0.1271652557E+01    0.4686661215E+01    0.1227390464E+01    0.2128745670E+01    0.9248561403E+00    0.7621097137E+01
    0.1043943031E+03    0.1657857192E+02   -0.1274590544E+01    0.4668727722E+01    0.1228567206E+01    0.2114435858E+01    0.9238681142E+00    0.7543772164E+01
    0.1077712868E+03    0.1665881019E+02   -0.1277226282E+01    0.4651975817E+01    0.1229454216E+01    0.2100470075E+01    0.9228290981E+00    0.7469229624E+01
    0.1111692345E+03    0.1673743346E+02   -0.1279602034E+01    0.4636232259E+01    0.1230093945E+01    0.2086833876E+01    0.9217417044E+00    0.7397292491E+01
    0.1145878014E+03    0.1681451990E+02   -0.1281754162E+01    0.4621336758E+01    0.1230523037E+01    0.2073511002E+01    0.9206060488E+00    0.7327767615E+01
    0.1180266631E+03    0.1689014139E+02   -0.1283712693E+01    0.4607167146E+01    0.1230771773E+01    0.2060496473E+01    0.9194208768E+00    0.7260454252E+01
    0.1214855153E+03    0.1696436389E+02   -0.1285502642E+01    0.4593640936E+01    0.1230865349E+01    0.2047786865E+01    0.9181887807E+00    0.7195163582E+01
    0.1249640704E+03    0.1703724819E+02   -0.1287144166E+01    0.4580690397E+01    0.1230823958E+01    0.2035369126E+01    0.9169165829E+00    0.7131747743E+01
    0.1284620567E+03    0.1710885122E+02   -0.1288652175E+01    0.4568266238E+01    0.1230662613E+01    0.2023237538E+01    0.9156121356E+00    0.7070099893E+01
    0.1319792166E+03    0.1717922709E+02   -0.1290037956E+01    0.4556309063E+01    0.1230392607E+01    0.2011399936E+01    0.9142812346E+00    0.7010126730E+01
    0.1355153055E+03    0.1724842900E+02   -0.1291311528E+01    0.4544722395E+01    0.1230023791E+01    0.1999857756E+01    0.9129251435E+00    0.6951732603E+01
    0.1390700903E+03    0.1731650806E+02   -0.1292483520E+01    0.4533417943E+01    0.1229566622E+01    0.1988600847E+01    0.9115417004E+00    0.6894832090E+01
    0.1426433488E+03    0.1738350981E+02   -0.1293566138E+01    0.4522335046E+01    0.1229033027E+01    0.1977610672E+01    0.9101308288E+00    0.6839353874E+01
    0.1462348685E+03    0.1744946908E+02   -0.1294571190E+01    0.4511446650E+01    0.1228434587E+01    0.1966865029E+01    0.9086980618E+00    0.6785211885E+01
    0.1498444455E+03    0.1751441202E+02   -0.1295507648E+01    0.4500749882E+01    0.1227780160E+01    0.1956358427E+01    0.9072503290E+00    0.6732300640E+01
    0.1534718846E+03    0.1757836554E+02   -0.1296381833E+01    0.4490218149E+01    0.1227075898E+01    0.1946091116E+01    0.9057885503E+00    0.6680526994E+01
    0.1571169980E+03    0.1764136386E+02   -0.1297198767E+01    0.4479804981E+01    0.1226326609E+01    0.1936051021E+01    0.9043081640E+00    0.6629820391E+01
    0.1607796046E+03    0.1770344210E+02   -0.1297962441E+01    0.4469490058E+01    0.1225536031E+01    0.1926217218E+01    0.9028064775E+00    0.6580118591E+01
    0.1644595301E+03    0.1776462980E+02   -0.1298675587E+01    0.4459269440E+01    0.1224706631E+01    0.1916582119E+01    0.9012839283E+00    0.6531360468E+01
    0.1681566060E+03    0.1782495585E+02   -0.1299340117E+01    0.4449111814E+01    0.1223840046E+01    0.1907159721E+01    0.8997408496E+00    0.6483495840E+01
    0.1718706695E+03    0.1788445128E+02   -0.1299957280E+01    0.4438987768E+01    0.1222937116E+01    0.1897960459E+01    0.8981777788E+00    0.6436477465E+01
    0.1756015626E+03    0.1794314223E+02   -0.1300527378E+01    0.4428894500E+01    0.1221997760E+01    0.1888982048E+01    0.8965959750E+00    0.6390237037E+01
    0.1793491330E+03    0.1800104518E+02   -0.1301051261E+01    0.4418819558E+01    0.1221022482E+01    0.1880202495E+01    0.8949959652E+00    0.6344701922E+01
    0.1831132319E+03    0.1805817457E+02   -0.1301531363E+01    0.4408726992E+01    0.1220013368E+01    0.1871587708E+01    0.8933770309E+00    0.6299820763E+01
    0.1868937154E+03    0.1811455159E+02   -0.1301970142E+01    0.4398583929E+01    0.1218972703E+01    0.1863122411E+01    0.8917372578E+00    0.6255555325E+01
    0.1906904434E+03    0.1817020301E+02   -0.1302369305E+01    0.4388390058E+01    0.1217901988E+01    0.1854802579E+01    0.8900740731E+00    0.6211867840E+01
    0.1945032793E+03    0.1822515546E+02   -0.1302730003E+01    0.4378158780E+01    0.1216802050E+01    0.1846624261E+01    0.8883867555E+00    0.6168728019E+01
    0.1983320905E+03    0.1827942755E+02   -0.1303052681E+01    0.4367903494E+01    0.1215673074E+01    0.1838580460E+01    0.8866772830E+00    0.6126121994E+01
    0.2021767472E+03    0.1833303090E+02   -0.1303337650E+01    0.4357634390E+01    0.1214515153E+01    0.1830663841E+01    0.8849481333E+00    0.6084054142E+01
    0.2060371235E+03    0.1838597994E+02   -0.1303586216E+01    0.4347349024E+01    0.1213329413E+01    0.1822868885E+01    0.8832016452E+00    0.6042536406E+01
    0.2099130957E+03    0.1843829265E+02   -0.1303800688E+01    0.4337026938E+01    0.1212118023E+01    0.1815190845E+01    0.8814405187E+00    0.6001573460E+01
    0.2138045434E+03    0.1848998519E+02   -0.1303983292E+01    0.4326644898E+01    0.1210883080E+01    0.1807614701E+01    0.8796673716E+00    0.5961155973E+01
    0.2177113486E+03    0.1854107181E+02   -0.1304135530E+01    0.4316195110E+01    0.1209625869E+01    0.1800128419E+01    0.8778851223E+00    0.5921269377E+01
    0.2216333966E+03    0.1859156724E+02   -0.1304258128E+01    0.4305667278E+01    0.1208346892E+01    0.1792732437E+01    0.8760970319E+00    0.5881896379E+01
    0.2255705741E+03    0.1864148560E+02   -0.1304352077E+01    0.4295037863E+01    0.1207046949E+01    0.1785432160E+01    0.8743037208E+00    0.5843013492E+01
    0.2295227711E+03    0.1869084141E+02   -0.1304419260E+01    0.4284302057E+01    0.1205727794E+01    0.1778236407E+01    0.8725024911E+00    0.5804597633E+01
    0.2334898790E+03    0.1873964890E+02   -0.1304462322E+01    0.4273487877E+01    0.1204392091E+01    0.1771150209E+01    0.8706925734E+00    0.5766641945E+01
    0.2374717922E+03    0.1878791997E+02   -0.1304485055E+01    0.4262630410E+01    0.1203043482E+01    0.1764166996E+01    0.8688768594E+00    0.5729153923E+01
    0.2414684064E+03    0.1883566541E+02   -0.1304490691E+01    0.4251750114E+01    0.1201684964E+01    0.1757278723E+01    0.8670570165E+00    0.5692143764E+01
    0.2454796200E+03    0.1888289674E+02   -0.1304479691E+01    0.4240834212E+01    0.1200316754E+01    0.1750478239E+01    0.8652306950E+00    0.5655612129E+01
    0.2495053326E+03    0.1892962706E+02   -0.1304449763E+01    0.4229846960E+01    0.1198936324E+01    0.1743756461E+01    0.8633931847E+00    0.5619526321E+01
    0.2535454463E+03    0.1897586987E+02   -0.1304397499E+01    0.4218762842E+01    0.1197540075E+01    0.1737098372E+01    0.8615402890E+00    0.5583827295E+01
    0.2575998643E+03    0.1902163758E+02   -0.1304320054E+01    0.4207567658E+01    0.1196125023E+01    0.1730489948E+01    0.8596700819E+00    0.5548456411E+01
    0.2616684923E+03    0.1906694111E+02   -0.1304215346E+01    0.4196245587E+01    0.1194689023E+01    0.1723933538E+01    0.8577823528E+00    0.5513371517E+01
    0.2657512369E+03    0.1911179101E+02   -0.1304081566E+01    0.4184810831E+01    0.1193230217E+01    0.1717425247E+01    0.8558770906E+00    0.5478560172E+01
    0.2698480066E+03    0.1915619772E+02   -0.1303917401E+01    0.4173294720E+01    0.1191747169E+01    0.1710954453E+01    0.8539549428E+00    0.5444040196E+01
    0.2739587113E+03    0.1920017098E+02   -0.1303721939E+01    0.4161710425E+01    0.1190238835E+01    0.1704526671E+01    0.8520186823E+00    0.5409830914E+01
    0.2780832630E+03    0.1924372033E+02   -0.1303494632E+01    0.4150066782E+01    0.1188704586E+01    0.1698154701E+01    0.8500711252E+00    0.5375939311E+01
    0.2822215742E+03    0.1928685507E+02   -0.1303236520E+01    0.4138387707E+01    0.1187145331E+01    0.1691841191E+01    0.8481124541E+00    0.5342380725E+01
    0.2863735593E+03    0.1932958401E+02   -0.1302950458E+01    0.4126685701E+01    0.1185563739E+01    0.1685588221E+01    0.8461421595E+00    0.5309172905E+01
    0.2905391344E+03    0.1937191514E+02   -0.1302639278E+01    0.4114966429E+01    0.1183962459E+01    0.1679398757E+01    0.8441620423E+00    0.5276310126E+01
    0.2947182162E+03    0.1941385571E+02   -0.1302304588E+01    0.4103250897E+01    0.1182343125E+01    0.1673269322E+01    0.8421757122E+00    0.5243771213E+01
    0.2989107231E+03    0.1945541469E+02   -0.1301948349E+01    0.4091552336E+01    0.1180707747E+01    0.1667194849E+01    0.8401857219E+00    0.5211545364E+01
    0.3031165748E+03    0.1949660378E+02   -0.1301573647E+01    0.4079859056E+01    0.1179059315E+01    0.1661162919E+01    0.8381919067E+00    0.5179637048E+01
    0.3073356917E+03    0.1953743433E+02   -0.1301183160E+01    0.4068145618E+01    0.1177400454E+01    0.1655172396E+01    0.8361927297E+00    0.5148055536E+01
    0.3115679961E+03    0.1957791353E+02   -0.1300779107E+01    0.4056393010E+01    0.1175733386E+01    0.1649237156E+01    0.8341873149E+00    0.5116808946E+01
    0.3158134109E+03    0.1961804408E+02   -0.1300364517E+01    0.4044588708E+01    0.1174061027E+01    0.1643356362E+01    0.8321752025E+00    0.5085903001E+01
    0.3200718603E+03    0.1965782899E+02   -0.1299942778E+01    0.4032726625E+01    0.1172386639E+01    0.1637511702E+01    0.8301549455E+00    0.5055345796E+01
    0.3243432698E+03    0.1969727472E+02   -0.1299516144E+01    0.4020798626E+01    0.1170712394E+01    0.1631691378E+01    0.8281232328E+00    0.5025145651E+01
    0.3286275655E+03    0.1973639108E+02   -0.1299084630E+01    0.4008776603E+01    0.1169038310E+01    0.1625914858E+01    0.8260759211E+00    0.4995296396E+01
    0.3329246749E+03    0.1977518747E+02   -0.1298646247E+01    0.3996647897E+01    0.1167362361E+01    0.1620196957E+01    0.8240116917E+00    0.4965776280E+01
    0.3372345264E+03    0.1981366784E+02   -0.1298198165E+01    0.3984429394E+01    0.1165681555E+01    0.1614525496E+01    0.8219336401E+00    0.4936556083E+01
    0.3415570493E+03    0.1985183179E+02   -0.1297737252E+01    0.3972140094E+01    0.1163992636E+01    0.1608886892E+01    0.8198465066E+00    0.4907599934E+01
    0.3458921741E+03    0.1988967912E+02   -0.1297260117E+01    0.3959808298E+01    0.1162292192E+01    0.1603282903E+01    0.8177540150E+00    0.4878868277E+01
    0.3502398316E+03    0.1992721420E+02   -0.1296763863E+01    0.3947467291E+01    0.1160577284E+01    0.1597718591E+01    0.8156575618E+00    0.4850338131E+01
    0.3545999547E+03    0.1996444743E+02   -0.1296246748E+01    0.3935130477E+01    0.1158846101E+01    0.1592186895E+01    0.8135555784E+00    0.4822003743E+01
    0.3589724760E+03    0.2000139076E+02   -0.1295708107E+01    0.3922786654E+01    0.1157097880E+01    0.1586676766E+01    0.8114456412E+00    0.4793861504E+01
    0.3633573294E+03    0.2003805280E+02   -0.1295148216E+01    0.3910430679E+01    0.1155332862E+01    0.1581184787E+01    0.8093275356E+00    0.4765910254E+01
    0.3677544501E+03    0.2007443882E+02   -0.1294568364E+01    0.3898066262E+01    0.1153552355E+01    0.1575712834E+01    0.8072024843E+00    0.4738158407E+01
    0.3721637734E+03    0.2011055499E+02   -0.1293970118E+01    0.3885690900E+01    0.1151757891E+01    0.1570270026E+01    0.8050697904E+00    0.4710623312E+01
    0.3765852360E+03    0.2014641071E+02   -0.1293354214E+01    0.3873299998E+01    0.1149950170E+01    0.1564874782E+01    0.8029262104E+00    0.4683328237E+01
    0.3810187751E+03    0.2018201431E+02   -0.1292721271E+01    0.3860898786E+01    0.1148129682E+01    0.1559526826E+01    0.8007699350E+00    0.4656301210E+01
    0.3854643287E+03    0.2021736843E+02   -0.1292072297E+01    0.3848499645E+01    0.1146297259E+01    0.1554205572E+01    0.7986038530E+00    0.4629554195E+01
    0.3899218355E+03    0.2025247441E+02   -0.1291407281E+01    0.3836099740E+01    0.1144452866E+01    0.1548901696E+01    0.7964328237E+00    0.4603074484E+01
    0.3943912356E+03    0.2028733777E+02   -0.1290725056E+01    0.3823673023E+01    0.1142595338E+01    0.1543615856E+01    0.7942595172E+00    0.4576843122E+01
    0.3988724687E+03    0.2032196332E+02   -0.1290024913E+01    0.3811190212E+01    0.1140723837E+01    0.1538354063E+01    0.7920833190E+00    0.4550845790E+01
    0.4033654763E+03    0.2035635206E+02   -0.1289307126E+01    0.3798640608E+01    0.1138838542E+01    0.1533130841E+01    0.7899011671E+00    0.4525071563E+01
    0.4078701999E+03    0.2039050663E+02   -0.1288572396E+01    0.3786020947E+01    0.1136940058E+01    0.1527959214E+01    0.7877092413E+00    0.4499509583E+01
    0.4123865821E+03    0.2042443268E+02   -0.1287821618E+01    0.3773323327E+01    0.1135029183E+01    0.1522842764E+01    0.7855052456E+00    0.4474147871E+01
    0.4169145659E+03    0.2045813513E+02   -0.1287056603E+01    0.3760547377E+01    0.1133107712E+01    0.1517782368E+01    0.7832906459E+00    0.4448981463E+01
    0.4214540954E+03    0.2049161773E+02   -0.1286280207E+01    0.3747695452E+01    0.1131178490E+01    0.1512778152E+01    0.7810697323E+00    0.4424021127E+01
    0.4260051147E+03    0.2052488471E+02   -0.1285494872E+01    0.3734753954E+01    0.1129243842E+01    0.1507820569E+01    0.7788448240E+00    0.4399285400E+01
    0.4305675690E+03    0.2055794203E+02   -0.1284700670E+01    0.3721704902E+01    0.1127303708E+01    0.1502893665E+01    0.7766147110E+00    0.4374780250E+01
    0.4351414041E+03    0.2059079465E+02   -0.1283894910E+01    0.3708550602E+01    0.1125355370E+01    0.1497993341E+01    0.7743780880E+00    0.4350497849E+01
    0.4397265665E+03    0.2062344602E+02   -0.1283074446E+01    0.3695303366E+01    0.1123395624E+01    0.1493131048E+01    0.7721351836E+00    0.4326431930E+01
    0.4443230028E+03    0.2065590114E+02   -0.1282237426E+01    0.3681977636E+01    0.1121422394E+01    0.1488312726E+01    0.7698865749E+00    0.4302576997E+01
    0.4489306611E+03    0.2068816793E+02   -0.1281382204E+01    0.3668595139E+01    0.1119433843E+01    0.1483536279E+01    0.7676310540E+00    0.4278918551E+01
    0.4535494889E+03    0.2072025516E+02   -0.1280507282E+01    0.3655171268E+01    0.1117428359E+01    0.1478796130E+01    0.7653645581E+00    0.4255444754E+01
    0.4581794355E+03    0.2075216918E+02   -0.1279612970E+01    0.3641720778E+01    0.1115406093E+01    0.1474085559E+01    0.7630837446E+00    0.4232161364E+01
    0.4628204500E+03    0.2078391365E+02   -0.1278700834E+01    0.3628260769E+01    0.1113368498E+01    0.1469404399E+01    0.7607905258E+00    0.4209078717E+01
    0.4674724822E+03    0.2081549100E+02   -0.1277771681E+01    0.3614790677E+01    0.1111316296E+01    0.1464753610E+01    0.7584906530E+00    0.4186187770E+01
    0.4721354825E+03    0.2084690347E+02   -0.1276824971E+01    0.3601295968E+01    0.1109248890E+01    0.1460121972E+01    0.7561885545E+00    0.4163457724E+01
    0.4768094018E+03    0.2087815268E+02   -0.1275859520E+01    0.3587775780E+01    0.1107165148E+01    0.1455488697E+01    0.7538852230E+00    0.4140853376E+01
    0.4814941916E+03    0.2090923931E+02   -0.1274874504E+01    0.3574240565E+01    0.1105064312E+01    0.1450844953E+01    0.7515793524E+00    0.4118352174E+01
    0.4861898041E+03    0.2094016476E+02   -0.1273870279E+01    0.3560681806E+01    0.1102946700E+01    0.1446203938E+01    0.7492690820E+00    0.4095949893E+01
    0.4908961914E+03    0.2097093077E+02   -0.1272848335E+01    0.3547087070E+01    0.1100813686E+01    0.1441591206E+01    0.7469537150E+00    0.4073651081E+01
    0.4956133069E+03    0.2100153708E+02   -0.1271810267E+01    0.3533458999E+01    0.1098666759E+01    0.1437029362E+01    0.7446331247E+00    0.4051455302E+01
    0.5003411038E+03    0.2103198520E+02   -0.1270757114E+01    0.3519799502E+01    0.1096506864E+01    0.1432522604E+01    0.7423056192E+00    0.4029355848E+01
    0.5050795363E+03    0.2106228106E+02   -0.1269689720E+01    0.3506105218E+01    0.1094334728E+01    0.1428053565E+01    0.7399693203E+00    0.4007347737E+01
    0.5098285586E+03    0.2109242779E+02   -0.1268609565E+01    0.3492379802E+01    0.1092151726E+01    0.1423604919E+01    0.7376256596E+00    0.3985433337E+01
    0.5145881259E+03    0.2112242377E+02   -0.1267519341E+01    0.3478634775E+01    0.1089960434E+01    0.1419164322E+01    0.7352783341E+00    0.3963623496E+01
    0.5193581933E+03    0.2115226810E+02   -0.1266422138E+01    0.3464878789E+01    0.1087763858E+01    0.1414718046E+01    0.7329291947E+00    0.3941941790E+01
    0.5241387168E+03    0.2118196275E+02   -0.1265319898E+01    0.3451120018E+01    0.1085564071E+01    0.1410258913E+01    0.7305773822E+00    0.3920416003E+01
    0.5289296527E+03    0.2121151213E+02   -0.1264213064E+01    0.3437377252E+01    0.1083361699E+01    0.1405778175E+01    0.7282209461E+00    0.3899058848E+01
    0.5337309579E+03    0.2124092348E+02   -0.1263100633E+01    0.3423659144E+01    0.1081155893E+01    0.1401288121E+01    0.7258573578E+00    0.3877861546E+01
    0.5385425892E+03    0.2127020461E+02   -0.1261980739E+01    0.3409946111E+01    0.1078944832E+01    0.1396821882E+01    0.7234843554E+00    0.3856801192E+01
    0.5433645044E+03    0.2129936056E+02   -0.1260851511E+01    0.3396220505E+01    0.1076726477E+01    0.1392393485E+01    0.7211017060E+00    0.3835857324E+01
    0.5481966614E+03    0.2132839238E+02   -0.1259710911E+01    0.3382472790E+01    0.1074498570E+01    0.1387999141E+01    0.7187099512E+00    0.3815024932E+01
    0.5530390188E+03    0.2135729707E+02   -0.1258556616E+01    0.3368691825E+01    0.1072258635E+01    0.1383638743E+01    0.7163078003E+00    0.3794310567E+01
    0.5578915351E+03    0.2138606972E+02   -0.1257386947E+01    0.3354884095E+01    0.1070004858E+01    0.1379313086E+01    0.7138937858E+00    0.3773732341E+01
    0.5627541699E+03    0.2141470658E+02   -0.1256201273E+01    0.3341057837E+01    0.1067736443E+01    0.1375011024E+01    0.7114696657E+00    0.3753316203E+01
    0.5676268827E+03    0.2144320738E+02   -0.1254999564E+01    0.3327205979E+01    0.1065453311E+01    0.1370714378E+01    0.7090394541E+00    0.3733074076E+01
    0.5725096336E+03    0.2147157470E+02   -0.1253782953E+01    0.3313314403E+01    0.1063156609E+01    0.1366403532E+01    0.7066057876E+00    0.3713001565E+01
    0.5774023826E+03    0.2149981143E+02   -0.1252554234E+01    0.3299381083E+01    0.1060849215E+01    0.1362065308E+01    0.7041695965E+00    0.3693092883E+01
    0.5823050910E+03    0.2152791800E+02   -0.1251316944E+01    0.3285421771E+01    0.1058534762E+01    0.1357694320E+01    0.7017316844E+00    0.3673351619E+01
    0.5872177196E+03    0.2155589460E+02   -0.1250072949E+01    0.3271448224E+01    0.1056215268E+01    0.1353288445E+01    0.6992916435E+00    0.3653777967E+01
    0.5921402299E+03    0.2158374572E+02   -0.1248820859E+01    0.3257454360E+01    0.1053889549E+01    0.1348853477E+01    0.6968473371E+00    0.3634355848E+01
    0.5970725839E+03    0.2161147642E+02   -0.1247557014E+01    0.3243438001E+01    0.1051554030E+01    0.1344398772E+01    0.6943977697E+00    0.3615059372E+01
    0.6020147438E+03    0.2163908761E+02   -0.1246277601E+01    0.3229416450E+01    0.1049204878E+01    0.1339933354E+01    0.6919439693E+00    0.3595865055E+01
    0.6069666723E+03    0.2166657715E+02   -0.1244980899E+01    0.3215409538E+01    0.1046840279E+01    0.1335469724E+01    0.6894868755E+00    0.3576764047E+01
    0.6119283321E+03    0.2169394171E+02   -0.1243668242E+01    0.3201430030E+01    0.1044461539E+01    0.1331017964E+01    0.6870274604E+00    0.3557763233E+01
    0.6168996865E+03    0.2172117942E+02   -0.1242343052E+01    0.3187477202E+01    0.1042072113E+01    0.1326570695E+01    0.6845666591E+00    0.3538877411E+01
    0.6218806992E+03    0.2174829093E+02   -0.1241008767E+01    0.3173529050E+01    0.1039675430E+01    0.1322106278E+01    0.6821027144E+00    0.3520119826E+01
    0.6268713339E+03    0.2177527929E+02   -0.1239666844E+01    0.3159571176E+01    0.1037273105E+01    0.1317614621E+01    0.6796314492E+00    0.3501499847E+01
    0.6318715554E+03    0.2180215116E+02   -0.1238317528E+01    0.3145600582E+01    0.1034865637E+01    0.1313109441E+01    0.6771491593E+00    0.3483023712E+01
    0.6368813275E+03    0.2182891640E+02   -0.1236961533E+01    0.3131613419E+01    0.1032453861E+01    0.1308603498E+01    0.6746545616E+00    0.3464696400E+01
    0.6419006156E+03    0.2185558171E+02   -0.1235599324E+01    0.3117622585E+01    0.1030038285E+01    0.1304095710E+01    0.6721501557E+00    0.3446514788E+01
    0.6469293850E+03    0.2188214720E+02   -0.1234230355E+01    0.3103647676E+01    0.1027618375E+01    0.1299583491E+01    0.6696406543E+00    0.3428467520E+01
    0.6519676007E+03    0.2190861121E+02   -0.1232853402E+01    0.3089690612E+01    0.1025192810E+01    0.1295062609E+01    0.6671293219E+00    0.3410538340E+01
    0.6570152289E+03    0.2193497276E+02   -0.1231465941E+01    0.3075745147E+01    0.1022759038E+01    0.1290533691E+01    0.6646164651E+00    0.3392699954E+01
    0.6620722356E+03    0.2196123224E+02   -0.1230063937E+01    0.3061810622E+01    0.1020313039E+01    0.1286010875E+01    0.6620994808E+00    0.3374921427E+01
    0.6671385872E+03    0.2198739305E+02   -0.1228643023E+01    0.3047888485E+01    0.1017850409E+01    0.1281506019E+01    0.6595744325E+00    0.3357180286E+01
    0.6722142505E+03    0.2201345950E+02   -0.1227199378E+01    0.3033972711E+01    0.1015367235E+01    0.1277013222E+01    0.6570396501E+00    0.3339466005E+01
    0.6772991923E+03    0.2203943340E+02   -0.1225729556E+01    0.3020061755E+01    0.1012859986E+01    0.1272533702E+01    0.6544967919E+00    0.3321771781E+01
    0.6823933801E+03    0.2206531401E+02   -0.1224231542E+01    0.3006157107E+01    0.1010326543E+01    0.1268075729E+01    0.6519479267E+00    0.3304088726E+01
    0.6874967812E+03    0.2209109949E+02   -0.1222706599E+01    0.2992247314E+01    0.1007767942E+01    0.1263645466E+01    0.6493937688E+00    0.3286419580E+01
    0.6926093636E+03    0.2211678968E+02   -0.1221158556E+01    0.2978313135E+01    0.1005187695E+01    0.1259240062E+01    0.6468350031E+00    0.3268781652E+01
    0.6977310954E+03    0.2214238424E+02   -0.1219591340E+01    0.2964354605E+01    0.1002589606E+01    0.1254851473E+01    0.6442729826E+00    0.3251193811E+01
    0.7028619449E+03    0.2216788183E+02   -0.1218008429E+01    0.2950403547E+01    0.9999771947E+00    0.1250467275E+01    0.6417082714E+00    0.3233664008E+01
    0.7080018807E+03    0.2219328259E+02   -0.1216413408E+01    0.2936482038E+01    0.9973540647E+00    0.1246082112E+01    0.6391403498E+00    0.3216187836E+01
    0.7131508716E+03    0.2221858643E+02   -0.1214809734E+01    0.2922581464E+01    0.9947236688E+00    0.1241703153E+01    0.6365689836E+00    0.3198766425E+01
    0.7183088871E+03    0.2224379184E+02   -0.1213200582E+01    0.2908692923E+01    0.9920891769E+00    0.1237333998E+01    0.6339943449E+00    0.3181412051E+01
    0.7234758963E+03    0.2226889971E+02   -0.1211588355E+01    0.2894816131E+01    0.9894530420E+00    0.1232977674E+01    0.6314158196E+00    0.3164129434E+01
    0.7286518689E+03    0.2229391613E+02   -0.1209973911E+01    0.2880963438E+01    0.9868161680E+00    0.1228648499E+01    0.6288315762E+00    0.3146908323E+01
    0.7338367749E+03    0.2231884841E+02   -0.1208356646E+01    0.2867152902E+01    0.9841778306E+00    0.1224364730E+01    0.6262392179E+00    0.3129729588E+01
    0.7390305845E+03    0.2234370143E+02   -0.1206734948E+01    0.2853386198E+01    0.9815361857E+00    0.1220129869E+01    0.6236373603E+00    0.3112574961E+01
    0.7442332679E+03    0.2236847634E+02   -0.1205106548E+01    0.2839655640E+01    0.9788887177E+00    0.1215933151E+01    0.6210273995E+00    0.3095431843E+01
    0.7494447958E+03    0.2239317056E+02   -0.1203468650E+01    0.2825959551E+01    0.9762324370E+00    0.1211771171E+01    0.6184124832E+00    0.3078291204E+01
    0.7546651391E+03    0.2241778133E+02   -0.1201818548E+01    0.2812295334E+01    0.9735644800E+00    0.1207648751E+01    0.6157951183E+00    0.3061156628E+01
    0.7598942690E+03    0.2244230837E+02   -0.1200154637E+01    0.2798658981E+01    0.9708830162E+00    0.1203564514E+01    0.6131768713E+00    0.3044048156E+01
    0.7651321568E+03    0.2246675276E+02   -0.1198476419E+01    0.2785046939E+01    0.9681873487E+00    0.1199502053E+01    0.6105581273E+00    0.3026985815E+01
    0.7703787739E+03    0.2249111337E+02   -0.1196784740E+01    0.2771458592E+01    0.9654782939E+00    0.1195442321E+01    0.6079372299E+00    0.3009985801E+01
    0.7756340922E+03    0.2251538719E+02   -0.1195082416E+01    0.2757897194E+01    0.9627586748E+00    0.1191378924E+01    0.6053112707E+00    0.2993070382E+01
    0.7808980837E+03    0.2253957317E+02   -0.1193373045E+01    0.2744364403E+01    0.9600320078E+00    0.1187307284E+01    0.6026777895E+00    0.2976259824E+01
    0.7861707206E+03    0.2256367415E+02   -0.1191658313E+01    0.2730856111E+01    0.9572999149E+00    0.1183228705E+01    0.6000356817E+00    0.2959557795E+01
    0.7914519752E+03    0.2258769247E+02   -0.1189936137E+01    0.2717370375E+01    0.9545603499E+00    0.1179152583E+01    0.5973855652E+00    0.2942951773E+01
    0.7967418204E+03    0.2261162717E+02   -0.1188202071E+01    0.2703914703E+01    0.9518089160E+00    0.1175087853E+01    0.5947291549E+00    0.2926426498E+01
    0.8020402292E+03    0.2263547958E+02   -0.1186452730E+01    0.2690499415E+01    0.9490421490E+00    0.1171036171E+01    0.5920671345E+00    0.2909980463E+01
    0.8073471742E+03    0.2265925539E+02   -0.1184687352E+01    0.2677131736E+01    0.9462591178E+00    0.1166990179E+01    0.5893988670E+00    0.2893618464E+01
    0.8126626289E+03    0.2268295865E+02   -0.1182906782E+01    0.2663809692E+01    0.9434605517E+00    0.1162938407E+01    0.5867253690E+00    0.2877333983E+01
    0.8179865670E+03    0.2270658939E+02   -0.1181111735E+01    0.2650524718E+01    0.9406471963E+00    0.1158868110E+01    0.5840500379E+00    0.2861113702E+01
    0.8233189619E+03    0.2273014666E+02   -0.1179302398E+01    0.2637267361E+01    0.9378193436E+00    0.1154769429E+01    0.5813750146E+00    0.2844949695E+01
    0.8286597875E+03    0.2275363040E+02   -0.1177479119E+01    0.2624021424E+01    0.9349773597E+00    0.1150640797E+01    0.5786982887E+00    0.2828839964E+01
    0.8340090180E+03    0.2277704251E+02   -0.1175641902E+01    0.2610769713E+01    0.9321212669E+00    0.1146491335E+01    0.5760156817E+00    0.2812787219E+01
    0.8393666277E+03    0.2280038373E+02   -0.1173789929E+01    0.2597513409E+01    0.9292503137E+00    0.1142331887E+01    0.5733259702E+00    0.2796796446E+01
    0.8447325910E+03    0.2282365234E+02   -0.1171922720E+01    0.2584266872E+01    0.9263639892E+00    0.1138160690E+01    0.5706313561E+00    0.2780866466E+01
    0.8501068825E+03    0.2284685025E+02   -0.1170040732E+01    0.2571031090E+01    0.9234627369E+00    0.1133980600E+01    0.5679327692E+00    0.2764975755E+01
    0.8554894770E+03    0.2286997979E+02   -0.1168145709E+01    0.2557797932E+01    0.9205483088E+00    0.1129802859E+01    0.5652290069E+00    0.2749096294E+01
    0.8608803498E+03    0.2289304004E+02   -0.1166240712E+01    0.2544576150E+01    0.9176236995E+00    0.1125635419E+01    0.5625195505E+00    0.2733224344E+01
    0.8662794759E+03    0.2291603396E+02   -0.1164328545E+01    0.2531372268E+01    0.9146916580E+00    0.1121477644E+01    0.5598046245E+00    0.2717379878E+01
    0.8716868306E+03    0.2293896741E+02   -0.1162410409E+01    0.2518172502E+01    0.9117533442E+00    0.1117322552E+01    0.5570837027E+00    0.2701582303E+01
    0.8771023899E+03    0.2296184184E+02   -0.1160486507E+01    0.2504965266E+01    0.9088089350E+00    0.1113165553E+01    0.5543567618E+00    0.2685843174E+01
    0.8825261290E+03    0.2298465312E+02   -0.1158558056E+01    0.2491754342E+01    0.9058596473E+00    0.1108994726E+01    0.5516257773E+00    0.2670167625E+01
    0.8879580243E+03    0.2300739483E+02   -0.1156627737E+01    0.2478546821E+01    0.9029082477E+00    0.1104791087E+01    0.5488923025E+00    0.2654553789E+01
    0.8933980514E+03    0.2303006290E+02   -0.1154698148E+01    0.2465350833E+01    0.8999575255E+00    0.1100550175E+01    0.5461554520E+00    0.2638993171E+01
    0.8988461871E+03    0.2305265578E+02   -0.1152770705E+01    0.2452188253E+01    0.8970090927E+00    0.1096284565E+01    0.5434146059E+00    0.2623472920E+01
    0.9043024073E+03    0.2307517224E+02   -0.1150845494E+01    0.2439083741E+01    0.8940631884E+00    0.1092000830E+01    0.5406710053E+00    0.2607984647E+01
    0.9097666891E+03    0.2309761034E+02   -0.1148921288E+01    0.2426039975E+01    0.8911187514E+00    0.1087700345E+01    0.5379243934E+00    0.2592521794E+01
    0.9152390089E+03    0.2311996892E+02   -0.1146995576E+01    0.2413043206E+01    0.8881733091E+00    0.1083385187E+01    0.5351724054E+00    0.2577065205E+01
    0.9207193441E+03    0.2314224984E+02   -0.1145064283E+01    0.2400090972E+01    0.8852228394E+00    0.1079063477E+01    0.5324148316E+00    0.2561587251E+01
    0.9262076712E+03    0.2316445715E+02   -0.1143123199E+01    0.2387179393E+01    0.8822631591E+00    0.1074740478E+01    0.5296542520E+00    0.2546076590E+01
    0.9317039677E+03    0.2318659587E+02   -0.1141170254E+01    0.2374295613E+01    0.8792921040E+00    0.1070412152E+01    0.5268926880E+00    0.2530547343E+01
    0.9372082112E+03    0.2320867141E+02   -0.1139205753E+01    0.2361431857E+01    0.8763099050E+00    0.1066074798E+01    0.5241296814E+00    0.2515020297E+01
    0.9427203790E+03    0.2323068959E+02   -0.1137231061E+01    0.2348586609E+01    0.8733179426E+00    0.1061711714E+01    0.5213627809E+00    0.2499506867E+01
    0.9482404490E+03    0.2325265390E+02   -0.1135247208E+01    0.2335774115E+01    0.8703174633E+00    0.1057306865E+01    0.5185903456E+00    0.2484006121E+01
    0.9537683991E+03    0.2327456155E+02   -0.1133254710E+01    0.2323016015E+01    0.8673092546E+00    0.1052865602E+01    0.5158138756E+00    0.2468517046E+01
    0.9593042071E+03    0.2329640600E+02   -0.1131253772E+01    0.2310317260E+01    0.8642937017E+00    0.1048401320E+01    0.5130360110E+00    0.2453046416E+01
    0.9648478513E+03    0.2331818290E+02   -0.1129244083E+01    0.2297667800E+01    0.8612705117E+00    0.1043921800E+01    0.5102573438E+00    0.2437597932E+01
    0.9703993102E+03    0.2333989304E+02   -0.1127224488E+01    0.2285061064E+01    0.8582385421E+00    0.1039430648E+01    0.5074764798E+00    0.2422163319E+01
    0.9759585619E+03    0.2336153858E+02   -0.1125193503E+01    0.2272503364E+01    0.8551963660E+00    0.1034925724E+01    0.5046912863E+00    0.2406729407E+01
    0.9815255854E+03    0.2338311779E+02   -0.1123150316E+01    0.2260002512E+01    0.8521432155E+00    0.1030411607E+01    0.5018991792E+00    0.2391287023E+01
    0.9871003592E+03    0.2340462892E+02   -0.1121095272E+01    0.2247551526E+01    0.8490793862E+00    0.1025891762E+01    0.4990975205E+00    0.2375836519E+01
    0.9926828625E+03    0.2342607388E+02   -0.1119029111E+01    0.2235128073E+01    0.8460056295E+00    0.1021360692E+01    0.4962858884E+00    0.2360385525E+01
    0.9982730740E+03    0.2344745336E+02   -0.1116952029E+01    0.2222713434E+01    0.8429222168E+00    0.1016825389E+01    0.4934679767E+00    0.2344944195E+01
    0.1003870973E+04    0.2346876300E+02   -0.1114864176E+01    0.2210316441E+01    0.8398293172E+00    0.1012301796E+01    0.4906479809E+00    0.2329526494E+01
    0.1009476539E+04    0.2348999731E+02   -0.1112766931E+01    0.2197946965E+01    0.8367281777E+00    0.1007785661E+01    0.4878270228E+00    0.2314150307E+01
    0.1015089751E+04    0.2351115209E+02   -0.1110662422E+01    0.2185594455E+01    0.8336208274E+00    0.1003264699E+01    0.4850054058E+00    0.2298827327E+01
    0.1020710589E+04    0.2353222420E+02   -0.1108552159E+01    0.2173239499E+01    0.8305087955E+00    0.9987348719E+00    0.4821831028E+00    0.2283559948E+01
    0.1026339033E+04    0.2355321484E+02   -0.1106436923E+01    0.2160868669E+01    0.8273929605E+00    0.9941978651E+00    0.4793571686E+00    0.2268342872E+01
    0.1031975062E+04    0.2357412888E+02   -0.1104317639E+01    0.2148482463E+01    0.8242743578E+00    0.9896574282E+00    0.4765237551E+00    0.2253163582E+01
    0.1037618657E+04    0.2359496900E+02   -0.1102195787E+01    0.2136086351E+01    0.8211545514E+00    0.9851124702E+00    0.4736828426E+00    0.2238009059E+01
    0.1043269797E+04    0.2361573405E+02   -0.1100072961E+01    0.2123678241E+01    0.8180351988E+00    0.9805616065E+00    0.4708383270E+00    0.2222871737E+01
    0.1048928463E+04    0.2363642319E+02   -0.1097950152E+01    0.2111248462E+01    0.8149173314E+00    0.9760000280E+00    0.4679936990E+00    0.2207757941E+01
    0.1054594635E+04    0.2365704056E+02   -0.1095826994E+01    0.2098790930E+01    0.8118006392E+00    0.9714223607E+00    0.4651489279E+00    0.2192686722E+01
    0.1060268294E+04    0.2367759421E+02   -0.1093701342E+01    0.2086302172E+01    0.8086830921E+00    0.9668296503E+00    0.4623017660E+00    0.2177672202E+01
    0.1065949420E+04    0.2369809041E+02   -0.1091570090E+01    0.2073795006E+01    0.8055617939E+00    0.9622224557E+00    0.4594509209E+00    0.2162721554E+01
    0.1071637995E+04    0.2371852924E+02   -0.1089431151E+01    0.2061305894E+01    0.8024348467E+00    0.9576149318E+00    0.4565964788E+00    0.2147846848E+01
    0.1077333998E+04    0.2373890788E+02   -0.1087284747E+01    0.2048868976E+01    0.7993024128E+00    0.9530340423E+00    0.4537374707E+00    0.2133062049E+01
    0.1083037411E+04    0.2375922785E+02   -0.1085132817E+01    0.2036494796E+01    0.7961661507E+00    0.9484914569E+00    0.4508702243E+00    0.2118374779E+01
    0.1088748215E+04    0.2377949400E+02   -0.1082977550E+01    0.2024172758E+01    0.7930280005E+00    0.9439803363E+00    0.4479908370E+00    0.2103779081E+01
    0.1094466392E+04    0.2379970735E+02   -0.1080820628E+01    0.2011893871E+01    0.7898895209E+00    0.9394916329E+00    0.4451002580E+00    0.2089259019E+01
    0.1100191922E+04    0.2381986475E+02   -0.1078663415E+01    0.1999649459E+01    0.7867520181E+00    0.9350156164E+00    0.4422038325E+00    0.2074805770E+01
    0.1105924787E+04    0.2383996834E+02   -0.1076507282E+01    0.1987413276E+01    0.7836168481E+00    0.9305447780E+00    0.4393059669E+00    0.2060418331E+01
    0.1111664969E+04    0.2386002335E+02   -0.1074353734E+01    0.1975164248E+01    0.7804855336E+00    0.9260760528E+00    0.4364092117E+00    0.2046093424E+01
    0.1117412448E+04    0.2388002779E+02   -0.1072204716E+01    0.1962910250E+01    0.7773600959E+00    0.9216124849E+00    0.4335154643E+00    0.2031829818E+01
    0.1123167209E+04    0.2389997584E+02   -0.1070062587E+01    0.1950655676E+01    0.7742429686E+00    0.9171529460E+00    0.4306244644E+00    0.2017633316E+01
    0.1128929231E+04    0.2391986539E+02   -0.1067929126E+01    0.1938389817E+01    0.7711360540E+00    0.9126854686E+00    0.4277332565E+00    0.2003510682E+01
    0.1134698497E+04    0.2393969719E+02   -0.1065804891E+01    0.1926113408E+01    0.7680401295E+00    0.9081951166E+00    0.4248378869E+00    0.1989465299E+01
    0.1140474989E+04    0.2395947152E+02   -0.1063689175E+01    0.1913840009E+01    0.7649548396E+00    0.9036730475E+00    0.4219354872E+00    0.1975497140E+01
    0.1146258690E+04    0.2397918469E+02   -0.1061580488E+01    0.1901585964E+01    0.7618790266E+00    0.8991151168E+00    0.4190255034E+00    0.1961602598E+01
    0.1152049581E+04    0.2399882842E+02   -0.1059477636E+01    0.1889373524E+01    0.7588117848E+00    0.8945319234E+00    0.4161087809E+00    0.1947772466E+01
    0.1157847646E+04    0.2401839492E+02   -0.1057380886E+01    0.1877215292E+01    0.7557535175E+00    0.8899512550E+00    0.4131860700E+00    0.1933996236E+01
    0.1163652866E+04    0.2403788227E+02   -0.1055291884E+01    0.1865107513E+01    0.7527058540E+00    0.8853878154E+00    0.4102579929E+00    0.1920273752E+01
    0.1169465225E+04    0.2405729341E+02   -0.1053212751E+01    0.1853043290E+01    0.7496709948E+00    0.8808323457E+00    0.4073258736E+00    0.1906613766E+01
    0.1175284704E+04    0.2407663074E+02   -0.1051145411E+01    0.1841021059E+01    0.7466510325E+00    0.8762624786E+00    0.4043920373E+00    0.1893027621E+01
    0.1181111288E+04    0.2409589312E+02   -0.1049090313E+01    0.1829044162E+01    0.7436467358E+00    0.8716647435E+00    0.4014586318E+00    0.1879518067E+01
    0.1186944959E+04    0.2411507658E+02   -0.1047045740E+01    0.1817114578E+01    0.7406568627E+00    0.8670488422E+00    0.3985257074E+00    0.1866070535E+01
    0.1192785700E+04    0.2413417973E+02   -0.1045009107E+01    0.1805234597E+01    0.7376791620E+00    0.8624317147E+00    0.3955911319E+00    0.1852666057E+01
    0.1198633494E+04    0.2415320660E+02   -0.1042978718E+01    0.1793415704E+01    0.7347120692E+00    0.8578241436E+00    0.3926530303E+00    0.1839299794E+01
    0.1204488325E+04    0.2417216043E+02   -0.1040954111E+01    0.1781674040E+01    0.7317551480E+00    0.8532201239E+00    0.3897111184E+00    0.1825981787E+01
    0.1210350175E+04    0.2419104025E+02   -0.1038934186E+01    0.1770018257E+01    0.7288074152E+00    0.8486020205E+00    0.3867643391E+00    0.1812719543E+01
    0.1216219029E+04    0.2420984539E+02   -0.1036915930E+01    0.1758437678E+01    0.7258661814E+00    0.8439710039E+00    0.3838093238E+00    0.1799508409E+01
    0.1222094870E+04    0.2422857417E+02   -0.1034896494E+01    0.1746902992E+01    0.7229289031E+00    0.8393422943E+00    0.3808435303E+00    0.1786340988E+01
    0.1227977681E+04    0.2424721921E+02   -0.1032875776E+01    0.1735390261E+01    0.7199955544E+00    0.8347239509E+00    0.3778682145E+00    0.1773214939E+01
    0.1233867447E+04    0.2426577214E+02   -0.1030856067E+01    0.1723893700E+01    0.7170684186E+00    0.8301176377E+00    0.3748867978E+00    0.1760134749E+01
    0.1239764150E+04    0.2428422973E+02   -0.1028840206E+01    0.1712406115E+01    0.7141503945E+00    0.8255236358E+00    0.3719015844E+00    0.1747107214E+01
    0.1245667776E+04    0.2430259300E+02   -0.1026830201E+01    0.1700912167E+01    0.7112435681E+00    0.8209411284E+00    0.3689137374E+00    0.1734126746E+01
    0.1251578308E+04    0.2432086472E+02   -0.1024826433E+01    0.1689409902E+01    0.7083484540E+00    0.8163706980E+00    0.3659261826E+00    0.1721172817E+01
    0.1257495729E+04    0.2433904722E+02   -0.1022828469E+01    0.1677914626E+01    0.7054647534E+00    0.8118159209E+00    0.3629436235E+00    0.1708221269E+01
    0.1263420026E+04    0.2435714099E+02   -0.1020836349E+01    0.1666445116E+01    0.7025925630E+00    0.8072773416E+00    0.3599678598E+00    0.1695255420E+01
    0.1269351180E+04    0.2437514881E+02   -0.1018850378E+01    0.1655007712E+01    0.6997322711E+00    0.8027523694E+00    0.3569953105E+00    0.1682271839E+01
    0.1275289178E+04    0.2439307985E+02   -0.1016870895E+01    0.1643593296E+01    0.6968843194E+00    0.7982401419E+00    0.3540206037E+00    0.1669279024E+01
    0.1281234004E+04    0.2441094340E+02   -0.1014897966E+01    0.1632182294E+01    0.6940488211E+00    0.7937404477E+00    0.3510400010E+00    0.1656287981E+01
    0.1287185641E+04    0.2442874101E+02   -0.1012930324E+01    0.1620761306E+01    0.6912246371E+00    0.7892483115E+00    0.3480515261E+00    0.1643300602E+01
    0.1293144075E+04    0.2444646597E+02   -0.1010966051E+01    0.1609341945E+01    0.6884100718E+00    0.7847616797E+00    0.3450554135E+00    0.1630308223E+01
    0.1299109291E+04    0.2446410597E+02   -0.1009004295E+01    0.1597951562E+01    0.6856044357E+00    0.7802829342E+00    0.3420535703E+00    0.1617307293E+01
    0.1305081272E+04    0.2448165048E+02   -0.1007045335E+01    0.1586599634E+01    0.6828081001E+00    0.7758061635E+00    0.3390461646E+00    0.1604309615E+01
    0.1311060005E+04    0.2449909841E+02   -0.1005089392E+01    0.1575268150E+01    0.6800215055E+00    0.7713203042E+00    0.3360309589E+00    0.1591327016E+01
    0.1317045474E+04    0.2451645415E+02   -0.1003136091E+01    0.1563942213E+01    0.6772446042E+00    0.7668267918E+00    0.3330074502E+00    0.1578363287E+01
    0.1323037665E+04    0.2453371702E+02   -0.1001184820E+01    0.1552628248E+01    0.6744770531E+00    0.7623469280E+00    0.3299787745E+00    0.1565420305E+01
    0.1329036561E+04    0.2455088114E+02   -0.9992352830E+00    0.1541339968E+01    0.6717186140E+00    0.7579068089E+00    0.3269487449E+00    0.1552499514E+01
    0.1335042149E+04    0.2456794326E+02   -0.9972876862E+00    0.1530088678E+01    0.6689693504E+00    0.7535178020E+00    0.3239196899E+00    0.1539602847E+01
    0.1341054414E+04    0.2458490344E+02   -0.9953426941E+00    0.1518877665E+01    0.6662296276E+00    0.7491765276E+00    0.3208921710E+00    0.1526734127E+01
    0.1347073341E+04    0.2460175982E+02   -0.9934008831E+00    0.1507705279E+01    0.6634997681E+00    0.7448732009E+00    0.3178641469E+00    0.1513898462E+01
    0.1353098915E+04    0.2461850840E+02   -0.9914625953E+00    0.1496571411E+01    0.6607800228E+00    0.7406005177E+00    0.3148327203E+00    0.1501100492E+01
    0.1359131123E+04    0.2463514563E+02   -0.9895285918E+00    0.1485480352E+01    0.6580710683E+00    0.7363612696E+00    0.3117974113E+00    0.1488344874E+01
    0.1365169950E+04    0.2465166940E+02   -0.9875999000E+00    0.1474447132E+01    0.6553738824E+00    0.7321599432E+00    0.3087598878E+00    0.1475633565E+01
    0.1371215381E+04    0.2466807946E+02   -0.9856773204E+00    0.1463489520E+01    0.6526892760E+00    0.7279915886E+00    0.3057219837E+00    0.1462962906E+01
    0.1377267402E+04    0.2468437805E+02   -0.9837610516E+00    0.1452609125E+01    0.6500175367E+00    0.7238490486E+00    0.3026844328E+00    0.1450319303E+01
    0.1383326000E+04    0.2470056817E+02   -0.9818509052E+00    0.1441784399E+01    0.6473586031E+00    0.7197324385E+00    0.2996470270E+00    0.1437684633E+01
    0.1389391159E+04    0.2471664975E+02   -0.9799469230E+00    0.1430995313E+01    0.6447126096E+00    0.7156390841E+00    0.2966092919E+00    0.1425052642E+01
    0.1395462867E+04    0.2473261957E+02   -0.9780498937E+00    0.1420228820E+01    0.6420804019E+00    0.7115634920E+00    0.2935692593E+00    0.1412436393E+01
    0.1401541108E+04    0.2474847501E+02   -0.9761616719E+00    0.1409476553E+01    0.6394639116E+00    0.7075044528E+00    0.2905229751E+00    0.1399862105E+01
    0.1407625870E+04    0.2476421488E+02   -0.9742843119E+00    0.1398741695E+01    0.6368653056E+00    0.7034696415E+00    0.2874668183E+00    0.1387348903E+01
    0.1413717139E+04    0.2477983982E+02   -0.9724183805E+00    0.1388038420E+01    0.6342852392E+00    0.6994743912E+00    0.2844000396E+00    0.1374893220E+01
    0.1419814900E+04    0.2479535061E+02   -0.9705627280E+00    0.1377375955E+01    0.6317224661E+00    0.6955356434E+00    0.2813257412E+00    0.1362476990E+01
    0.1425919140E+04    0.2481074377E+02   -0.9687156007E+00    0.1366761999E+01    0.6291749141E+00    0.6916589599E+00    0.2782497106E+00    0.1350085075E+01
    0.1432029845E+04    0.2482601310E+02   -0.9668753227E+00    0.1356217062E+01    0.6266406116E+00    0.6878396683E+00    0.2751771159E+00    0.1337717770E+01
    0.1438147003E+04    0.2484115527E+02   -0.9650412725E+00    0.1345753202E+01    0.6241186566E+00    0.6840710347E+00    0.2721097699E+00    0.1325389087E+01
    0.1444270599E+04    0.2485616729E+02   -0.9632148919E+00    0.1335361723E+01    0.6216101774E+00    0.6803451172E+00    0.2690459610E+00    0.1313121246E+01
    0.1450400621E+04    0.2487104351E+02   -0.9613989425E+00    0.1325008130E+01    0.6191176817E+00    0.6766504851E+00    0.2659813398E+00    0.1300937725E+01
    0.1456537054E+04    0.2488578051E+02   -0.9595951953E+00    0.1314660180E+01    0.6166428829E+00    0.6729766737E+00    0.2629116646E+00    0.1288853992E+01
    0.1462679886E+04    0.2490037655E+02   -0.9578031678E+00    0.1304330935E+01    0.6141854830E+00    0.6693201420E+00    0.2598361441E+00    0.1276878167E+01
    0.1468829103E+04    0.2491482876E+02   -0.9560209117E+00    0.1294051453E+01    0.6117437546E+00    0.6656841314E+00    0.2567556490E+00    0.1265017915E+01
    0.1474984693E+04    0.2492913737E+02   -0.9542463114E+00    0.1283830035E+01    0.6093156932E+00    0.6620799919E+00    0.2536694649E+00    0.1253282574E+01
    0.1481146643E+04    0.2494330889E+02   -0.9524781703E+00    0.1273660911E+01    0.6068999602E+00    0.6585183206E+00    0.2505773810E+00    0.1241678164E+01
    0.1487314939E+04    0.2495735335E+02   -0.9507164847E+00    0.1263544165E+01    0.6044962527E+00    0.6549994050E+00    0.2474821221E+00    0.1230202160E+01
    0.1493489568E+04    0.2497127912E+02   -0.9489619791E+00    0.1253489481E+01    0.6021051215E+00    0.6515179922E+00    0.2443864160E+00    0.1218846321E+01
    0.1499670518E+04    0.2498509158E+02   -0.9472160645E+00    0.1243508450E+01    0.5997279119E+00    0.6480706876E+00    0.2412889221E+00    0.1207606372E+01
    0.1505857776E+04    0.2499879480E+02   -0.9454808332E+00    0.1233598044E+01    0.5973666612E+00    0.6446515881E+00    0.2381856243E+00    0.1196489143E+01
    0.1512051329E+04    0.2501238958E+02   -0.9437578734E+00    0.1223741626E+01    0.5950230098E+00    0.6412543188E+00    0.2350742085E+00    0.1185500962E+01
    0.1518251165E+04    0.2502587266E+02   -0.9420468751E+00    0.1213930730E+01    0.5926968544E+00    0.6378696719E+00    0.2319535863E+00    0.1174634348E+01
    0.1524457270E+04    0.2503924167E+02   -0.9403458961E+00    0.1204170852E+01    0.5903866352E+00    0.6344899663E+00    0.2288222662E+00    0.1163871711E+01
    0.1530669634E+04    0.2505249440E+02   -0.9386534355E+00    0.1194484281E+01    0.5880912067E+00    0.6311128678E+00    0.2256819186E+00    0.1153199423E+01
    0.1536888242E+04    0.2506562540E+02   -0.9369692771E+00    0.1184895356E+01    0.5858106586E+00    0.6277354330E+00    0.2225383672E+00    0.1142610468E+01
    0.1543113083E+04    0.2507862889E+02   -0.9352934480E+00    0.1175400473E+01    0.5835453680E+00    0.6243592698E+00    0.2193957502E+00    0.1132096532E+01
    0.1549344144E+04    0.2509150142E+02   -0.9336257339E+00    0.1165985286E+01    0.5812954579E+00    0.6209983285E+00    0.2162536039E+00    0.1121651050E+01
    0.1555581413E+04    0.2510423848E+02   -0.9319662177E+00    0.1156666020E+01    0.5790611745E+00    0.6176618117E+00    0.2131109158E+00    0.1111278957E+01
    0.1561824878E+04    0.2511683169E+02   -0.9303155865E+00    0.1147474235E+01    0.5768433980E+00    0.6143454149E+00    0.2099693323E+00    0.1100992404E+01
    0.1568074527E+04    0.2512927000E+02   -0.9286756607E+00    0.1138420002E+01    0.5746442334E+00    0.6110417257E+00    0.2068303972E+00    0.1090803252E+01
    0.1574330347E+04    0.2514154571E+02   -0.9270491207E+00    0.1129492732E+01    0.5724666480E+00    0.6077490294E+00    0.2036914019E+00    0.1080718749E+01
    0.1580592327E+04    0.2515365674E+02   -0.9254379097E+00    0.1120676672E+01    0.5703129543E+00    0.6044730510E+00    0.2005467004E+00    0.1070737373E+01
    0.1586860455E+04    0.2516560166E+02   -0.9238426036E+00    0.1111950764E+01    0.5681840674E+00    0.6012233040E+00    0.1973927794E+00    0.1060852771E+01
    0.1593134718E+04    0.2517737760E+02   -0.9222627495E+00    0.1103296082E+01    0.5660797459E+00    0.5980073317E+00    0.1942299594E+00    0.1051063534E+01
    0.1599415104E+04    0.2518898073E+02   -0.9206975898E+00    0.1094718333E+01    0.5639994838E+00    0.5948226974E+00    0.1910599303E+00    0.1041375878E+01
    0.1605701603E+04    0.2520040577E+02   -0.9191476751E+00    0.1086241897E+01    0.5619442132E+00    0.5916569063E+00    0.1878836780E+00    0.1031802163E+01
    0.1611994202E+04    0.2521164843E+02   -0.9176151351E+00    0.1077884722E+01    0.5599166638E+00    0.5884953204E+00    0.1847017429E+00    0.1022355155E+01
    0.1618292890E+04    0.2522270919E+02   -0.9161016350E+00    0.1069649832E+01    0.5579193315E+00    0.5853339104E+00    0.1815157015E+00    0.1013041693E+01
    0.1624597654E+04    0.2523358760E+02   -0.9146066496E+00    0.1061530796E+01    0.5559525115E+00    0.5821863215E+00    0.1783280704E+00    0.1003859537E+01
    0.1630908483E+04    0.2524427823E+02   -0.9131275553E+00    0.1053521713E+01    0.5540140511E+00    0.5790818483E+00    0.1751404521E+00    0.9947960137E+00
    0.1637225367E+04    0.2525477653E+02   -0.9116607358E+00    0.1045630297E+01    0.5521003074E+00    0.5760488853E+00    0.1719535612E+00    0.9858361686E+00
    0.1643548292E+04    0.2526508225E+02   -0.9102033791E+00    0.1037877974E+01    0.5502079973E+00    0.5730987702E+00    0.1687680280E+00    0.9769773720E+00
    0.1649877249E+04    0.2527519821E+02   -0.9087550177E+00    0.1030274806E+01    0.5483359441E+00    0.5702286667E+00    0.1655838345E+00    0.9682364963E+00
    0.1656212225E+04    0.2528512782E+02   -0.9073169036E+00    0.1022814114E+01    0.5464847324E+00    0.5674338645E+00    0.1623997379E+00    0.9596366643E+00
    0.1662553209E+04    0.2529487423E+02   -0.9058906672E+00    0.1015482041E+01    0.5446554652E+00    0.5647131822E+00    0.1592126001E+00    0.9511904755E+00
    0.1668900190E+04    0.2530444319E+02   -0.9044781683E+00    0.1008251009E+01    0.5428494796E+00    0.5620601643E+00    0.1560168621E+00    0.9429064564E+00
    0.1675253157E+04    0.2531384446E+02   -0.9030813396E+00    0.1001083848E+01    0.5410682382E+00    0.5594692558E+00    0.1528066993E+00    0.9347966831E+00
    0.1681612098E+04    0.2532308586E+02   -0.9017015868E+00    0.9939624399E+00    0.5393127017E+00    0.5569391319E+00    0.1495811460E+00    0.9268717188E+00
    0.1687977003E+04    0.2533216657E+02   -0.9003388082E+00    0.9868992725E+00    0.5375823295E+00    0.5544762702E+00    0.1463458956E+00    0.9191352090E+00
    0.1694347860E+04    0.2534108296E+02   -0.8989913367E+00    0.9799196696E+00    0.5358749127E+00    0.5520902448E+00    0.1431090625E+00    0.9115845146E+00
    0.1700724659E+04    0.2534983662E+02   -0.8976581719E+00    0.9730391088E+00    0.5341887715E+00    0.5497718085E+00    0.1398767634E+00    0.9042184787E+00
    0.1707107387E+04    0.2535843152E+02   -0.8963413622E+00    0.9662619822E+00    0.5325254762E+00    0.5475002978E+00    0.1366509881E+00    0.8970396865E+00
    0.1713496036E+04    0.2536686948E+02   -0.8950456123E+00    0.9595827617E+00    0.5308896002E+00    0.5452644614E+00    0.1334288240E+00    0.8900459107E+00
    0.1719890593E+04    0.2537514952E+02   -0.8937756474E+00    0.9530004897E+00    0.5292860441E+00    0.5430584233E+00    0.1302035781E+00    0.8832270467E+00
    0.1726291048E+04    0.2538326982E+02   -0.8925345481E+00    0.9465320020E+00    0.5277183910E+00    0.5408787437E+00    0.1269686244E+00    0.8765738881E+00
    0.1732697390E+04    0.2539122796E+02   -0.8913243289E+00    0.9402004809E+00    0.5261893288E+00    0.5387226755E+00    0.1237219567E+00    0.8700856182E+00
    0.1739109608E+04    0.2539901808E+02   -0.8901463623E+00    0.9340278255E+00    0.5247011091E+00    0.5365874863E+00    0.1204667996E+00    0.8637638707E+00
    0.1745527692E+04    0.2540663077E+02   -0.8890010133E+00    0.9280357914E+00    0.5232551605E+00    0.5344732392E+00    0.1172085943E+00    0.8576108440E+00
    0.1751951631E+04    0.2541405819E+02   -0.8878870227E+00    0.9222339884E+00    0.5218512469E+00    0.5323906713E+00    0.1139526291E+00    0.8516311148E+00
    0.1758381415E+04    0.2542129513E+02   -0.8868009579E+00    0.9166226021E+00    0.5204867606E+00    0.5303451308E+00    0.1107020513E+00    0.8458274782E+00
    0.1764817032E+04    0.2542833861E+02   -0.8857377646E+00    0.9112064516E+00    0.5191573987E+00    0.5283372680E+00    0.1074550164E+00    0.8401948527E+00
    0.1771258473E+04    0.2543519080E+02   -0.8846930245E+00    0.9059840192E+00    0.5178593517E+00    0.5263696007E+00    0.1042059126E+00    0.8347230379E+00
    0.1777705728E+04    0.2544185485E+02   -0.8836647497E+00    0.9009437238E+00    0.5165912160E+00    0.5244331602E+00    0.1009505466E+00    0.8294071876E+00
    0.1784158785E+04    0.2544833139E+02   -0.8826531538E+00    0.8960615606E+00    0.5153542090E+00    0.5225144070E+00    0.9768670816E-01    0.8242524929E+00
    0.1790617634E+04    0.2545461903E+02   -0.8816597230E+00    0.8913012796E+00    0.5141512297E+00    0.5206144134E+00    0.9441246722E-01    0.8192695265E+00
    0.1797082266E+04    0.2546071329E+02   -0.8806864127E+00    0.8866429250E+00    0.5129857604E+00    0.5187498620E+00    0.9112946501E-01    0.8144664361E+00
    0.1803552669E+04    0.2546661120E+02   -0.8797353053E+00    0.8820873409E+00    0.5118610954E+00    0.5169378748E+00    0.8784387613E-01    0.8098462802E+00
    0.1810028834E+04    0.2547231442E+02   -0.8788080490E+00    0.8776313776E+00    0.5107797173E+00    0.5151914869E+00    0.8455926191E-01    0.8054087740E+00
    0.1816510751E+04    0.2547782106E+02   -0.8779046815E+00    0.8732698413E+00    0.5097422449E+00    0.5135183053E+00    0.8127158989E-01    0.8011513399E+00
    0.1822998409E+04    0.2548312388E+02   -0.8770226988E+00    0.8690170011E+00    0.5087464738E+00    0.5119290714E+00    0.7797404104E-01    0.7970648557E+00
    0.1829491798E+04    0.2548821335E+02   -0.8761581436E+00    0.8649080790E+00    0.5077883041E+00    0.5104272738E+00    0.7466453827E-01    0.7931369743E+00
    0.1835990908E+04    0.2549308154E+02   -0.8753081682E+00    0.8609452264E+00    0.5068644255E+00    0.5090128695E+00    0.7134875485E-01    0.7893598416E+00
    0.1842495730E+04    0.2549772719E+02   -0.8744730297E+00    0.8571055208E+00    0.5059744500E+00    0.5076816028E+00    0.6803843741E-01    0.7857389885E+00
    0.1849006254E+04    0.2550215128E+02   -0.8736556880E+00    0.8533909025E+00    0.5051208491E+00    0.5064307416E+00    0.6474501004E-01    0.7822871525E+00
    0.1855522468E+04    0.2550635208E+02   -0.8728603862E+00    0.8498187300E+00    0.5043075127E+00    0.5052629811E+00    0.6147188501E-01    0.7790106113E+00
    0.1862044365E+04    0.2551032701E+02   -0.8720913179E+00    0.8464104575E+00    0.5035384505E+00    0.5041769414E+00    0.5821242639E-01    0.7759044754E+00
    0.1868571933E+04    0.2551407899E+02   -0.8713503657E+00    0.8431658408E+00    0.5028155134E+00    0.5031754694E+00    0.5495415578E-01    0.7729529157E+00
    0.1875105164E+04    0.2551761181E+02   -0.8706351386E+00    0.8400780710E+00    0.5021360000E+00    0.5022686484E+00    0.5168385492E-01    0.7701357004E+00
    0.1881644046E+04    0.2552093363E+02   -0.8699406713E+00    0.8371408605E+00    0.5014940853E+00    0.5014519289E+00    0.4839327162E-01    0.7674405412E+00
    0.1888188572E+04    0.2552404984E+02   -0.8692625561E+00    0.8343545903E+00    0.5008846264E+00    0.5007075894E+00    0.4508101377E-01    0.7648760950E+00
    0.1894738730E+04    0.2552696394E+02   -0.8685967771E+00    0.8317109271E+00    0.5003034061E+00    0.5000258901E+00    0.4175055888E-01    0.7624607313E+00
    0.1901294512E+04    0.2552966370E+02   -0.8679372618E+00    0.8292138331E+00    0.4997454659E+00    0.4993773602E+00    0.3840785709E-01    0.7601984963E+00
    0.1907855908E+04    0.2553214079E+02   -0.8672746041E+00    0.8268627540E+00    0.4992056893E+00    0.4987167845E+00    0.3506199986E-01    0.7580799606E+00
    0.1914422908E+04    0.2553436730E+02   -0.8665949476E+00    0.8247089364E+00    0.4986789628E+00    0.4980157710E+00    0.3172102086E-01    0.7560992066E+00
    0.1920995503E+04    0.2553635990E+02   -0.8658773799E+00    0.8227479933E+00    0.4981558092E+00    0.4972956290E+00    0.2839432160E-01    0.7542552264E+00
    0.1927573684E+04    0.2553808474E+02   -0.8650930306E+00    0.8210338455E+00    0.4976234183E+00    0.4965149456E+00    0.2508154117E-01    0.7525445810E+00
    0.1934157440E+04    0.2553960858E+02   -0.8642010762E+00    0.8195064669E+00    0.4970644400E+00    0.4956753401E+00    0.2178576313E-01    0.7509616558E+00
    0.1940746763E+04    0.2554082713E+02   -0.8631429532E+00    0.8182565868E+00    0.4964639463E+00    0.4946539330E+00    0.1848960232E-01    0.7494960598E+00
    0.1947341644E+04    0.2554196690E+02   -0.8618219099E+00    0.8170383308E+00    0.4957835545E+00    0.4936128028E+00    0.1520873248E-01    0.7481050473E+00
    0.1953942072E+04    0.2554262147E+02   -0.8600922868E+00    0.8161604103E+00    0.4950014490E+00    0.4922242488E+00    0.1187557963E-01    0.7467127520E+00
    0.1960548039E+04    0.2554383777E+02   -0.8576771989E+00    0.8150652390E+00    0.4939778484E+00    0.4911615345E+00    0.8612932528E-02    0.7451620164E+00
    0.1967159536E+04    0.2554368177E+02   -0.8540848485E+00    0.8149108183E+00    0.4928920460E+00    0.4890004787E+00    0.4814946893E-02    0.7432136850E+00
    0.1973776554E+04    0.2555273086E+02   -0.8482062257E+00    0.8190500897E+00    0.4919412579E+00    0.4885450634E+00                 NaN    0.7407970673E+00
