%
% Basic inner-scaled statistics for turbulent flow in a circular pipe
%
% See the following reference for details
% 
% Pirozzoli, S., Romero, J., Fatica, M., Verzicco, R., & Orlandi, P. (2021). 
% One-point statistics for turbulent pipe flow up to $\Rey_{\tau} \approx 6000$
% arXiv preprint arXiv:2103.13383.
%
% The flow parameters are as follows:
%
%  N_z                         = 1792
%  N_r                         =  140
%  N_theta                     =  768
%  Streamwise domain size      = 15 R
%  Bulk Reynolds number        = 44000
%  Friction Reynolds number    = 1136.6
%  Friction factor             = 0.02136
%
%  Flow variables
%  
%        y^+                  U_z^+               P^+                 u_z^2              u_r^2              u_t^2                u_z u_r              p^2
%
    0.2515637856E-01    0.2513067711E-01    0.2268816853E-07    0.1134980378E-03    0.3202364604E-09    0.5327443210E-04    0.7008516030E-07    0.6885993071E+01
    0.8504320335E-01    0.8495411192E-01    0.3142360168E-08    0.1248014167E-02    0.1134225200E-07    0.5296148231E-03    0.1041161138E-05    0.6883522306E+01
    0.1773978642E+00    0.1772045673E+00   -0.2300694900E-06    0.5391799543E-02    0.1693451743E-06    0.2197942832E-02    0.8317669611E-05    0.6879931910E+01
    0.3298375713E+00    0.3294537216E+00   -0.2296491870E-05    0.1855733897E-01    0.1778520417E-05    0.7255453305E-02    0.5073971352E-04    0.6874586879E+01
    0.5701239950E+00    0.5693805712E+00   -0.1682752363E-04    0.5521144167E-01    0.1406670407E-04    0.2043968884E-01    0.2524314038E-03    0.6867623846E+01
    0.9231827864E+00    0.9216989713E+00   -0.9584012517E-04    0.1440309802E+00    0.8435975450E-04    0.4942902052E-01    0.1040782567E-02    0.6860622535E+01
    0.1409265028E+01    0.1405970366E+01   -0.4276403589E-03    0.3331900546E+00    0.3893574530E-03    0.1033132308E+00    0.3603401180E-02    0.6857232649E+01
    0.2043048531E+01    0.2034608774E+01   -0.1523016423E-02    0.6911352991E+00    0.1417838884E-02    0.1892389636E+00    0.1059594849E-01    0.6863524734E+01
    0.2833514747E+01    0.2810157936E+01   -0.4437350564E-02    0.1294166692E+01    0.4192840561E-02    0.3088594193E+00    0.2668644443E-01    0.6887741323E+01
    0.3784398510E+01    0.3721370623E+01   -0.1085922536E-01    0.2190582430E+01    0.1036786452E-01    0.4572463507E+00    0.5799591215E-01    0.6939159109E+01
    0.4894989452E+01    0.4739624465E+01   -0.2291301170E-01    0.3349632640E+01    0.2204390009E-01    0.6253506266E+00    0.1097590600E+00    0.7026116566E+01
    0.6161090372E+01    0.5819490013E+01   -0.4271872980E-01    0.4638119541E+01    0.4134101844E-01    0.8038872253E+00    0.1831376175E+00    0.7153753748E+01
    0.7575980498E+01    0.6906234299E+01   -0.7192424651E-01    0.5863229535E+01    0.6992718995E-01    0.9854416659E+00    0.2735855432E+00    0.7322225333E+01
    0.9131288162E+01    0.7947978489E+01   -0.1113884804E+00    0.6856560138E+01    0.1086843332E+00    0.1164043462E+01    0.3722923204E+00    0.7525930230E+01
    0.1081772049E+02    0.8906270497E+01   -0.1610486812E+00    0.7533210815E+01    0.1575608223E+00    0.1334097943E+01    0.4696458225E+00    0.7753953449E+01
    0.1262563567E+02    0.9760374431E+01   -0.2199413997E+00    0.7894458619E+01    0.2155902639E+00    0.1490350555E+01    0.5582894007E+00    0.7991715704E+01
    0.1454546464E+02    0.1050532983E+02   -0.2863604924E+00    0.7994823015E+01    0.2810558572E+00    0.1628761759E+01    0.6343143113E+00    0.8223491106E+01
    0.1656800260E+02    0.1114690952E+02   -0.3581224793E+00    0.7906458035E+01    0.3517630782E+00    0.1747269908E+01    0.6968068657E+00    0.8434994585E+01
    0.1868459523E+02    0.1169650176E+02   -0.4328721332E+00    0.7696776006E+01    0.4253490741E+00    0.1845828344E+01    0.7467266834E+00    0.8615259775E+01
    0.2088724251E+02    0.1216737553E+02   -0.5083509266E+00    0.7419245479E+01    0.4995518961E+00    0.1925875392E+01    0.7858725969E+00    0.8757431735E+01
    0.2316864367E+02    0.1257249253E+02   -0.5825846834E+00    0.7112090299E+01    0.5723971227E+00    0.1989644612E+01    0.8162136405E+00    0.8858586949E+01
    0.2552220035E+02    0.1292346179E+02   -0.6539860127E+00    0.6800527447E+01    0.6422984949E+00    0.2039564394E+01    0.8395586914E+00    0.8919031273E+01
    0.2794199239E+02    0.1323017428E+02   -0.7213826413E+00    0.6500032548E+01    0.7080857298E+00    0.2077885979E+01    0.8574378774E+00    0.8941398447E+01
    0.3042273704E+02    0.1350081007E+02   -0.7839937932E+00    0.6219273863E+01    0.7689808091E+00    0.2106532469E+01    0.8710836212E+00    0.8929751039E+01
    0.3295973779E+02    0.1374202541E+02   -0.8413775243E+00    0.5962292174E+01    0.8245454830E+00    0.2127097536E+01    0.8814542274E+00    0.8888863057E+01
    0.3554883120E+02    0.1395918270E+02   -0.8933656261E+00    0.5730187732E+01    0.8746162904E+00    0.2140902153E+01    0.8892803227E+00    0.8823685028E+01
    0.3818633221E+02    0.1415657572E+02   -0.9400005000E+00    0.5522376420E+01    0.9192415033E+00    0.2149051176E+01    0.8951174467E+00    0.8738948451E+01
    0.4086898211E+02    0.1433764286E+02   -0.9814861731E+00    0.5337310638E+01    0.9586312986E+00    0.2152424900E+01    0.8993911562E+00    0.8639028490E+01
    0.4359389942E+02    0.1450514286E+02   -0.1018142649E+01    0.5172955589E+01    0.9931124013E+00    0.2151721108E+01    0.9024345190E+00    0.8527856375E+01
    0.4635853532E+02    0.1466128394E+02   -0.1050356184E+01    0.5027190958E+01    0.1023078979E+01    0.2147563830E+01    0.9045149754E+00    0.8408807375E+01
    0.4916063335E+02    0.1480781692E+02   -0.1078539285E+01    0.4898010925E+01    0.1048952413E+01    0.2140514434E+01    0.9058429448E+00    0.8284699547E+01
    0.5199819276E+02    0.1494613597E+02   -0.1103108587E+01    0.4783526661E+01    0.1071158648E+01    0.2131093443E+01    0.9065758443E+00    0.8157859191E+01
    0.5486943742E+02    0.1507737796E+02   -0.1124472257E+01    0.4681904859E+01    0.1090114700E+01    0.2119748639E+01    0.9068331253E+00    0.8030175093E+01
    0.5777278666E+02    0.1520247607E+02   -0.1143015177E+01    0.4591464669E+01    0.1106213858E+01    0.2106820330E+01    0.9067090323E+00    0.7903164491E+01
    0.6070683110E+02    0.1532218937E+02   -0.1159090054E+01    0.4510746994E+01    0.1119816929E+01    0.2092590972E+01    0.9062752932E+00    0.7778053196E+01
    0.6367031108E+02    0.1543713278E+02   -0.1173018658E+01    0.4438515669E+01    0.1131252877E+01    0.2077329019E+01    0.9055822083E+00    0.7655757767E+01
    0.6666209772E+02    0.1554781550E+02   -0.1185089687E+01    0.4373706916E+01    0.1140816931E+01    0.2061271264E+01    0.9046621124E+00    0.7536845190E+01
    0.6968117627E+02    0.1565467142E+02   -0.1195554147E+01    0.4315369318E+01    0.1148766320E+01    0.2044656226E+01    0.9035387984E+00    0.7421602307E+01
    0.7272663259E+02    0.1575806634E+02   -0.1204627847E+01    0.4262665078E+01    0.1155322354E+01    0.2027713535E+01    0.9022357681E+00    0.7310160749E+01
    0.7579763991E+02    0.1585831288E+02   -0.1212498586E+01    0.4214842177E+01    0.1160677469E+01    0.2010641998E+01    0.9007748485E+00    0.7202580426E+01
    0.7889344888E+02    0.1595568888E+02   -0.1219330945E+01    0.4171220559E+01    0.1165000060E+01    0.1993623305E+01    0.8991739003E+00    0.7098865259E+01
    0.8201337765E+02    0.1605043763E+02   -0.1225268091E+01    0.4131220430E+01    0.1168436439E+01    0.1976798358E+01    0.8974481091E+00    0.6998987648E+01
    0.8515680441E+02    0.1614276191E+02   -0.1230434461E+01    0.4094361416E+01    0.1171113487E+01    0.1960241529E+01    0.8956127623E+00    0.6902895057E+01
    0.8832315971E+02    0.1623282915E+02   -0.1234937227E+01    0.4060292163E+01    0.1173140421E+01    0.1943992874E+01    0.8936857651E+00    0.6810493816E+01
    0.9151192050E+02    0.1632078719E+02   -0.1238868174E+01    0.4028742463E+01    0.1174610972E+01    0.1928076220E+01    0.8916853226E+00    0.6721657467E+01
    0.9472260532E+02    0.1640677098E+02   -0.1242308851E+01    0.3999404673E+01    0.1175608077E+01    0.1912466119E+01    0.8896250904E+00    0.6636238453E+01
    0.9795476875E+02    0.1649090007E+02   -0.1245330527E+01    0.3971937562E+01    0.1176204242E+01    0.1897135688E+01    0.8875107774E+00    0.6554052981E+01
    0.1012079983E+03    0.1657328043E+02   -0.1247991016E+01    0.3946059230E+01    0.1176458478E+01    0.1882099085E+01    0.8853400646E+00    0.6474902039E+01
    0.1044819102E+03    0.1665400875E+02   -0.1250334915E+01    0.3921595088E+01    0.1176416339E+01    0.1867399769E+01    0.8831081481E+00    0.6398582249E+01
    0.1077761465E+03    0.1673317421E+02   -0.1252395912E+01    0.3898386269E+01    0.1176112166E+01    0.1853085898E+01    0.8808142493E+00    0.6324868216E+01
    0.1110903723E+03    0.1681085847E+02   -0.1254200703E+01    0.3876265539E+01    0.1175572963E+01    0.1839186362E+01    0.8784612063E+00    0.6253520456E+01
    0.1144242739E+03    0.1688713739E+02   -0.1255773681E+01    0.3855068817E+01    0.1174822872E+01    0.1825694738E+01    0.8760524703E+00    0.6184326543E+01
    0.1177775555E+03    0.1696208068E+02   -0.1257137211E+01    0.3834671954E+01    0.1173883732E+01    0.1812587040E+01    0.8735941607E+00    0.6117126141E+01
    0.1211499387E+03    0.1703575106E+02   -0.1258309793E+01    0.3815007908E+01    0.1172773778E+01    0.1799838918E+01    0.8710944033E+00    0.6051800330E+01
    0.1245411600E+03    0.1710820673E+02   -0.1259308373E+01    0.3796003994E+01    0.1171509720E+01    0.1787433408E+01    0.8685585212E+00    0.5988247598E+01
    0.1279509698E+03    0.1717950203E+02   -0.1260150429E+01    0.3777572744E+01    0.1170108788E+01    0.1775373648E+01    0.8659883684E+00    0.5926378452E+01
    0.1313791309E+03    0.1724968872E+02   -0.1260853422E+01    0.3759621729E+01    0.1168588136E+01    0.1763657405E+01    0.8633834300E+00    0.5866120721E+01
    0.1348254172E+03    0.1731881065E+02   -0.1261434322E+01    0.3742092287E+01    0.1166964146E+01    0.1752259178E+01    0.8607420151E+00    0.5807405245E+01
    0.1382896134E+03    0.1738689813E+02   -0.1261909219E+01    0.3724964290E+01    0.1165252379E+01    0.1741146901E+01    0.8580647152E+00    0.5750148656E+01
    0.1417715132E+03    0.1745397821E+02   -0.1262293447E+01    0.3708191943E+01    0.1163467822E+01    0.1730302890E+01    0.8553543553E+00    0.5694263060E+01
    0.1452709194E+03    0.1752008564E+02   -0.1262601281E+01    0.3691698764E+01    0.1161624332E+01    0.1719709583E+01    0.8526141565E+00    0.5639662511E+01
    0.1487876424E+03    0.1758525676E+02   -0.1262843302E+01    0.3675439163E+01    0.1159732060E+01    0.1709341956E+01    0.8498501552E+00    0.5586263458E+01
    0.1523215003E+03    0.1764952661E+02   -0.1263024335E+01    0.3659396365E+01    0.1157795527E+01    0.1699183931E+01    0.8470691683E+00    0.5533997971E+01
    0.1558723173E+03    0.1771293032E+02   -0.1263145484E+01    0.3643532197E+01    0.1155815427E+01    0.1689217644E+01    0.8442724405E+00    0.5482812054E+01
    0.1594399248E+03    0.1777549706E+02   -0.1263207290E+01    0.3627797888E+01    0.1153791876E+01    0.1679411063E+01    0.8414556583E+00    0.5432649081E+01
    0.1630241592E+03    0.1783724983E+02   -0.1263210658E+01    0.3612141436E+01    0.1151725522E+01    0.1669740566E+01    0.8386122753E+00    0.5383453051E+01
    0.1666248627E+03    0.1789821224E+02   -0.1263156644E+01    0.3596494034E+01    0.1149617145E+01    0.1660208124E+01    0.8357340428E+00    0.5335172811E+01
    0.1702418824E+03    0.1795841015E+02   -0.1263046646E+01    0.3580795749E+01    0.1147467753E+01    0.1650813443E+01    0.8328138588E+00    0.5287749135E+01
    0.1738750699E+03    0.1801786731E+02   -0.1262882897E+01    0.3565032232E+01    0.1145279303E+01    0.1641552389E+01    0.8298522081E+00    0.5241111386E+01
    0.1775242817E+03    0.1807660723E+02   -0.1262669161E+01    0.3549201535E+01    0.1143055322E+01    0.1632430382E+01    0.8268578966E+00    0.5195211370E+01
    0.1811893779E+03    0.1813465657E+02   -0.1262409863E+01    0.3533289357E+01    0.1140799852E+01    0.1623453975E+01    0.8238407896E+00    0.5150040766E+01
    0.1848702227E+03    0.1819204059E+02   -0.1262108089E+01    0.3517282486E+01    0.1138515517E+01    0.1614632691E+01    0.8208056733E+00    0.5105599668E+01
    0.1885666840E+03    0.1824877718E+02   -0.1261764870E+01    0.3501207174E+01    0.1136202774E+01    0.1605968115E+01    0.8177531991E+00    0.5061868818E+01
    0.1922786328E+03    0.1830487826E+02   -0.1261378670E+01    0.3485116568E+01    0.1133859516E+01    0.1597469162E+01    0.8146841759E+00    0.5018800541E+01
    0.1960059436E+03    0.1836035397E+02   -0.1260945736E+01    0.3469051339E+01    0.1131481487E+01    0.1589134103E+01    0.8116020822E+00    0.4976337375E+01
    0.1997484942E+03    0.1841521573E+02   -0.1260462824E+01    0.3453028311E+01    0.1129064856E+01    0.1580935304E+01    0.8085104975E+00    0.4934437985E+01
    0.2035061646E+03    0.1846948013E+02   -0.1259930180E+01    0.3437025307E+01    0.1126609303E+01    0.1572846697E+01    0.8054078395E+00    0.4893095614E+01
    0.2072788382E+03    0.1852316770E+02   -0.1259351600E+01    0.3421001648E+01    0.1124118299E+01    0.1564875295E+01    0.8022876704E+00    0.4852322238E+01
    0.2110664007E+03    0.1857630067E+02   -0.1258732743E+01    0.3404932795E+01    0.1121597364E+01    0.1557049596E+01    0.7991438845E+00    0.4812118383E+01
    0.2148687405E+03    0.1862890052E+02   -0.1258080547E+01    0.3388797182E+01    0.1119053065E+01    0.1549363269E+01    0.7959748056E+00    0.4772477936E+01
    0.2186857482E+03    0.1868098070E+02   -0.1257400908E+01    0.3372569874E+01    0.1116490828E+01    0.1541785505E+01    0.7927849374E+00    0.4733393798E+01
    0.2225173169E+03    0.1873254625E+02   -0.1256695871E+01    0.3356251725E+01    0.1113912425E+01    0.1534281885E+01    0.7895810774E+00    0.4694846757E+01
    0.2263633414E+03    0.1878360450E+02   -0.1255964465E+01    0.3339853885E+01    0.1111316723E+01    0.1526810274E+01    0.7863640725E+00    0.4656815884E+01
    0.2302237193E+03    0.1883417438E+02   -0.1255205146E+01    0.3323370096E+01    0.1108702100E+01    0.1519326507E+01    0.7831273096E+00    0.4619293773E+01
    0.2340983496E+03    0.1888428070E+02   -0.1254416929E+01    0.3306782234E+01    0.1106067550E+01    0.1511811315E+01    0.7798653611E+00    0.4582278741E+01
    0.2379871336E+03    0.1893393819E+02   -0.1253598695E+01    0.3290104310E+01    0.1103412058E+01    0.1504290733E+01    0.7765794033E+00    0.4545764638E+01
    0.2418899743E+03    0.1898315210E+02   -0.1252749448E+01    0.3273382815E+01    0.1100734759E+01    0.1496809110E+01    0.7732716014E+00    0.4509737652E+01
    0.2458067762E+03    0.1903193060E+02   -0.1251869774E+01    0.3256637762E+01    0.1098036193E+01    0.1489364547E+01    0.7699414955E+00    0.4474174925E+01
    0.2497374460E+03    0.1908028497E+02   -0.1250961689E+01    0.3239868555E+01    0.1095318371E+01    0.1481925934E+01    0.7665904333E+00    0.4439049820E+01
    0.2536818920E+03    0.1912822474E+02   -0.1250027649E+01    0.3223056985E+01    0.1092583793E+01    0.1474490283E+01    0.7632232511E+00    0.4404336502E+01
    0.2576400237E+03    0.1917575773E+02   -0.1249068648E+01    0.3206169800E+01    0.1089833455E+01    0.1467084434E+01    0.7598444247E+00    0.4370006118E+01
    0.2616117525E+03    0.1922289140E+02   -0.1248081491E+01    0.3189193578E+01    0.1087064038E+01    0.1459730291E+01    0.7564554252E+00    0.4336026917E+01
    0.2655969912E+03    0.1926963450E+02   -0.1247058522E+01    0.3172161735E+01    0.1084267799E+01    0.1452447436E+01    0.7530565276E+00    0.4302368160E+01
    0.2695956539E+03    0.1931599791E+02   -0.1245991585E+01    0.3155113997E+01    0.1081436235E+01    0.1445254757E+01    0.7496500899E+00    0.4269009675E+01
    0.2736076563E+03    0.1936199292E+02   -0.1244874885E+01    0.3138067870E+01    0.1078562978E+01    0.1438162460E+01    0.7462392339E+00    0.4235945370E+01
    0.2776329154E+03    0.1940763275E+02   -0.1243705867E+01    0.3121018745E+01    0.1075644901E+01    0.1431189159E+01    0.7428222574E+00    0.4203177357E+01
    0.2816713494E+03    0.1945293393E+02   -0.1242486157E+01    0.3103936421E+01    0.1072683021E+01    0.1424341980E+01    0.7393916862E+00    0.4170717614E+01
    0.2857228780E+03    0.1949791056E+02   -0.1241220261E+01    0.3086784471E+01    0.1069681199E+01    0.1417595447E+01    0.7359401218E+00    0.4138591718E+01
    0.2897874219E+03    0.1954257150E+02   -0.1239911935E+01    0.3069555859E+01    0.1066642659E+01    0.1410917178E+01    0.7324648700E+00    0.4106816720E+01
    0.2938649032E+03    0.1958692183E+02   -0.1238562533E+01    0.3052277456E+01    0.1063568397E+01    0.1404298078E+01    0.7289681657E+00    0.4075376893E+01
    0.2979552451E+03    0.1963096164E+02   -0.1237172753E+01    0.3034975735E+01    0.1060458870E+01    0.1397752865E+01    0.7254553299E+00    0.4044236405E+01
    0.3020583718E+03    0.1967468775E+02   -0.1235744811E+01    0.3017647900E+01    0.1057315964E+01    0.1391292297E+01    0.7219311869E+00    0.4013367556E+01
    0.3061742087E+03    0.1971809718E+02   -0.1234282740E+01    0.3000268439E+01    0.1054143190E+01    0.1384912760E+01    0.7183977516E+00    0.3982757280E+01
    0.3103026825E+03    0.1976118876E+02   -0.1232791379E+01    0.2982812141E+01    0.1050944821E+01    0.1378597537E+01    0.7148556058E+00    0.3952405463E+01
    0.3144437208E+03    0.1980396318E+02   -0.1231275641E+01    0.2965278122E+01    0.1047725461E+01    0.1372323219E+01    0.7113049341E+00    0.3922327263E+01
    0.3185972520E+03    0.1984642380E+02   -0.1229741129E+01    0.2947671529E+01    0.1044490624E+01    0.1366059389E+01    0.7077444451E+00    0.3892552398E+01
    0.3227632058E+03    0.1988857860E+02   -0.1228193367E+01    0.2929982326E+01    0.1041245834E+01    0.1359794345E+01    0.7041700605E+00    0.3863108467E+01
    0.3269415127E+03    0.1993043942E+02   -0.1226635201E+01    0.2912186797E+01    0.1037994003E+01    0.1353546122E+01    0.7005760651E+00    0.3834008182E+01
    0.3311321043E+03    0.1997201789E+02   -0.1225065680E+01    0.2894268328E+01    0.1034734186E+01    0.1347326175E+01    0.6969598799E+00    0.3805249338E+01
    0.3353349131E+03    0.2001331954E+02   -0.1223480804E+01    0.2876238823E+01    0.1031462381E+01    0.1341133193E+01    0.6933247981E+00    0.3776805663E+01
    0.3395498724E+03    0.2005434702E+02   -0.1221875702E+01    0.2858119169E+01    0.1028173631E+01    0.1334972706E+01    0.6896775185E+00    0.3748630672E+01
    0.3437769164E+03    0.2009510731E+02   -0.1220246464E+01    0.2839924274E+01    0.1024863765E+01    0.1328836639E+01    0.6860243684E+00    0.3720695609E+01
    0.3480159803E+03    0.2013561253E+02   -0.1218590320E+01    0.2821669809E+01    0.1021529698E+01    0.1322697700E+01    0.6823686839E+00    0.3693005278E+01
    0.3522670002E+03    0.2017587746E+02   -0.1216904750E+01    0.2803376709E+01    0.1018168817E+01    0.1316546444E+01    0.6787100070E+00    0.3665567067E+01
    0.3565299126E+03    0.2021591480E+02   -0.1215187357E+01    0.2785064888E+01    0.1014778798E+01    0.1310402718E+01    0.6750443217E+00    0.3638371341E+01
    0.3608046553E+03    0.2025573311E+02   -0.1213436836E+01    0.2766735660E+01    0.1011358276E+01    0.1304293054E+01    0.6713656053E+00    0.3611411001E+01
    0.3650911668E+03    0.2029534123E+02   -0.1211653173E+01    0.2748388261E+01    0.1007906905E+01    0.1298238575E+01    0.6676698595E+00    0.3584685891E+01
    0.3693893861E+03    0.2033475162E+02   -0.1209836787E+01    0.2730038066E+01    0.1004424613E+01    0.1292246890E+01    0.6639575255E+00    0.3558184644E+01
    0.3736992533E+03    0.2037397912E+02   -0.1207988136E+01    0.2711702627E+01    0.1000911335E+01    0.1286314763E+01    0.6602308237E+00    0.3531889764E+01
    0.3780207089E+03    0.2041303631E+02   -0.1206107395E+01    0.2693394325E+01    0.9973667266E+00    0.1280441058E+01    0.6564904469E+00    0.3505789910E+01
    0.3823536947E+03    0.2045192634E+02   -0.1204194308E+01    0.2675126672E+01    0.9937901631E+00    0.1274619055E+01    0.6527366265E+00    0.3479865416E+01
    0.3866981524E+03    0.2049064611E+02   -0.1202249867E+01    0.2656913620E+01    0.9901822559E+00    0.1268816879E+01    0.6489720172E+00    0.3454089760E+01
    0.3910540252E+03    0.2052919422E+02   -0.1200276437E+01    0.2638755249E+01    0.9865450526E+00    0.1262999845E+01    0.6452006210E+00    0.3428445411E+01
    0.3954212565E+03    0.2056757244E+02   -0.1198276271E+01    0.2620633445E+01    0.9828807451E+00    0.1257148471E+01    0.6414235924E+00    0.3402929437E+01
    0.3997997904E+03    0.2060578385E+02   -0.1196251753E+01    0.2602538051E+01    0.9791918112E+00    0.1251240522E+01    0.6376374016E+00    0.3377550261E+01
    0.4041895720E+03    0.2064382922E+02   -0.1194205254E+01    0.2584466739E+01    0.9754808110E+00    0.1245251130E+01    0.6338366190E+00    0.3352313003E+01
    0.4085905466E+03    0.2068170330E+02   -0.1192137184E+01    0.2566426820E+01    0.9717484863E+00    0.1239174951E+01    0.6300190726E+00    0.3327214156E+01
    0.4130026604E+03    0.2071939654E+02   -0.1190044946E+01    0.2548435015E+01    0.9679925970E+00    0.1233037984E+01    0.6261867175E+00    0.3302239136E+01
    0.4174258604E+03    0.2075690097E+02   -0.1187923961E+01    0.2530511218E+01    0.9642087557E+00    0.1226877398E+01    0.6223416183E+00    0.3277361393E+01
    0.4218600938E+03    0.2079421363E+02   -0.1185769599E+01    0.2512679336E+01    0.9603923843E+00    0.1220725626E+01    0.6184845636E+00    0.3252549788E+01
    0.4263053086E+03    0.2083133823E+02   -0.1183578788E+01    0.2494947672E+01    0.9565402464E+00    0.1214613086E+01    0.6146169941E+00    0.3227779246E+01
    0.4307614534E+03    0.2086828016E+02   -0.1181350790E+01    0.2477306982E+01    0.9526511536E+00    0.1208548595E+01    0.6107414061E+00    0.3203040218E+01
    0.4352284773E+03    0.2090504211E+02   -0.1179087513E+01    0.2459737789E+01    0.9487265394E+00    0.1202504745E+01    0.6068598845E+00    0.3178343183E+01
    0.4397063302E+03    0.2094162674E+02   -0.1176792896E+01    0.2442209038E+01    0.9447701598E+00    0.1196441065E+01    0.6029741014E+00    0.3153713248E+01
    0.4441949624E+03    0.2097803839E+02   -0.1174470723E+01    0.2424692964E+01    0.9407860109E+00    0.1190322662E+01    0.5990854574E+00    0.3129175691E+01
    0.4486943245E+03    0.2101428521E+02   -0.1172122338E+01    0.2407174987E+01    0.9367759298E+00    0.1184129873E+01    0.5951929837E+00    0.3104739975E+01
    0.4532043682E+03    0.2105037661E+02   -0.1169746306E+01    0.2389655380E+01    0.9327389599E+00    0.1177867777E+01    0.5912930382E+00    0.3080396448E+01
    0.4577250452E+03    0.2108632020E+02   -0.1167339953E+01    0.2372139723E+01    0.9286726990E+00    0.1171563919E+01    0.5873815148E+00    0.3056124819E+01
    0.4622563080E+03    0.2112212277E+02   -0.1164900615E+01    0.2354624402E+01    0.9245744562E+00    0.1165247527E+01    0.5834546122E+00    0.3031907579E+01
    0.4667981095E+03    0.2115778905E+02   -0.1162425403E+01    0.2337093456E+01    0.9204411138E+00    0.1158929935E+01    0.5795084727E+00    0.3007735460E+01
    0.4713504032E+03    0.2119331861E+02   -0.1159911828E+01    0.2319536503E+01    0.9162699621E+00    0.1152608837E+01    0.5755403677E+00    0.2983603330E+01
    0.4759131431E+03    0.2122870632E+02   -0.1157360121E+01    0.2301970443E+01    0.9120609859E+00    0.1146274534E+01    0.5715525107E+00    0.2959517517E+01
    0.4804862835E+03    0.2126394790E+02   -0.1154774050E+01    0.2284425127E+01    0.9078177616E+00    0.1139917549E+01    0.5675544996E+00    0.2935499439E+01
    0.4850697795E+03    0.2129903996E+02   -0.1152159351E+01    0.2266910368E+01    0.9035459652E+00    0.1133535445E+01    0.5635582035E+00    0.2911571666E+01
    0.4896635863E+03    0.2133397624E+02   -0.1149520937E+01    0.2249421854E+01    0.8992505728E+00    0.1127121781E+01    0.5595693638E+00    0.2887747767E+01
    0.4942676598E+03    0.2136875257E+02   -0.1146860861E+01    0.2231953639E+01    0.8949339021E+00    0.1120673388E+01    0.5555860376E+00    0.2864029875E+01
    0.4988819564E+03    0.2140336756E+02   -0.1144179460E+01    0.2214499579E+01    0.8905965526E+00    0.1114180940E+01    0.5516028324E+00    0.2840407543E+01
    0.5035064327E+03    0.2143781836E+02   -0.1141477411E+01    0.2197053535E+01    0.8862393828E+00    0.1107618244E+01    0.5476129767E+00    0.2816859395E+01
    0.5081410459E+03    0.2147210593E+02   -0.1138755726E+01    0.2179604240E+01    0.8818637032E+00    0.1100967622E+01    0.5436082203E+00    0.2793363919E+01
    0.5127857538E+03    0.2150623787E+02   -0.1136014494E+01    0.2162159412E+01    0.8774701072E+00    0.1094238929E+01    0.5395822732E+00    0.2769896524E+01
    0.5174405142E+03    0.2154021869E+02   -0.1133252402E+01    0.2144745247E+01    0.8730577145E+00    0.1087464253E+01    0.5355355954E+00    0.2746427281E+01
    0.5221052857E+03    0.2157404465E+02   -0.1130467648E+01    0.2127375775E+01    0.8686248996E+00    0.1080676442E+01    0.5314731701E+00    0.2722933174E+01
    0.5267800273E+03    0.2160771257E+02   -0.1127659798E+01    0.2110030777E+01    0.8641712216E+00    0.1073886188E+01    0.5273988521E+00    0.2699411955E+01
    0.5314646981E+03    0.2164122312E+02   -0.1124830512E+01    0.2092698138E+01    0.8596982808E+00    0.1067075139E+01    0.5233155194E+00    0.2675879012E+01
    0.5361592578E+03    0.2167457570E+02   -0.1121981804E+01    0.2075397578E+01    0.8552082904E+00    0.1060226007E+01    0.5192268202E+00    0.2652346223E+01
    0.5408636667E+03    0.2170776698E+02   -0.1119115162E+01    0.2058149870E+01    0.8507030978E+00    0.1053337271E+01    0.5151350155E+00    0.2628824947E+01
    0.5455778850E+03    0.2174079367E+02   -0.1116232116E+01    0.2040971486E+01    0.8461844983E+00    0.1046417538E+01    0.5110393116E+00    0.2605340776E+01
    0.5503018736E+03    0.2177365712E+02   -0.1113333809E+01    0.2023877707E+01    0.8416538774E+00    0.1039479883E+01    0.5069375895E+00    0.2581924233E+01
    0.5550355939E+03    0.2180636505E+02   -0.1110420647E+01    0.2006865794E+01    0.8371119096E+00    0.1032532872E+01    0.5028280804E+00    0.2558602572E+01
    0.5597790073E+03    0.2183892966E+02   -0.1107493002E+01    0.1989907096E+01    0.8325590679E+00    0.1025582213E+01    0.4987093298E+00    0.2535404428E+01
    0.5645320760E+03    0.2187136349E+02   -0.1104551357E+01    0.1972997041E+01    0.8279959161E+00    0.1018624401E+01    0.4945800843E+00    0.2512354797E+01
    0.5692947622E+03    0.2190367295E+02   -0.1101596149E+01    0.1956161041E+01    0.8234231575E+00    0.1011639931E+01    0.4904395863E+00    0.2489473473E+01
    0.5740670286E+03    0.2193585724E+02   -0.1098627710E+01    0.1939405790E+01    0.8188415414E+00    0.1004596754E+01    0.4862887778E+00    0.2466779007E+01
    0.5788488382E+03    0.2196791039E+02   -0.1095646339E+01    0.1922715331E+01    0.8142519702E+00    0.9974816404E+00    0.4821296455E+00    0.2444280016E+01
    0.5836401544E+03    0.2199982279E+02   -0.1092653410E+01    0.1906064757E+01    0.8096564581E+00    0.9903110252E+00    0.4779617808E+00    0.2421970105E+01
    0.5884409408E+03    0.2203158491E+02   -0.1089651728E+01    0.1889418693E+01    0.8050583834E+00    0.9831193281E+00    0.4737829944E+00    0.2399827236E+01
    0.5932511617E+03    0.2206319171E+02   -0.1086644410E+01    0.1872753344E+01    0.8004612101E+00    0.9759392164E+00    0.4695932193E+00    0.2377815879E+01
    0.5980707813E+03    0.2209464598E+02   -0.1083633028E+01    0.1856064167E+01    0.7958664620E+00    0.9687845390E+00    0.4653948063E+00    0.2355890976E+01
    0.6028997643E+03    0.2212595326E+02   -0.1080615828E+01    0.1839371812E+01    0.7912721831E+00    0.9616645380E+00    0.4611910319E+00    0.2334000186E+01
    0.6077380759E+03    0.2215711180E+02   -0.1077588812E+01    0.1822727353E+01    0.7866742041E+00    0.9545898369E+00    0.4569843193E+00    0.2312096106E+01
    0.6125856814E+03    0.2218811725E+02   -0.1074549315E+01    0.1806173229E+01    0.7820695316E+00    0.9475658464E+00    0.4527729217E+00    0.2290148231E+01
    0.6174425462E+03    0.2221897216E+02   -0.1071498234E+01    0.1789725407E+01    0.7774585701E+00    0.9405880430E+00    0.4485514059E+00    0.2268141516E+01
    0.6223086365E+03    0.2224967842E+02   -0.1068439861E+01    0.1773381110E+01    0.7728452500E+00    0.9336387919E+00    0.4443167041E+00    0.2246080727E+01
    0.6271839185E+03    0.2228022969E+02   -0.1065380161E+01    0.1757123593E+01    0.7682355059E+00    0.9266913462E+00    0.4400708841E+00    0.2223996411E+01
    0.6320683588E+03    0.2231061704E+02   -0.1062324175E+01    0.1740942537E+01    0.7636347398E+00    0.9197291920E+00    0.4358160642E+00    0.2201931418E+01
    0.6369619241E+03    0.2234083626E+02   -0.1059275123E+01    0.1724826205E+01    0.7590467643E+00    0.9127485429E+00    0.4315509850E+00    0.2179928884E+01
    0.6418645818E+03    0.2237088952E+02   -0.1056234993E+01    0.1708758056E+01    0.7544740982E+00    0.9057500446E+00    0.4272757829E+00    0.2158021654E+01
    0.6467762991E+03    0.2240078014E+02   -0.1053203827E+01    0.1692733602E+01    0.7499173095E+00    0.8987427076E+00    0.4229949516E+00    0.2136216247E+01
    0.6516970438E+03    0.2243050554E+02   -0.1050179241E+01    0.1676763800E+01    0.7453744069E+00    0.8917426989E+00    0.4187131314E+00    0.2114497944E+01
    0.6566267839E+03    0.2246005798E+02   -0.1047157222E+01    0.1660860012E+01    0.7408415557E+00    0.8847547955E+00    0.4144313260E+00    0.2092846474E+01
    0.6615654878E+03    0.2248943193E+02   -0.1044133665E+01    0.1645010315E+01    0.7363147940E+00    0.8777698859E+00    0.4101461159E+00    0.2071250715E+01
    0.6665131238E+03    0.2251862897E+02   -0.1041106388E+01    0.1629181543E+01    0.7317921591E+00    0.8707839573E+00    0.4058508002E+00    0.2049718917E+01
    0.6714696608E+03    0.2254765529E+02   -0.1038075922E+01    0.1613350566E+01    0.7272744321E+00    0.8638067061E+00    0.4015398144E+00    0.2028266285E+01
    0.6764350680E+03    0.2257651398E+02   -0.1035044323E+01    0.1597532679E+01    0.7227638635E+00    0.8568709383E+00    0.3972135864E+00    0.2006891662E+01
    0.6814093145E+03    0.2260520320E+02   -0.1032014185E+01    0.1581759984E+01    0.7182628953E+00    0.8500050048E+00    0.3928777301E+00    0.1985583873E+01
    0.6863923701E+03    0.2263372169E+02   -0.1028987738E+01    0.1566052053E+01    0.7137733314E+00    0.8432113917E+00    0.3885371020E+00    0.1964347541E+01
    0.6913842045E+03    0.2266207411E+02   -0.1025966130E+01    0.1550403441E+01    0.7092958780E+00    0.8364875339E+00    0.3841921570E+00    0.1943214901E+01
    0.6963847880E+03    0.2269027080E+02   -0.1022949241E+01    0.1534782920E+01    0.7048299418E+00    0.8298288512E+00    0.3798399916E+00    0.1922226772E+01
    0.7013940905E+03    0.2271832017E+02   -0.1019934844E+01    0.1519153170E+01    0.7003728953E+00    0.8232223889E+00    0.3754769658E+00    0.1901392245E+01
    0.7064120830E+03    0.2274622055E+02   -0.1016918381E+01    0.1503496588E+01    0.6959198755E+00    0.8166489198E+00    0.3711028985E+00    0.1880670361E+01
    0.7114387363E+03    0.2277395674E+02   -0.1013894138E+01    0.1487829789E+01    0.6914649975E+00    0.8100929393E+00    0.3667232612E+00    0.1859997359E+01
    0.7164740213E+03    0.2280150358E+02   -0.1010857907E+01    0.1472186153E+01    0.6870040544E+00    0.8035415034E+00    0.3623445935E+00    0.1839328560E+01
    0.7215179093E+03    0.2282883325E+02   -0.1007809274E+01    0.1456591327E+01    0.6825367328E+00    0.7969801678E+00    0.3579694439E+00    0.1818656783E+01
    0.7265703719E+03    0.2285592203E+02   -0.1004751177E+01    0.1441057670E+01    0.6780662796E+00    0.7904041620E+00    0.3535959860E+00    0.1797999952E+01
    0.7316313808E+03    0.2288275551E+02   -0.1001688111E+01    0.1425573457E+01    0.6735976452E+00    0.7838167777E+00    0.3492185848E+00    0.1777375131E+01
    0.7367009082E+03    0.2290933073E+02   -0.9986248082E+00    0.1410116751E+01    0.6691361767E+00    0.7772172740E+00    0.3448296441E+00    0.1756786964E+01
    0.7417789259E+03    0.2293565190E+02   -0.9955666020E+00    0.1394677279E+01    0.6646879317E+00    0.7706031677E+00    0.3404247822E+00    0.1736244048E+01
    0.7468654067E+03    0.2296172545E+02   -0.9925195859E+00    0.1379250715E+01    0.6602597118E+00    0.7639828527E+00    0.3360059777E+00    0.1715765581E+01
    0.7519603231E+03    0.2298755883E+02   -0.9894892659E+00    0.1363833503E+01    0.6558577377E+00    0.7573620047E+00    0.3315793513E+00    0.1695375617E+01
    0.7570636479E+03    0.2301315786E+02   -0.9864791427E+00    0.1348442698E+01    0.6514863069E+00    0.7507415091E+00    0.3271504127E+00    0.1675102738E+01
    0.7621753542E+03    0.2303852626E+02   -0.9834911872E+00    0.1333101348E+01    0.6471482142E+00    0.7441242776E+00    0.3227200111E+00    0.1654974767E+01
    0.7672954155E+03    0.2306366832E+02   -0.9805271652E+00    0.1317809746E+01    0.6428459911E+00    0.7375017338E+00    0.3182853319E+00    0.1635013699E+01
    0.7724238050E+03    0.2308858470E+02   -0.9775880137E+00    0.1302563435E+01    0.6385814302E+00    0.7308787214E+00    0.3138433301E+00    0.1615228526E+01
    0.7775604965E+03    0.2311327236E+02   -0.9746733082E+00    0.1287370613E+01    0.6343548458E+00    0.7242891957E+00    0.3093912825E+00    0.1595609298E+01
    0.7827054638E+03    0.2313773095E+02   -0.9717828455E+00    0.1272253057E+01    0.6301662638E+00    0.7177754414E+00    0.3049274841E+00    0.1576139231E+01
    0.7878586812E+03    0.2316196331E+02   -0.9689177700E+00    0.1257224259E+01    0.6260164719E+00    0.7113591683E+00    0.3004520652E+00    0.1556810420E+01
    0.7930201229E+03    0.2318597231E+02   -0.9660787052E+00    0.1242270367E+01    0.6219056187E+00    0.7050445626E+00    0.2959663033E+00    0.1537622828E+01
    0.7981897633E+03    0.2320975865E+02   -0.9632643834E+00    0.1227366706E+01    0.6178320549E+00    0.6988249238E+00    0.2914717881E+00    0.1518581302E+01
    0.8033675772E+03    0.2323332356E+02   -0.9604723189E+00    0.1212482957E+01    0.6137929974E+00    0.6926847734E+00    0.2869694331E+00    0.1499697064E+01
    0.8085535395E+03    0.2325666860E+02   -0.9576994652E+00    0.1197607850E+01    0.6097852615E+00    0.6866087896E+00    0.2824601021E+00    0.1480978770E+01
    0.8137476251E+03    0.2327979300E+02   -0.9549431579E+00    0.1182777137E+01    0.6058062145E+00    0.6805793082E+00    0.2779460723E+00    0.1462425099E+01
    0.8189498093E+03    0.2330269457E+02   -0.9522022453E+00    0.1168036065E+01    0.6018549428E+00    0.6745795003E+00    0.2734300364E+00    0.1444026544E+01
    0.8241600677E+03    0.2332536935E+02   -0.9494773207E+00    0.1153412349E+01    0.5979324487E+00    0.6686096883E+00    0.2689132731E+00    0.1425779672E+01
    0.8293783757E+03    0.2334781215E+02   -0.9467706212E+00    0.1138922946E+01    0.5940413919E+00    0.6626761137E+00    0.2643947579E+00    0.1407696697E+01
    0.8346047091E+03    0.2337001708E+02   -0.9440857024E+00    0.1124578571E+01    0.5901858561E+00    0.6567661147E+00    0.2598714758E+00    0.1389797368E+01
    0.8398390441E+03    0.2339197468E+02   -0.9414257753E+00    0.1110388720E+01    0.5863698789E+00    0.6508704630E+00    0.2553414353E+00    0.1372095737E+01
    0.8450813565E+03    0.2341367219E+02   -0.9387922504E+00    0.1096361479E+01    0.5825958750E+00    0.6450050135E+00    0.2508050880E+00    0.1354595493E+01
    0.8503316229E+03    0.2343510155E+02   -0.9361859728E+00    0.1082499348E+01    0.5788654925E+00    0.6391900812E+00    0.2462616816E+00    0.1337297556E+01
    0.8555898197E+03    0.2345626065E+02   -0.9336088753E+00    0.1068775880E+01    0.5751812162E+00    0.6334250191E+00    0.2417089851E+00    0.1320206610E+01
    0.8608559236E+03    0.2347713960E+02   -0.9310637949E+00    0.1055172413E+01    0.5715466597E+00    0.6276886279E+00    0.2371473727E+00    0.1303334309E+01
    0.8661299112E+03    0.2349772016E+02   -0.9285532846E+00    0.1041705785E+01    0.5679656676E+00    0.6219633570E+00    0.2325791685E+00    0.1286700292E+01
    0.8714117597E+03    0.2351799224E+02   -0.9260774234E+00    0.1028396428E+01    0.5644397993E+00    0.6162736950E+00    0.2280060358E+00    0.1270324810E+01
    0.8767014462E+03    0.2353795814E+02   -0.9236330163E+00    0.1015249015E+01    0.5609667312E+00    0.6106721734E+00    0.2234290008E+00    0.1254222738E+01
    0.8819989482E+03    0.2355762226E+02   -0.9212156782E+00    0.1002255835E+01    0.5575420076E+00    0.6051911910E+00    0.2188483606E+00    0.1238402198E+01
    0.8873042428E+03    0.2357698729E+02   -0.9188218320E+00    0.9894273342E+00    0.5541615687E+00    0.5998296335E+00    0.2142644780E+00    0.1222862232E+01
    0.8926173080E+03    0.2359605765E+02   -0.9164495555E+00    0.9768098362E+00    0.5508230234E+00    0.5945844224E+00    0.2096797281E+00    0.1207586061E+01
    0.8979381213E+03    0.2361483939E+02   -0.9140997046E+00    0.9644493182E+00    0.5475264678E+00    0.5894674600E+00    0.2050958636E+00    0.1192543907E+01
    0.9032666610E+03    0.2363333798E+02   -0.9117760849E+00    0.9523401863E+00    0.5442744894E+00    0.5844855807E+00    0.2005081805E+00    0.1177704780E+01
    0.9086029049E+03    0.2365155560E+02   -0.9094836007E+00    0.9404324922E+00    0.5410707545E+00    0.5796294624E+00    0.1959070509E+00    0.1163047422E+01
    0.9139468312E+03    0.2366948531E+02   -0.9072263144E+00    0.9286895306E+00    0.5379184210E+00    0.5748881049E+00    0.1912872424E+00    0.1148563686E+01
    0.9192984186E+03    0.2368711031E+02   -0.9050062267E+00    0.9171124674E+00    0.5348188937E+00    0.5702587816E+00    0.1866530219E+00    0.1134253784E+01
    0.9246576455E+03    0.2370441503E+02   -0.9028228636E+00    0.9057187467E+00    0.5317712670E+00    0.5657390952E+00    0.1820131432E+00    0.1120132690E+01
    0.9300244906E+03    0.2372139394E+02   -0.9006744474E+00    0.8945148039E+00    0.5287734033E+00    0.5613118823E+00    0.1773727179E+00    0.1106234746E+01
    0.9353989327E+03    0.2373804599E+02   -0.8985589372E+00    0.8834994726E+00    0.5258232069E+00    0.5569529871E+00    0.1727312350E+00    0.1092596082E+01
    0.9407809508E+03    0.2375436669E+02   -0.8964732787E+00    0.8726971206E+00    0.5229180457E+00    0.5526491265E+00    0.1680871592E+00    0.1079236687E+01
    0.9461705242E+03    0.2377034573E+02   -0.8944128408E+00    0.8621595510E+00    0.5200539425E+00    0.5484009345E+00    0.1634415418E+00    0.1066160312E+01
    0.9515676319E+03    0.2378596907E+02   -0.8923730842E+00    0.8519218572E+00    0.5172269098E+00    0.5442064371E+00    0.1587955241E+00    0.1053372960E+01
    0.9569722534E+03    0.2380122322E+02   -0.8903511712E+00    0.8419802154E+00    0.5144346914E+00    0.5400520485E+00    0.1541474893E+00    0.1040890768E+01
    0.9623843685E+03    0.2381609648E+02   -0.8883459666E+00    0.8323260077E+00    0.5116772643E+00    0.5359205365E+00    0.1494955358E+00    0.1028733154E+01
    0.9678039565E+03    0.2383057666E+02   -0.8863585281E+00    0.8229628391E+00    0.5089574928E+00    0.5318016530E+00    0.1448396899E+00    0.1016922081E+01
    0.9732309974E+03    0.2384464806E+02   -0.8843930545E+00    0.8138865728E+00    0.5062817379E+00    0.5277071295E+00    0.1401803102E+00    0.1005477019E+01
    0.9786654711E+03    0.2385829458E+02   -0.8824567540E+00    0.8050708255E+00    0.5036592404E+00    0.5236535561E+00    0.1355167408E+00    0.9944056539E+00
    0.9841073579E+03    0.2387150630E+02   -0.8805571974E+00    0.7964881879E+00    0.5010998841E+00    0.5196385169E+00    0.1308469635E+00    0.9837034880E+00
    0.9895566377E+03    0.2388428308E+02   -0.8786991136E+00    0.7881194614E+00    0.4986116191E+00    0.5156572765E+00    0.1261686290E+00    0.9733537878E+00
    0.9950132910E+03    0.2389662704E+02   -0.8768837277E+00    0.7799559244E+00    0.4961995632E+00    0.5117203424E+00    0.1214819121E+00    0.9633271214E+00
    0.1000477298E+04    0.2390853305E+02   -0.8751104574E+00    0.7720082329E+00    0.4938669683E+00    0.5078521060E+00    0.1167889169E+00    0.9535919635E+00
    0.1005948640E+04    0.2391999456E+02   -0.8733796023E+00    0.7642737788E+00    0.4916171984E+00    0.5040894630E+00    0.1120908455E+00    0.9441256002E+00
    0.1011427297E+04    0.2393101075E+02   -0.8716942119E+00    0.7567275347E+00    0.4894552181E+00    0.5004748957E+00    0.1073888238E+00    0.9349160580E+00
    0.1016913250E+04    0.2394158173E+02   -0.8700599634E+00    0.7493622492E+00    0.4873875697E+00    0.4970370891E+00    0.1026848273E+00    0.9259627830E+00
    0.1022406481E+04    0.2395170247E+02   -0.8684827266E+00    0.7421970567E+00    0.4854206052E+00    0.4937817441E+00    0.9797931831E-01    0.9172776349E+00
    0.1027906969E+04    0.2396136528E+02   -0.8669655610E+00    0.7352584354E+00    0.4835580245E+00    0.4907085071E+00    0.9327027649E-01    0.9088813233E+00
    0.1033414697E+04    0.2397056765E+02   -0.8655078698E+00    0.7285582361E+00    0.4818000945E+00    0.4878104270E+00    0.8855538762E-01    0.9008033150E+00
    0.1038929646E+04    0.2397931186E+02   -0.8641059428E+00    0.7220981008E+00    0.4801445045E+00    0.4850731778E+00    0.8383237348E-01    0.8930843234E+00
    0.1044451797E+04    0.2398759552E+02   -0.8627536635E+00    0.7158921577E+00    0.4785871170E+00    0.4824924200E+00    0.7909921263E-01    0.8857600118E+00
    0.1049981131E+04    0.2399540277E+02   -0.8614432248E+00    0.7099919729E+00    0.4771227605E+00    0.4800542151E+00    0.7435654358E-01    0.8788445071E+00
    0.1055517631E+04    0.2400271341E+02   -0.8601648796E+00    0.7044528836E+00    0.4757459403E+00    0.4777302196E+00    0.6960797137E-01    0.8723406735E+00
    0.1061061279E+04    0.2400951154E+02   -0.8589059619E+00    0.6992992962E+00    0.4744509760E+00    0.4754917280E+00    0.6485768801E-01    0.8662550789E+00
    0.1066612055E+04    0.2401579306E+02   -0.8576513069E+00    0.6945231873E+00    0.4732322370E+00    0.4733404812E+00    0.6010750834E-01    0.8605929945E+00
    0.1072169943E+04    0.2402155540E+02   -0.8563848930E+00    0.6901375656E+00    0.4720842535E+00    0.4712976090E+00    0.5535349851E-01    0.8553516692E+00
    0.1077734923E+04    0.2402681619E+02   -0.8550879513E+00    0.6861558529E+00    0.4710002600E+00    0.4693608568E+00    0.5059362414E-01    0.8505206102E+00
    0.1083306980E+04    0.2403157257E+02   -0.8537339752E+00    0.6826152282E+00    0.4699697922E+00    0.4675110754E+00    0.4582911924E-01    0.8460800772E+00
    0.1088886094E+04    0.2403584571E+02   -0.8522855143E+00    0.6794712163E+00    0.4689760317E+00    0.4657585610E+00    0.4106376084E-01    0.8419935849E+00
    0.1094472249E+04    0.2403960755E+02   -0.8506942461E+00    0.6767131005E+00    0.4679967869E+00    0.4640963462E+00    0.3629098206E-01    0.8382114767E+00
    0.1100065426E+04    0.2404294279E+02   -0.8488958715E+00    0.6742035279E+00    0.4670006942E+00    0.4625379600E+00    0.3151716055E-01    0.8346794266E+00
    0.1105665609E+04    0.2404574066E+02   -0.8468020460E+00    0.6720917469E+00    0.4659515955E+00    0.4609839764E+00    0.2672561439E-01    0.8313580937E+00
    0.1111272781E+04    0.2404828900E+02   -0.8442769067E+00    0.6701417130E+00    0.4647908265E+00    0.4594853529E+00    0.2195330454E-01    0.8282158198E+00
    0.1116886924E+04    0.2405010573E+02   -0.8411185527E+00    0.6689131340E+00    0.4634857048E+00    0.4576934999E+00    0.1709632144E-01    0.8252250956E+00
    0.1122508021E+04    0.2405275185E+02   -0.8369289566E+00    0.6678084866E+00    0.4618918184E+00    0.4561389878E+00    0.1238112437E-01    0.8222530677E+00
    0.1128136055E+04    0.2405358304E+02   -0.8310352628E+00    0.6692911339E+00    0.4603438076E+00    0.4535540350E+00    0.6485104442E-02    0.8191786640E+00
    0.1133771010E+04    0.2407217661E+02   -0.8216269680E+00    0.6832593764E+00    0.4590630434E+00    0.4535956215E+00                 NaN    0.8156848672E+00
