%
% Basic inner-scaled statistics for turbulent flow in a circular pipe
%
% See the following reference for details
% 
% Pirozzoli, S., Romero, J., Fatica, M., Verzicco, R., & Orlandi, P. (2021). 
% One-point statistics for turbulent pipe flow up to $\Rey_{\tau} \approx 6000$
% arXiv preprint arXiv:2103.13383.
%
% The flow parameters are as follows:
%
%  N_z                         = 4608
%  N_r                         =  540
%  N_theta                     = 4608
%  Streamwise domain size      = 15 R
%  Bulk Reynolds number        = 133000
%  Friction Reynolds number    = 3028.1
%  Friction coefficient        = 0.01659
%
%  Flow variables
%  
%        y^+                  U_z^+               P^+                 u_z^2              u_r^2              u_t^2                u_z u_r              p^2
%
    0.2652848266E-01    0.2652523094E-01    0.2601631766E-07    0.1370193287E-03    0.3733589982E-09    0.6061345937E-04    0.9208951507E-07    0.8835555842E+01
    0.8968170253E-01    0.8966982139E-01    0.7594926116E-08    0.1541271899E-02    0.1473134223E-07    0.6437524242E-03    0.1353322409E-05    0.8832653906E+01
    0.1870735254E+00    0.1870455946E+00   -0.2426511200E-06    0.6676422683E-02    0.2310870902E-06    0.2702068417E-02    0.1077480977E-04    0.8828453133E+01
    0.3478275063E+00    0.3477634636E+00   -0.2681263870E-05    0.2299313478E-01    0.2466450672E-05    0.8951771516E-02    0.6561424046E-04    0.8822248892E+01
    0.6012198159E+00    0.6010572688E+00   -0.2077890642E-04    0.6840026251E-01    0.1955448826E-04    0.2520151315E-01    0.3258022774E-03    0.8814313243E+01
    0.9735351757E+00    0.9730279280E+00   -0.1218063152E-03    0.1783305441E+00    0.1166571351E-03    0.6071890129E-01    0.1339965774E-02    0.8806735107E+01
    0.1486129487E+01    0.1484245336E+01   -0.5500256522E-03    0.4119975396E+00    0.5330322750E-03    0.1262858434E+00    0.4618325421E-02    0.8804194569E+01
    0.2154480826E+01    0.2147345742E+01   -0.1960555854E-02    0.8519807658E+00    0.1915006733E-02    0.2300320236E+00    0.1346511557E-01    0.8814354120E+01
    0.2988060753E+01    0.2963534047E+01   -0.5674408201E-02    0.1584990258E+01    0.5573011682E-02    0.3733317198E+00    0.3345104230E-01    0.8847418629E+01
    0.3990807904E+01    0.3917739918E+01   -0.1372973213E-01    0.2652582193E+01    0.1354041665E-01    0.5500201198E+00    0.7134625836E-01    0.8914498040E+01
    0.5161973129E+01    0.4974953279E+01   -0.2856964175E-01    0.3990961932E+01    0.2827272567E-01    0.7496126603E+00    0.1320130333E+00    0.9024938918E+01
    0.6497129666E+01    0.6082575196E+01   -0.5248041738E-01    0.5419889299E+01    0.5208972251E-01    0.9614434997E+00    0.2149388356E+00    0.9183468245E+01
    0.7989191179E+01    0.7180955901E+01   -0.8706581171E-01    0.6714608867E+01    0.8663522093E-01    0.1176383632E+01    0.3133313894E+00    0.9388185328E+01
    0.9629328669E+01    0.8217606662E+01   -0.1329376436E+00    0.7707293178E+01    0.1325433871E+00    0.1386314137E+01    0.4167767661E+00    0.9630043086E+01
    0.1140774294E+02    0.9157379586E+01   -0.1896260760E+00    0.8337824045E+01    0.1893362624E+00    0.1583710930E+01    0.5153706358E+00    0.9893997717E+01
    0.1331426566E+02    0.9984671880E+01   -0.2556703182E+00    0.8636995687E+01    0.2555199942E+00    0.1762377488E+01    0.6025341485E+00    0.1016164374E+02
    0.1533880634E+02    0.1069943084E+02   -0.3288666371E+00    0.8680698088E+01    0.3288471497E+00    0.1918476108E+01    0.6755284087E+00    0.1041460439E+02
    0.1747165813E+02    0.1131104944E+02   -0.4066169084E+00    0.8551682241E+01    0.4066780801E+00    0.2050854141E+01    0.7344633981E+00    0.1063754053E+02
    0.1970369438E+02    0.1183310313E+02   -0.4862821706E+00    0.8319943341E+01    0.4863413870E+00    0.2160540172E+01    0.7809737510E+00    0.1081988729E+02
    0.2202647882E+02    0.1227991173E+02   -0.5654605936E+00    0.8037182584E+01    0.5654135702E+00    0.2249874691E+01    0.8172137034E+00    0.1095616329E+02
    0.2443231253E+02    0.1266472604E+02   -0.6421586616E+00    0.7738203930E+01    0.6418888173E+00    0.2321695297E+01    0.8452879916E+00    0.1104529933E+02
    0.2691423728E+02    0.1299900097E+02   -0.7148623365E+00    0.7444612202E+01    0.7142479200E+00    0.2378767581E+01    0.8670084065E+00    0.1108951713E+02
    0.2946601036E+02    0.1329226576E+02   -0.7825338744E+00    0.7168662947E+01    0.7814529667E+00    0.2423512237E+01    0.8838379115E+00    0.1109318585E+02
    0.3208206008E+02    0.1355226734E+02   -0.8445638138E+00    0.6916403843E+01    0.8428977893E+00    0.2457941650E+01    0.8969192969E+00    0.1106184451E+02
    0.3475743460E+02    0.1378521755E+02   -0.9007000927E+00    0.6690003127E+01    0.8983360076E+00    0.2483701502E+01    0.9071306016E+00    0.1100144771E+02
    0.3748774290E+02    0.1399606080E+02   -0.9509682626E+00    0.6489306724E+01    0.9478004560E+00    0.2502142349E+01    0.9151405446E+00    0.1091785590E+02
    0.4026909902E+02    0.1418871889E+02   -0.9955943264E+00    0.6312832092E+01    0.9915257881E+00    0.2514374385E+01    0.9214544575E+00    0.1081653521E+02
    0.4309806640E+02    0.1436630377E+02   -0.1034938215E+01    0.6158449924E+01    0.1029881414E+01    0.2521348523E+01    0.9264523187E+00    0.1070234351E+02
    0.4597160694E+02    0.1453129043E+02   -0.1069437892E+01    0.6023853267E+01    0.1063314944E+01    0.2523901099E+01    0.9304223121E+00    0.1057940025E+02
    0.4888703202E+02    0.1468564946E+02   -0.1099566029E+01    0.5906788287E+01    0.1092308549E+01    0.2522744624E+01    0.9335859535E+00    0.1045107828E+02
    0.5184196275E+02    0.1483095138E+02   -0.1125798798E+01    0.5805120803E+01    0.1117347643E+01    0.2518486064E+01    0.9361123484E+00    0.1032008567E+02
    0.5483428887E+02    0.1496845682E+02   -0.1148594016E+01    0.5716834798E+01    0.1138898883E+01    0.2511671032E+01    0.9381283185E+00    0.1018855427E+02
    0.5786213750E+02    0.1509919046E+02   -0.1168379252E+01    0.5640086031E+01    0.1157398033E+01    0.2502788780E+01    0.9397296103E+00    0.1005810639E+02
    0.6092384168E+02    0.1522399292E+02   -0.1185546955E+01    0.5573280183E+01    0.1173245021E+01    0.2492252331E+01    0.9409904401E+00    0.9929945280E+01
    0.6401791553E+02    0.1534355644E+02   -0.1200452875E+01    0.5515064259E+01    0.1186802222E+01    0.2480405125E+01    0.9419680803E+00    0.9804935919E+01
    0.6714303032E+02    0.1545845356E+02   -0.1213413334E+01    0.5464242446E+01    0.1198391674E+01    0.2467554997E+01    0.9427058977E+00    0.9683669293E+01
    0.7029799541E+02    0.1556915988E+02   -0.1224702740E+01    0.5419753082E+01    0.1208292959E+01    0.2453986785E+01    0.9432387539E+00    0.9566516721E+01
    0.7348174127E+02    0.1567607019E+02   -0.1234558339E+01    0.5380699648E+01    0.1216747773E+01    0.2439927429E+01    0.9435995225E+00    0.9453705733E+01
    0.7669330346E+02    0.1577951544E+02   -0.1243186158E+01    0.5346348752E+01    0.1223965940E+01    0.2425542520E+01    0.9438200291E+00    0.9345350868E+01
    0.7993181019E+02    0.1587978211E+02   -0.1250762963E+01    0.5316063773E+01    0.1230127695E+01    0.2410967193E+01    0.9439240332E+00    0.9241425247E+01
    0.8319647144E+02    0.1597712398E+02   -0.1257439835E+01    0.5289256848E+01    0.1235387042E+01    0.2396316661E+01    0.9439261213E+00    0.9141781415E+01
    0.8648656802E+02    0.1607176171E+02   -0.1263346644E+01    0.5265438835E+01    0.1239876122E+01    0.2381684007E+01    0.9438398866E+00    0.9046217997E+01
    0.8980144437E+02    0.1616388459E+02   -0.1268594105E+01    0.5244217234E+01    0.1243707765E+01    0.2367150251E+01    0.9436785234E+00    0.8954513781E+01
    0.9314049941E+02    0.1625365945E+02   -0.1273276257E+01    0.5225245776E+01    0.1246977778E+01    0.2352776522E+01    0.9434493008E+00    0.8866454685E+01
    0.9650318232E+02    0.1634123398E+02   -0.1277472778E+01    0.5208217365E+01    0.1249767254E+01    0.2338613801E+01    0.9431561200E+00    0.8781840526E+01
    0.9988898499E+02    0.1642673971E+02   -0.1281250018E+01    0.5192841597E+01    0.1252143561E+01    0.2324717913E+01    0.9428048663E+00    0.8700479928E+01
    0.1032974378E+03    0.1651029770E+02   -0.1284661629E+01    0.5178865026E+01    0.1254161140E+01    0.2311128162E+01    0.9424032821E+00    0.8622163553E+01
    0.1067281055E+03    0.1659201581E+02   -0.1287751339E+01    0.5166085241E+01    0.1255864391E+01    0.2297862811E+01    0.9419580918E+00    0.8546658366E+01
    0.1101805840E+03    0.1667198852E+02   -0.1290557712E+01    0.5154331698E+01    0.1257292413E+01    0.2284929764E+01    0.9414727537E+00    0.8473747462E+01
    0.1136544950E+03    0.1675030226E+02   -0.1293116941E+01    0.5143429505E+01    0.1258481592E+01    0.2272314155E+01    0.9409468285E+00    0.8403260247E+01
    0.1171494863E+03    0.1682703966E+02   -0.1295460950E+01    0.5133205273E+01    0.1259463925E+01    0.2259990849E+01    0.9403783074E+00    0.8335058975E+01
    0.1206652261E+03    0.1690227897E+02   -0.1297616349E+01    0.5123522769E+01    0.1260266108E+01    0.2247946819E+01    0.9397681786E+00    0.8269026717E+01
    0.1242014031E+03    0.1697608662E+02   -0.1299606495E+01    0.5114305848E+01    0.1260911653E+01    0.2236178113E+01    0.9391230699E+00    0.8205052661E+01
    0.1277577235E+03    0.1704851665E+02   -0.1301452871E+01    0.5105506320E+01    0.1261422225E+01    0.2224686559E+01    0.9384521584E+00    0.8143008356E+01
    0.1313339094E+03    0.1711962288E+02   -0.1303173776E+01    0.5097056878E+01    0.1261816287E+01    0.2213486498E+01    0.9377605886E+00    0.8082754491E+01
    0.1349296976E+03    0.1718946247E+02   -0.1304783723E+01    0.5088890088E+01    0.1262108287E+01    0.2202578676E+01    0.9370474238E+00    0.8024160200E+01
    0.1385448381E+03    0.1725808864E+02   -0.1306294445E+01    0.5080950934E+01    0.1262309722E+01    0.2191938584E+01    0.9363087246E+00    0.7967101299E+01
    0.1421790927E+03    0.1732554677E+02   -0.1307715029E+01    0.5073190955E+01    0.1262429656E+01    0.2181547690E+01    0.9355412069E+00    0.7911452601E+01
    0.1458322336E+03    0.1739187694E+02   -0.1309052615E+01    0.5065580719E+01    0.1262475246E+01    0.2171397215E+01    0.9347449148E+00    0.7857101104E+01
    0.1495040441E+03    0.1745711688E+02   -0.1310313593E+01    0.5058088717E+01    0.1262452770E+01    0.2161485918E+01    0.9339236764E+00    0.7803942033E+01
    0.1531943157E+03    0.1752130086E+02   -0.1311504087E+01    0.5050676819E+01    0.1262368149E+01    0.2151808662E+01    0.9330829166E+00    0.7751877581E+01
    0.1569028485E+03    0.1758446046E+02   -0.1312630379E+01    0.5043312551E+01    0.1262227435E+01    0.2142345703E+01    0.9322254295E+00    0.7700836971E+01
    0.1606294508E+03    0.1764663013E+02   -0.1313698664E+01    0.5035962086E+01    0.1262036524E+01    0.2133074732E+01    0.9313489921E+00    0.7650778125E+01
    0.1643739372E+03    0.1770784433E+02   -0.1314713757E+01    0.5028594917E+01    0.1261800057E+01    0.2123989070E+01    0.9304501763E+00    0.7601659994E+01
    0.1681361299E+03    0.1776813247E+02   -0.1315679620E+01    0.5021203919E+01    0.1261521886E+01    0.2115081788E+01    0.9295289908E+00    0.7553440767E+01
    0.1719158563E+03    0.1782752246E+02   -0.1316600819E+01    0.5013784227E+01    0.1261206440E+01    0.2106343032E+01    0.9285881642E+00    0.7506089362E+01
    0.1757129501E+03    0.1788604297E+02   -0.1317482459E+01    0.5006314720E+01    0.1260858718E+01    0.2097761703E+01    0.9276317585E+00    0.7459574046E+01
    0.1795272498E+03    0.1794372003E+02   -0.1318328995E+01    0.4998793534E+01    0.1260483071E+01    0.2089326636E+01    0.9266649102E+00    0.7413859265E+01
    0.1833585995E+03    0.1800057732E+02   -0.1319143397E+01    0.4991244324E+01    0.1260082265E+01    0.2081040462E+01    0.9256905164E+00    0.7368911614E+01
    0.1872068473E+03    0.1805663867E+02   -0.1319926619E+01    0.4983674359E+01    0.1259657021E+01    0.2072908174E+01    0.9247065019E+00    0.7324697809E+01
    0.1910718460E+03    0.1811192626E+02   -0.1320678091E+01    0.4976071505E+01    0.1259206692E+01    0.2064929306E+01    0.9237082233E+00    0.7281179537E+01
    0.1949534523E+03    0.1816646132E+02   -0.1321398611E+01    0.4968406665E+01    0.1258731932E+01    0.2057094205E+01    0.9226925925E+00    0.7238319641E+01
    0.1988515264E+03    0.1822026634E+02   -0.1322091532E+01    0.4960668670E+01    0.1258235824E+01    0.2049381546E+01    0.9216597911E+00    0.7196089258E+01
    0.2027659332E+03    0.1827336410E+02   -0.1322760730E+01    0.4952872449E+01    0.1257722142E+01    0.2041779237E+01    0.9206118051E+00    0.7154459707E+01
    0.2066965400E+03    0.1832577577E+02   -0.1323409050E+01    0.4945020810E+01    0.1257193669E+01    0.2034281672E+01    0.9195510397E+00    0.7113399226E+01
    0.2106432174E+03    0.1837751875E+02   -0.1324037408E+01    0.4937101521E+01    0.1256651245E+01    0.2026883366E+01    0.9184804394E+00    0.7072879462E+01
    0.2146058393E+03    0.1842860963E+02   -0.1324644943E+01    0.4929106150E+01    0.1256093976E+01    0.2019579190E+01    0.9174009368E+00    0.7032882643E+01
    0.2185842829E+03    0.1847906937E+02   -0.1325230973E+01    0.4921018841E+01    0.1255521032E+01    0.2012363662E+01    0.9163089176E+00    0.6993399641E+01
    0.2225784275E+03    0.1852891998E+02   -0.1325796046E+01    0.4912831593E+01    0.1254932765E+01    0.2005236916E+01    0.9152002946E+00    0.6954422692E+01
    0.2265881552E+03    0.1857817841E+02   -0.1326341131E+01    0.4904552271E+01    0.1254330040E+01    0.1998209578E+01    0.9140742078E+00    0.6915938344E+01
    0.2306133510E+03    0.1862685893E+02   -0.1326866970E+01    0.4896176768E+01    0.1253713484E+01    0.1991293135E+01    0.9129302840E+00    0.6877922795E+01
    0.2346539019E+03    0.1867497546E+02   -0.1327374431E+01    0.4887683801E+01    0.1253083794E+01    0.1984480532E+01    0.9117673254E+00    0.6840355807E+01
    0.2387096971E+03    0.1872253985E+02   -0.1327864672E+01    0.4879047657E+01    0.1252441917E+01    0.1977745918E+01    0.9105872707E+00    0.6803235877E+01
    0.2427806286E+03    0.1876956182E+02   -0.1328337336E+01    0.4870276106E+01    0.1251787407E+01    0.1971069547E+01    0.9093978327E+00    0.6766560824E+01
    0.2468665896E+03    0.1881605241E+02   -0.1328789911E+01    0.4861410518E+01    0.1251117913E+01    0.1964450738E+01    0.9082073764E+00    0.6730309350E+01
    0.2509674764E+03    0.1886202661E+02   -0.1329220890E+01    0.4852471932E+01    0.1250431916E+01    0.1957890336E+01    0.9070172516E+00    0.6694455519E+01
    0.2550831867E+03    0.1890750058E+02   -0.1329631411E+01    0.4843457880E+01    0.1249730338E+01    0.1951378149E+01    0.9058231811E+00    0.6658986904E+01
    0.2592136198E+03    0.1895248744E+02   -0.1330023684E+01    0.4834369594E+01    0.1249015235E+01    0.1944898426E+01    0.9046221212E+00    0.6623905402E+01
    0.2633586770E+03    0.1899699835E+02   -0.1330399290E+01    0.4825213909E+01    0.1248288216E+01    0.1938451715E+01    0.9034135978E+00    0.6589212180E+01
    0.2675182615E+03    0.1904104374E+02   -0.1330759135E+01    0.4815996705E+01    0.1247550223E+01    0.1932038820E+01    0.9021977828E+00    0.6554904084E+01
    0.2716922785E+03    0.1908463297E+02   -0.1331103171E+01    0.4806721365E+01    0.1246801106E+01    0.1925656548E+01    0.9009751452E+00    0.6520973603E+01
    0.2758806341E+03    0.1912777401E+02   -0.1331429207E+01    0.4797395162E+01    0.1246038650E+01    0.1919322343E+01    0.8997464312E+00    0.6487397692E+01
    0.2800832365E+03    0.1917047335E+02   -0.1331733695E+01    0.4788017192E+01    0.1245259292E+01    0.1913059152E+01    0.8985122821E+00    0.6454145598E+01
    0.2842999950E+03    0.1921273850E+02   -0.1332013909E+01    0.4778572932E+01    0.1244460264E+01    0.1906875637E+01    0.8972727772E+00    0.6421193667E+01
    0.2885308210E+03    0.1925457835E+02   -0.1332269195E+01    0.4769047997E+01    0.1243640823E+01    0.1900763572E+01    0.8960261347E+00    0.6388523773E+01
    0.2927756266E+03    0.1929600218E+02   -0.1332500740E+01    0.4759440589E+01    0.1242802006E+01    0.1894703714E+01    0.8947685597E+00    0.6356125106E+01
    0.2970343256E+03    0.1933702077E+02   -0.1332710805E+01    0.4749750563E+01    0.1241945862E+01    0.1888684719E+01    0.8934981632E+00    0.6323997701E+01
    0.3013068336E+03    0.1937764438E+02   -0.1332901345E+01    0.4739973285E+01    0.1241074359E+01    0.1882714370E+01    0.8922174952E+00    0.6292145689E+01
    0.3055930667E+03    0.1941788100E+02   -0.1333073211E+01    0.4730103566E+01    0.1240188458E+01    0.1876801551E+01    0.8909299992E+00    0.6260570192E+01
    0.3098929429E+03    0.1945773641E+02   -0.1333226419E+01    0.4720148313E+01    0.1239288118E+01    0.1870942612E+01    0.8896363279E+00    0.6229258285E+01
    0.3142063809E+03    0.1949721424E+02   -0.1333361157E+01    0.4710121249E+01    0.1238373434E+01    0.1865139583E+01    0.8883346182E+00    0.6198191726E+01
    0.3185333013E+03    0.1953632072E+02   -0.1333479370E+01    0.4700014785E+01    0.1237446237E+01    0.1859397408E+01    0.8870220568E+00    0.6167367696E+01
    0.3228736248E+03    0.1957506744E+02   -0.1333583874E+01    0.4689802933E+01    0.1236509149E+01    0.1853708183E+01    0.8856968107E+00    0.6136791740E+01
    0.3272272747E+03    0.1961346564E+02   -0.1333675370E+01    0.4679482278E+01    0.1235562845E+01    0.1848065889E+01    0.8843597620E+00    0.6106460950E+01
    0.3315941743E+03    0.1965152167E+02   -0.1333752956E+01    0.4669071935E+01    0.1234606433E+01    0.1842473278E+01    0.8830136476E+00    0.6076383724E+01
    0.3359742485E+03    0.1968923846E+02   -0.1333816149E+01    0.4658585766E+01    0.1233639302E+01    0.1836931951E+01    0.8816614251E+00    0.6046588977E+01
    0.3403674226E+03    0.1972661685E+02   -0.1333864664E+01    0.4648031770E+01    0.1232661061E+01    0.1831429160E+01    0.8803051479E+00    0.6017100193E+01
    0.3447736234E+03    0.1976365962E+02   -0.1333897907E+01    0.4637403381E+01    0.1231671083E+01    0.1825946981E+01    0.8789447210E+00    0.5987917455E+01
    0.3491927793E+03    0.1980037266E+02   -0.1333914658E+01    0.4626694780E+01    0.1230668150E+01    0.1820479986E+01    0.8775788028E+00    0.5959016594E+01
    0.3536248186E+03    0.1983676232E+02   -0.1333913062E+01    0.4615918244E+01    0.1229650404E+01    0.1815043934E+01    0.8762070065E+00    0.5930355178E+01
    0.3580696709E+03    0.1987283603E+02   -0.1333891481E+01    0.4605094034E+01    0.1228616204E+01    0.1809656420E+01    0.8748309382E+00    0.5901887551E+01
    0.3625272672E+03    0.1990860112E+02   -0.1333849814E+01    0.4594228607E+01    0.1227565440E+01    0.1804318496E+01    0.8734527449E+00    0.5873585424E+01
    0.3669975391E+03    0.1994406448E+02   -0.1333789953E+01    0.4583309446E+01    0.1226499935E+01    0.1799017523E+01    0.8720723641E+00    0.5845452804E+01
    0.3714804187E+03    0.1997923437E+02   -0.1333714121E+01    0.4572318809E+01    0.1225421913E+01    0.1793743102E+01    0.8706881853E+00    0.5817507891E+01
    0.3759758398E+03    0.2001411760E+02   -0.1333623444E+01    0.4561251570E+01    0.1224332483E+01    0.1788490869E+01    0.8692996272E+00    0.5789758462E+01
    0.3804837366E+03    0.2004871806E+02   -0.1333517665E+01    0.4550117537E+01    0.1223231342E+01    0.1783268532E+01    0.8679069607E+00    0.5762198393E+01
    0.3850040437E+03    0.2008304076E+02   -0.1333395602E+01    0.4538930900E+01    0.1222117299E+01    0.1778091791E+01    0.8665094772E+00    0.5734817408E+01
    0.3895366976E+03    0.2011709220E+02   -0.1333256967E+01    0.4527707349E+01    0.1220990020E+01    0.1772963771E+01    0.8651049750E+00    0.5707619879E+01
    0.3940816343E+03    0.2015087723E+02   -0.1333103923E+01    0.4516463497E+01    0.1219851553E+01    0.1767877045E+01    0.8636913276E+00    0.5680629880E+01
    0.3986387918E+03    0.2018439937E+02   -0.1332939693E+01    0.4505211655E+01    0.1218705059E+01    0.1762824650E+01    0.8622677064E+00    0.5653867587E+01
    0.4032081079E+03    0.2021766431E+02   -0.1332766006E+01    0.4493943904E+01    0.1217552273E+01    0.1757812895E+01    0.8608343470E+00    0.5627324588E+01
    0.4077895222E+03    0.2025068114E+02   -0.1332582775E+01    0.4482643614E+01    0.1216393049E+01    0.1752852876E+01    0.8593929485E+00    0.5600975019E+01
    0.4123829737E+03    0.2028345614E+02   -0.1332389401E+01    0.4471318587E+01    0.1215226675E+01    0.1747943790E+01    0.8579466821E+00    0.5574798185E+01
    0.4169884034E+03    0.2031598947E+02   -0.1332185584E+01    0.4459997518E+01    0.1214052784E+01    0.1743075639E+01    0.8564988169E+00    0.5548783597E+01
    0.4216057523E+03    0.2034827951E+02   -0.1331971456E+01    0.4448701832E+01    0.1212871450E+01    0.1738234349E+01    0.8550514570E+00    0.5522933915E+01
    0.4262349623E+03    0.2038032565E+02   -0.1331746697E+01    0.4437435423E+01    0.1211682277E+01    0.1733414548E+01    0.8536044392E+00    0.5497247055E+01
    0.4308759757E+03    0.2041212861E+02   -0.1331509492E+01    0.4426194573E+01    0.1210483488E+01    0.1728627077E+01    0.8521551562E+00    0.5471700074E+01
    0.4355287360E+03    0.2044369189E+02   -0.1331257682E+01    0.4414960845E+01    0.1209272966E+01    0.1723880021E+01    0.8507005831E+00    0.5446271186E+01
    0.4401931868E+03    0.2047502121E+02   -0.1330990405E+01    0.4403703656E+01    0.1208049840E+01    0.1719174058E+01    0.8492391135E+00    0.5420965539E+01
    0.4448692731E+03    0.2050612186E+02   -0.1330708372E+01    0.4392413347E+01    0.1206814778E+01    0.1714508837E+01    0.8477696695E+00    0.5395811983E+01
    0.4495569396E+03    0.2053699865E+02   -0.1330413153E+01    0.4381104135E+01    0.1205569254E+01    0.1709890809E+01    0.8462907129E+00    0.5370833125E+01
    0.4542561326E+03    0.2056765731E+02   -0.1330106587E+01    0.4369799320E+01    0.1204315036E+01    0.1705324351E+01    0.8448012239E+00    0.5346034002E+01
    0.4589667979E+03    0.2059810347E+02   -0.1329791110E+01    0.4358504802E+01    0.1203054472E+01    0.1700803472E+01    0.8433016019E+00    0.5321414590E+01
    0.4636888826E+03    0.2062834293E+02   -0.1329469234E+01    0.4347199634E+01    0.1201789944E+01    0.1696319776E+01    0.8417935740E+00    0.5296979558E+01
    0.4684223348E+03    0.2065838150E+02   -0.1329142017E+01    0.4335878595E+01    0.1200522461E+01    0.1691870303E+01    0.8402796036E+00    0.5272734597E+01
    0.4731671021E+03    0.2068822394E+02   -0.1328809234E+01    0.4324566709E+01    0.1199251791E+01    0.1687450610E+01    0.8387616771E+00    0.5248689230E+01
    0.4779231335E+03    0.2071787507E+02   -0.1328470375E+01    0.4313280427E+01    0.1197977403E+01    0.1683052239E+01    0.8372406738E+00    0.5224851713E+01
    0.4826903780E+03    0.2074733922E+02   -0.1328125243E+01    0.4302003997E+01    0.1196699095E+01    0.1678677278E+01    0.8357167289E+00    0.5201218469E+01
    0.4874687861E+03    0.2077662010E+02   -0.1327773952E+01    0.4290716651E+01    0.1195416951E+01    0.1674342073E+01    0.8341893929E+00    0.5177780279E+01
    0.4922583073E+03    0.2080572097E+02   -0.1327416354E+01    0.4279410111E+01    0.1194130765E+01    0.1670049345E+01    0.8326574784E+00    0.5154534286E+01
    0.4970588931E+03    0.2083464471E+02   -0.1327052076E+01    0.4268081669E+01    0.1192840113E+01    0.1665790562E+01    0.8311191787E+00    0.5131486502E+01
    0.5018704949E+03    0.2086339388E+02   -0.1326680890E+01    0.4256736248E+01    0.1191544761E+01    0.1661566186E+01    0.8295736195E+00    0.5108648761E+01
    0.5066930646E+03    0.2089197013E+02   -0.1326302833E+01    0.4245382529E+01    0.1190244716E+01    0.1657377193E+01    0.8280221047E+00    0.5086025423E+01
    0.5115265546E+03    0.2092037572E+02   -0.1325917887E+01    0.4234029564E+01    0.1188939946E+01    0.1653213516E+01    0.8264670785E+00    0.5063600655E+01
    0.5163709175E+03    0.2094861461E+02   -0.1325526234E+01    0.4222680734E+01    0.1187630618E+01    0.1649068506E+01    0.8249114254E+00    0.5041352557E+01
    0.5212261074E+03    0.2097669036E+02   -0.1325128751E+01    0.4211322263E+01    0.1186317534E+01    0.1644938316E+01    0.8233582809E+00    0.5019269246E+01
    0.5260920778E+03    0.2100460424E+02   -0.1324726362E+01    0.4199940968E+01    0.1185001636E+01    0.1640820971E+01    0.8218089731E+00    0.4997341877E+01
    0.5309687835E+03    0.2103235463E+02   -0.1324319441E+01    0.4188532544E+01    0.1183683330E+01    0.1636715411E+01    0.8202613994E+00    0.4975562582E+01
    0.5358561786E+03    0.2105993999E+02   -0.1323907459E+01    0.4177092106E+01    0.1182362073E+01    0.1632617834E+01    0.8187121946E+00    0.4953931213E+01
    0.5407542192E+03    0.2108736319E+02   -0.1323489175E+01    0.4165625478E+01    0.1181036577E+01    0.1628528925E+01    0.8171591740E+00    0.4932453765E+01
    0.5456628603E+03    0.2111463058E+02   -0.1323063396E+01    0.4154144087E+01    0.1179705646E+01    0.1624455097E+01    0.8156004773E+00    0.4911135419E+01
    0.5505820588E+03    0.2114174802E+02   -0.1322629421E+01    0.4142652103E+01    0.1178368564E+01    0.1620404547E+01    0.8140342455E+00    0.4889973982E+01
    0.5555117712E+03    0.2116871674E+02   -0.1322186566E+01    0.4131147471E+01    0.1177024634E+01    0.1616385817E+01    0.8124599508E+00    0.4868961191E+01
    0.5604519543E+03    0.2119553420E+02   -0.1321734150E+01    0.4119632236E+01    0.1175673173E+01    0.1612397269E+01    0.8108777660E+00    0.4848086782E+01
    0.5654025656E+03    0.2122220056E+02   -0.1321272041E+01    0.4108107498E+01    0.1174313971E+01    0.1608418683E+01    0.8092875866E+00    0.4827346623E+01
    0.5703635633E+03    0.2124871899E+02   -0.1320799922E+01    0.4096571724E+01    0.1172946683E+01    0.1604432995E+01    0.8076902685E+00    0.4806741816E+01
    0.5753349055E+03    0.2127509026E+02   -0.1320316746E+01    0.4085017844E+01    0.1171570346E+01    0.1600447844E+01    0.8060873949E+00    0.4786277854E+01
    0.5803165508E+03    0.2130131333E+02   -0.1319821886E+01    0.4073430077E+01    0.1170184351E+01    0.1596478726E+01    0.8044792378E+00    0.4765968679E+01
    0.5853084585E+03    0.2132738920E+02   -0.1319315963E+01    0.4061807632E+01    0.1168789213E+01    0.1592527986E+01    0.8028662543E+00    0.4745821236E+01
    0.5903105882E+03    0.2135332168E+02   -0.1318800407E+01    0.4050164917E+01    0.1167386324E+01    0.1588597011E+01    0.8012508601E+00    0.4725822127E+01
    0.5953228999E+03    0.2137911611E+02   -0.1318276852E+01    0.4038511459E+01    0.1165977266E+01    0.1584685291E+01    0.7996339450E+00    0.4705953935E+01
    0.6003453535E+03    0.2140477729E+02   -0.1317745912E+01    0.4026848802E+01    0.1164562617E+01    0.1580794431E+01    0.7980123476E+00    0.4686196879E+01
    0.6053779097E+03    0.2143030835E+02   -0.1317206854E+01    0.4015171892E+01    0.1163141621E+01    0.1576923353E+01    0.7963824807E+00    0.4666537504E+01
    0.6104205298E+03    0.2145571046E+02   -0.1316658862E+01    0.4003477910E+01    0.1161713400E+01    0.1573063599E+01    0.7947453121E+00    0.4646973719E+01
    0.6154731750E+03    0.2148098263E+02   -0.1316101998E+01    0.3991778678E+01    0.1160278014E+01    0.1569209256E+01    0.7931057549E+00    0.4627510788E+01
    0.6205358068E+03    0.2150612393E+02   -0.1315537509E+01    0.3980082930E+01    0.1158836707E+01    0.1565356812E+01    0.7914661608E+00    0.4608167842E+01
    0.6256083877E+03    0.2153113655E+02   -0.1314967212E+01    0.3968375796E+01    0.1157391247E+01    0.1561508077E+01    0.7898237912E+00    0.4588971819E+01
    0.6306908802E+03    0.2155602262E+02   -0.1314391857E+01    0.3956639410E+01    0.1155942406E+01    0.1557675161E+01    0.7881758410E+00    0.4569933979E+01
    0.6357832466E+03    0.2158078090E+02   -0.1313809948E+01    0.3944880860E+01    0.1154488764E+01    0.1553863893E+01    0.7865223771E+00    0.4551045899E+01
    0.6408854501E+03    0.2160541083E+02   -0.1313218593E+01    0.3933132178E+01    0.1153027516E+01    0.1550076481E+01    0.7848639413E+00    0.4532288812E+01
    0.6459974546E+03    0.2162991623E+02   -0.1312615987E+01    0.3921407110E+01    0.1151556797E+01    0.1546315920E+01    0.7832001354E+00    0.4513648111E+01
    0.6511192235E+03    0.2165430297E+02   -0.1312002091E+01    0.3909691960E+01    0.1150076409E+01    0.1542583471E+01    0.7815312042E+00    0.4495112522E+01
    0.6562507214E+03    0.2167857580E+02   -0.1311377173E+01    0.3897978973E+01    0.1148586554E+01    0.1538872534E+01    0.7798583922E+00    0.4476675064E+01
    0.6613919118E+03    0.2170273894E+02   -0.1310741093E+01    0.3886273297E+01    0.1147087050E+01    0.1535169646E+01    0.7781827444E+00    0.4458336168E+01
    0.6665427603E+03    0.2172679663E+02   -0.1310093490E+01    0.3874582675E+01    0.1145577523E+01    0.1531475797E+01    0.7765048688E+00    0.4440090612E+01
    0.6717032315E+03    0.2175075264E+02   -0.1309434163E+01    0.3862907648E+01    0.1144057813E+01    0.1527804525E+01    0.7748247955E+00    0.4421924382E+01
    0.6768732909E+03    0.2177460985E+02   -0.1308763443E+01    0.3851243193E+01    0.1142528259E+01    0.1524160187E+01    0.7731430990E+00    0.4403827987E+01
    0.6820529041E+03    0.2179836890E+02   -0.1308081545E+01    0.3839596494E+01    0.1140989030E+01    0.1520543733E+01    0.7714623529E+00    0.4385803523E+01
    0.6872420371E+03    0.2182203052E+02   -0.1307387735E+01    0.3827975777E+01    0.1139439353E+01    0.1516951803E+01    0.7697852649E+00    0.4367862323E+01
    0.6924406562E+03    0.2184559520E+02   -0.1306681219E+01    0.3816366442E+01    0.1137878374E+01    0.1513370940E+01    0.7681119310E+00    0.4350014875E+01
    0.6976487277E+03    0.2186906146E+02   -0.1305962480E+01    0.3804756220E+01    0.1136306526E+01    0.1509785582E+01    0.7664383319E+00    0.4332268232E+01
    0.7028662187E+03    0.2189242939E+02   -0.1305233106E+01    0.3793151375E+01    0.1134725352E+01    0.1506189692E+01    0.7647580061E+00    0.4314631253E+01
    0.7080930962E+03    0.2191570146E+02   -0.1304494370E+01    0.3781559797E+01    0.1133136063E+01    0.1502588083E+01    0.7630682410E+00    0.4297114116E+01
    0.7133293278E+03    0.2193887886E+02   -0.1303746601E+01    0.3769982417E+01    0.1131538986E+01    0.1498987355E+01    0.7613718779E+00    0.4279731922E+01
    0.7185748807E+03    0.2196196199E+02   -0.1302989998E+01    0.3758405496E+01    0.1129934328E+01    0.1495396603E+01    0.7596715362E+00    0.4262495042E+01
    0.7238297229E+03    0.2198495178E+02   -0.1302224783E+01    0.3746813511E+01    0.1128322348E+01    0.1491822338E+01    0.7579666730E+00    0.4245390453E+01
    0.7290938232E+03    0.2200784829E+02   -0.1301450838E+01    0.3735198981E+01    0.1126703010E+01    0.1488274359E+01    0.7562561941E+00    0.4228388403E+01
    0.7343671492E+03    0.2203064972E+02   -0.1300668327E+01    0.3723556858E+01    0.1125076418E+01    0.1484765179E+01    0.7545405020E+00    0.4211465940E+01
    0.7396496702E+03    0.2205335367E+02   -0.1299878311E+01    0.3711885623E+01    0.1123443487E+01    0.1481297852E+01    0.7528205328E+00    0.4194620889E+01
    0.7449413552E+03    0.2207595998E+02   -0.1299082382E+01    0.3700194272E+01    0.1121805683E+01    0.1477868395E+01    0.7510959594E+00    0.4177864436E+01
    0.7502421732E+03    0.2209847101E+02   -0.1298281752E+01    0.3688498094E+01    0.1120164175E+01    0.1474466883E+01    0.7493661769E+00    0.4161212792E+01
    0.7555520939E+03    0.2212088938E+02   -0.1297477021E+01    0.3676807217E+01    0.1118519519E+01    0.1471081011E+01    0.7476319799E+00    0.4144678536E+01
    0.7608710864E+03    0.2214321796E+02   -0.1296668676E+01    0.3665118084E+01    0.1116872163E+01    0.1467706673E+01    0.7458945304E+00    0.4128264198E+01
    0.7661991215E+03    0.2216545761E+02   -0.1295857661E+01    0.3653427893E+01    0.1115223032E+01    0.1464333032E+01    0.7441548777E+00    0.4111970380E+01
    0.7715361690E+03    0.2218760477E+02   -0.1295045572E+01    0.3641742568E+01    0.1113573751E+01    0.1460948652E+01    0.7424143593E+00    0.4095794152E+01
    0.7768821997E+03    0.2220965711E+02   -0.1294234367E+01    0.3630063323E+01    0.1111926260E+01    0.1457554604E+01    0.7406735916E+00    0.4079725049E+01
    0.7822371835E+03    0.2223161664E+02   -0.1293424903E+01    0.3618391348E+01    0.1110281386E+01    0.1454155002E+01    0.7389327186E+00    0.4063746815E+01
    0.7876010924E+03    0.2225348466E+02   -0.1292615660E+01    0.3606730849E+01    0.1108637680E+01    0.1450754586E+01    0.7371920243E+00    0.4047838329E+01
    0.7929738965E+03    0.2227526061E+02   -0.1291802770E+01    0.3595076986E+01    0.1106991364E+01    0.1447352979E+01    0.7354501445E+00    0.4031971585E+01
    0.7983555681E+03    0.2229694563E+02   -0.1290981266E+01    0.3583423894E+01    0.1105337505E+01    0.1443957158E+01    0.7337043009E+00    0.4016118584E+01
    0.8037460781E+03    0.2231854173E+02   -0.1290147644E+01    0.3571772384E+01    0.1103672551E+01    0.1440581225E+01    0.7319533661E+00    0.4000266702E+01
    0.8091453989E+03    0.2234005056E+02   -0.1289300886E+01    0.3560120888E+01    0.1101995356E+01    0.1437225525E+01    0.7301979715E+00    0.3984420859E+01
    0.8145535020E+03    0.2236147504E+02   -0.1288440688E+01    0.3548463423E+01    0.1100305554E+01    0.1433889116E+01    0.7284373992E+00    0.3968590239E+01
    0.8199703600E+03    0.2238281995E+02   -0.1287567081E+01    0.3536798486E+01    0.1098603105E+01    0.1430576241E+01    0.7266690674E+00    0.3952785500E+01
    0.8253959453E+03    0.2240409079E+02   -0.1286681481E+01    0.3525130216E+01    0.1096889304E+01    0.1427286084E+01    0.7248922434E+00    0.3937017721E+01
    0.8308302305E+03    0.2242528888E+02   -0.1285786383E+01    0.3513454365E+01    0.1095166638E+01    0.1424017876E+01    0.7231102987E+00    0.3921289436E+01
    0.8362731885E+03    0.2244641240E+02   -0.1284884814E+01    0.3501759023E+01    0.1093438144E+01    0.1420761322E+01    0.7213281441E+00    0.3905603244E+01
    0.8417247926E+03    0.2246746195E+02   -0.1283979703E+01    0.3490033381E+01    0.1091706750E+01    0.1417504903E+01    0.7195490775E+00    0.3889968065E+01
    0.8471850158E+03    0.2248843773E+02   -0.1283072676E+01    0.3478283936E+01    0.1089974096E+01    0.1414251799E+01    0.7177741964E+00    0.3874390925E+01
    0.8526538319E+03    0.2250933620E+02   -0.1282163595E+01    0.3466533100E+01    0.1088240065E+01    0.1411004692E+01    0.7160016068E+00    0.3858880399E+01
    0.8581312144E+03    0.2253015600E+02   -0.1281251653E+01    0.3454794575E+01    0.1086503869E+01    0.1407761039E+01    0.7142267373E+00    0.3843454385E+01
    0.8636171374E+03    0.2255089987E+02   -0.1280336763E+01    0.3443064502E+01    0.1084765367E+01    0.1404514101E+01    0.7124461042E+00    0.3828134871E+01
    0.8691115744E+03    0.2257156957E+02   -0.1279419914E+01    0.3431340384E+01    0.1083025496E+01    0.1401257699E+01    0.7106591558E+00    0.3812939005E+01
    0.8746145006E+03    0.2259216372E+02   -0.1278502570E+01    0.3419634383E+01    0.1081285741E+01    0.1397992566E+01    0.7088660260E+00    0.3797869831E+01
    0.8801258898E+03    0.2261268015E+02   -0.1277585083E+01    0.3407964162E+01    0.1079546467E+01    0.1394720495E+01    0.7070655647E+00    0.3782908294E+01
    0.8856457168E+03    0.2263311801E+02   -0.1276665416E+01    0.3396342422E+01    0.1077805706E+01    0.1391435300E+01    0.7052561678E+00    0.3768017910E+01
    0.8911739566E+03    0.2265347843E+02   -0.1275740152E+01    0.3384769318E+01    0.1076060136E+01    0.1388123316E+01    0.7034379924E+00    0.3753165714E+01
    0.8967105840E+03    0.2267376386E+02   -0.1274806514E+01    0.3373231094E+01    0.1074307062E+01    0.1384779280E+01    0.7016141544E+00    0.3738335311E+01
    0.9022555744E+03    0.2269397592E+02   -0.1273863201E+01    0.3361716986E+01    0.1072545216E+01    0.1381415060E+01    0.6997894334E+00    0.3723517408E+01
    0.9078089032E+03    0.2271411539E+02   -0.1272909926E+01    0.3350234459E+01    0.1070774337E+01    0.1378045840E+01    0.6979667986E+00    0.3708709098E+01
    0.9133705456E+03    0.2273418375E+02   -0.1271947221E+01    0.3338785533E+01    0.1068994945E+01    0.1374684520E+01    0.6961459284E+00    0.3693922454E+01
    0.9189404780E+03    0.2275418101E+02   -0.1270976342E+01    0.3327364502E+01    0.1067208281E+01    0.1371341447E+01    0.6943250946E+00    0.3679172865E+01
    0.9245186756E+03    0.2277410581E+02   -0.1269998557E+01    0.3315961561E+01    0.1065415608E+01    0.1368016707E+01    0.6925022171E+00    0.3664464720E+01
    0.9301051151E+03    0.2279395878E+02   -0.1269014559E+01    0.3304573983E+01    0.1063617587E+01    0.1364704789E+01    0.6906753847E+00    0.3649799250E+01
    0.9356997722E+03    0.2281374343E+02   -0.1268024570E+01    0.3293208501E+01    0.1061814352E+01    0.1361399026E+01    0.6888442554E+00    0.3635178987E+01
    0.9413026236E+03    0.2283346419E+02   -0.1267028461E+01    0.3281871635E+01    0.1060005703E+01    0.1358095205E+01    0.6870100881E+00    0.3620610589E+01
    0.9469136460E+03    0.2285312131E+02   -0.1266025708E+01    0.3270567009E+01    0.1058191116E+01    0.1354791292E+01    0.6851740044E+00    0.3606100138E+01
    0.9525328157E+03    0.2287271128E+02   -0.1265015455E+01    0.3259304107E+01    0.1056369772E+01    0.1351485370E+01    0.6833351560E+00    0.3591645794E+01
    0.9581601101E+03    0.2289223204E+02   -0.1263996819E+01    0.3248097515E+01    0.1054540827E+01    0.1348176832E+01    0.6814912066E+00    0.3577244319E+01
    0.9637955059E+03    0.2291168436E+02   -0.1262968944E+01    0.3236943705E+01    0.1052703365E+01    0.1344874389E+01    0.6796409945E+00    0.3562891586E+01
    0.9694389809E+03    0.2293107054E+02   -0.1261929993E+01    0.3225830266E+01    0.1050855515E+01    0.1341595172E+01    0.6777857059E+00    0.3548574383E+01
    0.9750905116E+03    0.2295039377E+02   -0.1260877531E+01    0.3214754024E+01    0.1048994861E+01    0.1338338689E+01    0.6759272309E+00    0.3534279298E+01
    0.9807500764E+03    0.2296965707E+02   -0.1259810788E+01    0.3203711252E+01    0.1047120573E+01    0.1335088394E+01    0.6740661109E+00    0.3520004327E+01
    0.9864176522E+03    0.2298886516E+02   -0.1258731442E+01    0.3192688013E+01    0.1045234220E+01    0.1331839355E+01    0.6722018771E+00    0.3505755921E+01
    0.9920932177E+03    0.2300802134E+02   -0.1257642120E+01    0.3181678013E+01    0.1043338366E+01    0.1328597801E+01    0.6703359643E+00    0.3491538966E+01
    0.9977767501E+03    0.2302712146E+02   -0.1256544779E+01    0.3170692560E+01    0.1041434905E+01    0.1325360290E+01    0.6684725187E+00    0.3477355571E+01
    0.1003468228E+04    0.2304615773E+02   -0.1255440084E+01    0.3159746039E+01    0.1039524479E+01    0.1322121318E+01    0.6666148369E+00    0.3463206240E+01
    0.1009167630E+04    0.2306512371E+02   -0.1254328221E+01    0.3148846418E+01    0.1037607337E+01    0.1318880361E+01    0.6647619578E+00    0.3449089511E+01
    0.1014874933E+04    0.2308401759E+02   -0.1253210253E+01    0.3137991653E+01    0.1035684562E+01    0.1315634897E+01    0.6629093258E+00    0.3435011284E+01
    0.1020590118E+04    0.2310284398E+02   -0.1252087896E+01    0.3127177248E+01    0.1033757898E+01    0.1312381332E+01    0.6610523275E+00    0.3420982324E+01
    0.1026313161E+04    0.2312160917E+02   -0.1250962548E+01    0.3116390022E+01    0.1031828802E+01    0.1309122185E+01    0.6591883760E+00    0.3407003363E+01
    0.1032044043E+04    0.2314031620E+02   -0.1249834971E+01    0.3105616641E+01    0.1029898074E+01    0.1305864261E+01    0.6573164158E+00    0.3393067312E+01
    0.1037782742E+04    0.2315896673E+02   -0.1248705431E+01    0.3094855960E+01    0.1027965975E+01    0.1302602814E+01    0.6554365878E+00    0.3379169519E+01
    0.1043529238E+04    0.2317756367E+02   -0.1247573770E+01    0.3084120942E+01    0.1026032386E+01    0.1299335721E+01    0.6535508986E+00    0.3365305110E+01
    0.1049283509E+04    0.2319611029E+02   -0.1246439826E+01    0.3073425601E+01    0.1024097215E+01    0.1296075502E+01    0.6516624195E+00    0.3351466555E+01
    0.1055045535E+04    0.2321460783E+02   -0.1245304027E+01    0.3062773490E+01    0.1022160841E+01    0.1292828979E+01    0.6497730313E+00    0.3337650072E+01
    0.1060815296E+04    0.2323305594E+02   -0.1244167365E+01    0.3052156399E+01    0.1020224141E+01    0.1289582506E+01    0.6478827421E+00    0.3323861271E+01
    0.1066592772E+04    0.2325145399E+02   -0.1243030771E+01    0.3041553810E+01    0.1018288027E+01    0.1286315782E+01    0.6459907329E+00    0.3310111844E+01
    0.1072377941E+04    0.2326980023E+02   -0.1241894774E+01    0.3030955373E+01    0.1016353105E+01    0.1283018213E+01    0.6440963530E+00    0.3296414945E+01
    0.1078170784E+04    0.2328809324E+02   -0.1240759383E+01    0.3020373234E+01    0.1014419522E+01    0.1279693174E+01    0.6421992682E+00    0.3282778041E+01
    0.1083971281E+04    0.2330633506E+02   -0.1239623735E+01    0.3009820360E+01    0.1012486495E+01    0.1276355166E+01    0.6402993007E+00    0.3269197413E+01
    0.1089779413E+04    0.2332452955E+02   -0.1238485936E+01    0.2999305010E+01    0.1010552192E+01    0.1273013163E+01    0.6383964886E+00    0.3255662906E+01
    0.1095595159E+04    0.2334267977E+02   -0.1237343798E+01    0.2988827344E+01    0.1008614426E+01    0.1269667206E+01    0.6364907776E+00    0.3242165346E+01
    0.1101418500E+04    0.2336078673E+02   -0.1236195359E+01    0.2978377864E+01    0.1006671244E+01    0.1266323584E+01    0.6345811733E+00    0.3228697411E+01
    0.1107249417E+04    0.2337884821E+02   -0.1235039658E+01    0.2967949491E+01    0.1004721666E+01    0.1262986473E+01    0.6326657907E+00    0.3215252362E+01
    0.1113087890E+04    0.2339685948E+02   -0.1233877126E+01    0.2957540218E+01    0.1002766085E+01    0.1259652975E+01    0.6307445873E+00    0.3201824034E+01
    0.1118933900E+04    0.2341481368E+02   -0.1232708450E+01    0.2947156158E+01    0.1000805190E+01    0.1256327356E+01    0.6288206550E+00    0.3188406786E+01
    0.1124787428E+04    0.2343270473E+02   -0.1231533395E+01    0.2936798635E+01    0.9988387334E+00    0.1253009140E+01    0.6268961078E+00    0.3174991443E+01
    0.1130648455E+04    0.2345053204E+02   -0.1230350762E+01    0.2926462823E+01    0.9968655336E+00    0.1249684391E+01    0.6249694966E+00    0.3161570394E+01
    0.1136516962E+04    0.2346829989E+02   -0.1229159259E+01    0.2916149808E+01    0.9948843452E+00    0.1246351985E+01    0.6230388063E+00    0.3148144505E+01
    0.1142392930E+04    0.2348601279E+02   -0.1227958410E+01    0.2905860731E+01    0.9928946596E+00    0.1243020706E+01    0.6211042471E+00    0.3134722294E+01
    0.1148276342E+04    0.2350367124E+02   -0.1226748638E+01    0.2895594212E+01    0.9908968257E+00    0.1239697505E+01    0.6191679839E+00    0.3121316240E+01
    0.1154167178E+04    0.2352127185E+02   -0.1225530567E+01    0.2885357896E+01    0.9888913862E+00    0.1236382801E+01    0.6172324942E+00    0.3107941561E+01
    0.1160065419E+04    0.2353881218E+02   -0.1224303817E+01    0.2875160893E+01    0.9868779432E+00    0.1233072748E+01    0.6152986194E+00    0.3094610456E+01
    0.1165971049E+04    0.2355629283E+02   -0.1223066817E+01    0.2864994269E+01    0.9848549162E+00    0.1229769370E+01    0.6133650823E+00    0.3081325353E+01
    0.1171884048E+04    0.2357371550E+02   -0.1221818177E+01    0.2854848112E+01    0.9828208660E+00    0.1226475023E+01    0.6114301708E+00    0.3068084413E+01
    0.1177804398E+04    0.2359108270E+02   -0.1220557917E+01    0.2844725936E+01    0.9807758040E+00    0.1223188227E+01    0.6094931316E+00    0.3054890042E+01
    0.1183732083E+04    0.2360839589E+02   -0.1219288026E+01    0.2834630270E+01    0.9787217122E+00    0.1219903500E+01    0.6075541692E+00    0.3041755760E+01
    0.1189667082E+04    0.2362565575E+02   -0.1218011615E+01    0.2824556866E+01    0.9766616614E+00    0.1216611771E+01    0.6056140746E+00    0.3028699488E+01
    0.1195609380E+04    0.2364286355E+02   -0.1216730935E+01    0.2814503959E+01    0.9745979142E+00    0.1213306791E+01    0.6036735701E+00    0.3015722056E+01
    0.1201558958E+04    0.2366002099E+02   -0.1215446644E+01    0.2804460615E+01    0.9725311959E+00    0.1209989832E+01    0.6017323036E+00    0.3002805675E+01
    0.1207515799E+04    0.2367713148E+02   -0.1214158377E+01    0.2794409236E+01    0.9704611897E+00    0.1206663071E+01    0.5997885276E+00    0.2989931890E+01
    0.1213479886E+04    0.2369419935E+02   -0.1212865162E+01    0.2784344180E+01    0.9683869731E+00    0.1203332938E+01    0.5978393225E+00    0.2977090672E+01
    0.1219451200E+04    0.2371122766E+02   -0.1211565879E+01    0.2774267825E+01    0.9663074091E+00    0.1200008703E+01    0.5958822185E+00    0.2964276968E+01
    0.1225429726E+04    0.2372821515E+02   -0.1210259415E+01    0.2764186189E+01    0.9642213058E+00    0.1196700859E+01    0.5939176160E+00    0.2951481441E+01
    0.1231415445E+04    0.2374515743E+02   -0.1208944438E+01    0.2754109641E+01    0.9621272504E+00    0.1193416836E+01    0.5919481967E+00    0.2938692743E+01
    0.1237408341E+04    0.2376205096E+02   -0.1207619541E+01    0.2744054903E+01    0.9600237714E+00    0.1190151628E+01    0.5899763924E+00    0.2925903004E+01
    0.1243408397E+04    0.2377889448E+02   -0.1206283842E+01    0.2734030127E+01    0.9579099534E+00    0.1186894500E+01    0.5880034276E+00    0.2913107522E+01
    0.1249415595E+04    0.2379568814E+02   -0.1204937912E+01    0.2724033729E+01    0.9557863619E+00    0.1183640319E+01    0.5860296754E+00    0.2900308603E+01
    0.1255429921E+04    0.2381243249E+02   -0.1203584368E+01    0.2714065728E+01    0.9536555232E+00    0.1180381016E+01    0.5840548778E+00    0.2887521613E+01
    0.1261451356E+04    0.2382912841E+02   -0.1202226506E+01    0.2704122500E+01    0.9515206285E+00    0.1177104893E+01    0.5820783423E+00    0.2874763824E+01
    0.1267479884E+04    0.2384577735E+02   -0.1200866481E+01    0.2694199386E+01    0.9493839098E+00    0.1173806335E+01    0.5800992057E+00    0.2862042704E+01
    0.1273515489E+04    0.2386238208E+02   -0.1199505465E+01    0.2684290438E+01    0.9472467096E+00    0.1170492994E+01    0.5781163884E+00    0.2849361571E+01
    0.1279558154E+04    0.2387894577E+02   -0.1198144796E+01    0.2674383337E+01    0.9451104282E+00    0.1167181487E+01    0.5761288007E+00    0.2836727526E+01
    0.1285607864E+04    0.2389546939E+02   -0.1196786027E+01    0.2664467264E+01    0.9429765671E+00    0.1163884974E+01    0.5741366982E+00    0.2824147861E+01
    0.1291664602E+04    0.2391195340E+02   -0.1195430044E+01    0.2654543288E+01    0.9408459764E+00    0.1160604559E+01    0.5721430227E+00    0.2811624610E+01
    0.1297728351E+04    0.2392839944E+02   -0.1194076942E+01    0.2644621545E+01    0.9387187484E+00    0.1157331714E+01    0.5701516402E+00    0.2799157277E+01
    0.1303799097E+04    0.2394480653E+02   -0.1192726507E+01    0.2634711793E+01    0.9365947159E+00    0.1154052577E+01    0.5681630552E+00    0.2786742495E+01
    0.1309876823E+04    0.2396117240E+02   -0.1191378482E+01    0.2624812231E+01    0.9344736687E+00    0.1150756889E+01    0.5661731452E+00    0.2774374408E+01
    0.1315961513E+04    0.2397749819E+02   -0.1190032224E+01    0.2614917817E+01    0.9323550278E+00    0.1147455429E+01    0.5641771488E+00    0.2762049014E+01
    0.1322053152E+04    0.2399378550E+02   -0.1188687133E+01    0.2605043285E+01    0.9302382569E+00    0.1144161890E+01    0.5621742175E+00    0.2749765816E+01
    0.1328151724E+04    0.2401003279E+02   -0.1187343612E+01    0.2595207783E+01    0.9281237308E+00    0.1140872036E+01    0.5601676862E+00    0.2737526742E+01
    0.1334257213E+04    0.2402623770E+02   -0.1186002891E+01    0.2585421355E+01    0.9260126810E+00    0.1137580081E+01    0.5581610995E+00    0.2725336756E+01
    0.1340369604E+04    0.2404239984E+02   -0.1184666125E+01    0.2575679912E+01    0.9239062885E+00    0.1134279878E+01    0.5561550654E+00    0.2713202394E+01
    0.1346488882E+04    0.2405852007E+02   -0.1183333408E+01    0.2565970673E+01    0.9218047623E+00    0.1130972789E+01    0.5541483653E+00    0.2701121668E+01
    0.1352615032E+04    0.2407460169E+02   -0.1182003827E+01    0.2556272438E+01    0.9197072347E+00    0.1127672114E+01    0.5521400412E+00    0.2689085606E+01
    0.1358748037E+04    0.2409065054E+02   -0.1180675632E+01    0.2546564761E+01    0.9176119325E+00    0.1124383606E+01    0.5501297565E+00    0.2677085273E+01
    0.1364887884E+04    0.2410666943E+02   -0.1179346400E+01    0.2536840561E+01    0.9155164223E+00    0.1121098189E+01    0.5481172959E+00    0.2665112766E+01
    0.1371034557E+04    0.2412265631E+02   -0.1178013906E+01    0.2527104359E+01    0.9134184744E+00    0.1117803661E+01    0.5461025771E+00    0.2653159834E+01
    0.1377188041E+04    0.2413860666E+02   -0.1176677087E+01    0.2517371559E+01    0.9113170301E+00    0.1114497518E+01    0.5440852591E+00    0.2641225408E+01
    0.1383348321E+04    0.2415451693E+02   -0.1175336087E+01    0.2507653159E+01    0.9092122539E+00    0.1111188397E+01    0.5420643136E+00    0.2629320694E+01
    0.1389515383E+04    0.2417038524E+02   -0.1173991325E+01    0.2497962559E+01    0.9071045351E+00    0.1107885211E+01    0.5400399731E+00    0.2617458858E+01
    0.1395689211E+04    0.2418620958E+02   -0.1172642827E+01    0.2488315794E+01    0.9049938949E+00    0.1104595829E+01    0.5380142007E+00    0.2605641036E+01
    0.1401869792E+04    0.2420199039E+02   -0.1171290766E+01    0.2478706048E+01    0.9028804639E+00    0.1101323088E+01    0.5359876692E+00    0.2593862554E+01
    0.1408057110E+04    0.2421773109E+02   -0.1169935984E+01    0.2469118054E+01    0.9007650525E+00    0.1098057616E+01    0.5339587466E+00    0.2582125459E+01
    0.1414251152E+04    0.2423343549E+02   -0.1168579952E+01    0.2459549687E+01    0.8986491534E+00    0.1094788179E+01    0.5319253918E+00    0.2570434906E+01
    0.1420451902E+04    0.2424910734E+02   -0.1167224281E+01    0.2450003387E+01    0.8965344273E+00    0.1091505917E+01    0.5298861286E+00    0.2558789184E+01
    0.1426659346E+04    0.2426474797E+02   -0.1165869878E+01    0.2440478897E+01    0.8944218216E+00    0.1088206503E+01    0.5278405328E+00    0.2547177826E+01
    0.1432873471E+04    0.2428035422E+02   -0.1164515829E+01    0.2430985499E+01    0.8923105086E+00    0.1084895522E+01    0.5257904322E+00    0.2535581435E+01
    0.1439094262E+04    0.2429592110E+02   -0.1163159398E+01    0.2421543637E+01    0.8901978406E+00    0.1081581764E+01    0.5237393305E+00    0.2523977941E+01
    0.1445321704E+04    0.2431144683E+02   -0.1161797568E+01    0.2412170980E+01    0.8880808359E+00    0.1078257074E+01    0.5216897733E+00    0.2512355296E+01
    0.1451555785E+04    0.2432693407E+02   -0.1160428335E+01    0.2402868252E+01    0.8859575219E+00    0.1074909472E+01    0.5196416806E+00    0.2500713664E+01
    0.1457796489E+04    0.2434238496E+02   -0.1159050940E+01    0.2393622070E+01    0.8838272052E+00    0.1071543643E+01    0.5175933455E+00    0.2489056358E+01
    0.1464043804E+04    0.2435779846E+02   -0.1157665663E+01    0.2384416715E+01    0.8816902596E+00    0.1068174298E+01    0.5155435921E+00    0.2477388050E+01
    0.1470297714E+04    0.2437317305E+02   -0.1156273812E+01    0.2375234026E+01    0.8795479826E+00    0.1064810692E+01    0.5134921170E+00    0.2465720657E+01
    0.1476558208E+04    0.2438850802E+02   -0.1154877258E+01    0.2366057969E+01    0.8774021752E+00    0.1061451982E+01    0.5114391960E+00    0.2454070830E+01
    0.1482825269E+04    0.2440380350E+02   -0.1153477740E+01    0.2356887444E+01    0.8752546036E+00    0.1058095977E+01    0.5093856721E+00    0.2442450200E+01
    0.1489098887E+04    0.2441906252E+02   -0.1152076856E+01    0.2347723691E+01    0.8731068845E+00    0.1054739422E+01    0.5073316325E+00    0.2430860789E+01
    0.1495379046E+04    0.2443429052E+02   -0.1150675464E+01    0.2338553416E+01    0.8709598582E+00    0.1051372815E+01    0.5052767888E+00    0.2419296802E+01
    0.1501665733E+04    0.2444948785E+02   -0.1149273334E+01    0.2329376227E+01    0.8688133691E+00    0.1047993733E+01    0.5032219870E+00    0.2407753407E+01
    0.1507958935E+04    0.2446464859E+02   -0.1147870280E+01    0.2320205873E+01    0.8666672941E+00    0.1044604298E+01    0.5011675886E+00    0.2396237478E+01
    0.1514258639E+04    0.2447976956E+02   -0.1146466381E+01    0.2311040861E+01    0.8645217459E+00    0.1041203836E+01    0.4991120521E+00    0.2384760706E+01
    0.1520564831E+04    0.2449485103E+02   -0.1145061280E+01    0.2301867581E+01    0.8623764940E+00    0.1037792453E+01    0.4970532015E+00    0.2373327229E+01
    0.1526877498E+04    0.2450989283E+02   -0.1143654570E+01    0.2292669170E+01    0.8602312591E+00    0.1034370792E+01    0.4949887730E+00    0.2361938328E+01
    0.1533196627E+04    0.2452489399E+02   -0.1142246621E+01    0.2283438462E+01    0.8580864661E+00    0.1030933738E+01    0.4929164998E+00    0.2350599380E+01
    0.1539522206E+04    0.2453985365E+02   -0.1140838711E+01    0.2274187358E+01    0.8559434946E+00    0.1027477098E+01    0.4908357787E+00    0.2339319876E+01
    0.1545854220E+04    0.2455477205E+02   -0.1139432570E+01    0.2264922540E+01    0.8538042063E+00    0.1024006532E+01    0.4887483438E+00    0.2328110362E+01
    0.1552192656E+04    0.2456965021E+02   -0.1138029410E+01    0.2255637811E+01    0.8516699040E+00    0.1020529026E+01    0.4866565397E+00    0.2316974063E+01
    0.1558537504E+04    0.2458449036E+02   -0.1136629320E+01    0.2246332029E+01    0.8495407338E+00    0.1017045176E+01    0.4845618854E+00    0.2305906745E+01
    0.1564888749E+04    0.2459929365E+02   -0.1135231338E+01    0.2237010157E+01    0.8474157700E+00    0.1013553627E+01    0.4824651195E+00    0.2294902445E+01
    0.1571246378E+04    0.2461405766E+02   -0.1133833823E+01    0.2227672995E+01    0.8452933818E+00    0.1010058178E+01    0.4803666719E+00    0.2283950186E+01
    0.1577610379E+04    0.2462878034E+02   -0.1132435218E+01    0.2218314207E+01    0.8431720446E+00    0.1006567486E+01    0.4782672311E+00    0.2273035097E+01
    0.1583980740E+04    0.2464346105E+02   -0.1131034931E+01    0.2208929781E+01    0.8410511814E+00    0.1003079739E+01    0.4761676932E+00    0.2262150433E+01
    0.1590357447E+04    0.2465809919E+02   -0.1129633252E+01    0.2199519379E+01    0.8389310595E+00    0.9995820304E+00    0.4740683901E+00    0.2251300288E+01
    0.1596740489E+04    0.2467269455E+02   -0.1128229933E+01    0.2190089097E+01    0.8368114840E+00    0.9960766549E+00    0.4719695564E+00    0.2240482101E+01
    0.1603129853E+04    0.2468724697E+02   -0.1126823412E+01    0.2180655270E+01    0.8346909992E+00    0.9925841685E+00    0.4698722717E+00    0.2229677209E+01
    0.1609525526E+04    0.2470175607E+02   -0.1125412165E+01    0.2171234629E+01    0.8325681004E+00    0.9891191297E+00    0.4677775119E+00    0.2218865947E+01
    0.1615927496E+04    0.2471622048E+02   -0.1123996364E+01    0.2161829684E+01    0.8304428037E+00    0.9856747947E+00    0.4656846737E+00    0.2208047651E+01
    0.1622335752E+04    0.2473063756E+02   -0.1122577385E+01    0.2152436174E+01    0.8283163853E+00    0.9822446195E+00    0.4635921624E+00    0.2197236168E+01
    0.1628750280E+04    0.2474500576E+02   -0.1121156660E+01    0.2143056461E+01    0.8261902483E+00    0.9788328546E+00    0.4614985411E+00    0.2186445418E+01
    0.1635171069E+04    0.2475932673E+02   -0.1119735366E+01    0.2133692407E+01    0.8240655562E+00    0.9754371805E+00    0.4594022727E+00    0.2175682424E+01
    0.1641598106E+04    0.2477360326E+02   -0.1118314816E+01    0.2124339817E+01    0.8219436204E+00    0.9720582862E+00    0.4573020349E+00    0.2164944020E+01
    0.1648031380E+04    0.2478783680E+02   -0.1116896908E+01    0.2114998355E+01    0.8198262944E+00    0.9686963561E+00    0.4551972560E+00    0.2154223964E+01
    0.1654470879E+04    0.2480202806E+02   -0.1115483378E+01    0.2105664826E+01    0.8177152603E+00    0.9653411646E+00    0.4530876790E+00    0.2143522311E+01
    0.1660916591E+04    0.2481617793E+02   -0.1114074162E+01    0.2096337207E+01    0.8156104430E+00    0.9619903750E+00    0.4509740647E+00    0.2132840499E+01
    0.1667368503E+04    0.2483028702E+02   -0.1112666775E+01    0.2087025086E+01    0.8135093721E+00    0.9586525036E+00    0.4488581993E+00    0.2122174263E+01
    0.1673826604E+04    0.2484435455E+02   -0.1111257354E+01    0.2077734484E+01    0.8114081890E+00    0.9553322232E+00    0.4467407978E+00    0.2111518604E+01
    0.1680290883E+04    0.2485837903E+02   -0.1109842394E+01    0.2068457978E+01    0.8093033615E+00    0.9520360286E+00    0.4446209211E+00    0.2100866209E+01
    0.1686761327E+04    0.2487236139E+02   -0.1108420214E+01    0.2059177432E+01    0.8071931059E+00    0.9487663627E+00    0.4424969496E+00    0.2090207215E+01
    0.1693237926E+04    0.2488630435E+02   -0.1106991392E+01    0.2049882112E+01    0.8050778517E+00    0.9455136875E+00    0.4403671566E+00    0.2079538722E+01
    0.1699720667E+04    0.2490020863E+02   -0.1105557936E+01    0.2040577587E+01    0.8029595549E+00    0.9422633946E+00    0.4382305224E+00    0.2068867101E+01
    0.1706209539E+04    0.2491407208E+02   -0.1104122256E+01    0.2031271874E+01    0.8008406729E+00    0.9390084133E+00    0.4360878722E+00    0.2058200251E+01
    0.1712704530E+04    0.2492789201E+02   -0.1102686355E+01    0.2021968170E+01    0.7987232255E+00    0.9357553786E+00    0.4339422310E+00    0.2047546517E+01
    0.1719205630E+04    0.2494166744E+02   -0.1101251468E+01    0.2012674678E+01    0.7966084696E+00    0.9325168839E+00    0.4317976219E+00    0.2036915403E+01
    0.1725712826E+04    0.2495539926E+02   -0.1099818879E+01    0.2003408158E+01    0.7944976219E+00    0.9292924569E+00    0.4296563852E+00    0.2026321927E+01
    0.1732226108E+04    0.2496908891E+02   -0.1098390026E+01    0.1994180088E+01    0.7923920919E+00    0.9260667999E+00    0.4275172483E+00    0.2015781615E+01
    0.1738745464E+04    0.2498273599E+02   -0.1096965712E+01    0.1984985031E+01    0.7902927750E+00    0.9228390814E+00    0.4253769011E+00    0.2005301611E+01
    0.1745270883E+04    0.2499633803E+02   -0.1095546067E+01    0.1975819511E+01    0.7881998810E+00    0.9196269128E+00    0.4232339600E+00    0.1994881776E+01
    0.1751802354E+04    0.2500989219E+02   -0.1094131639E+01    0.1966687371E+01    0.7861139323E+00    0.9164437982E+00    0.4210903605E+00    0.1984521417E+01
    0.1758339865E+04    0.2502339757E+02   -0.1092724061E+01    0.1957580527E+01    0.7840364478E+00    0.9132881531E+00    0.4189483103E+00    0.1974226522E+01
    0.1764883407E+04    0.2503685636E+02   -0.1091324937E+01    0.1948486505E+01    0.7819689324E+00    0.9101475591E+00    0.4168070484E+00    0.1964001797E+01
    0.1771432966E+04    0.2505027141E+02   -0.1089933976E+01    0.1939413150E+01    0.7799111013E+00    0.9070131052E+00    0.4146633136E+00    0.1953838176E+01
    0.1777988534E+04    0.2506364437E+02   -0.1088548610E+01    0.1930382504E+01    0.7778605412E+00    0.9038860331E+00    0.4125139849E+00    0.1943718110E+01
    0.1784550098E+04    0.2507697606E+02   -0.1087166078E+01    0.1921396630E+01    0.7758145541E+00    0.9007689883E+00    0.4103573653E+00    0.1933632104E+01
    0.1791117649E+04    0.2509026696E+02   -0.1085784938E+01    0.1912437248E+01    0.7737716181E+00    0.8976548390E+00    0.4081930467E+00    0.1923578428E+01
    0.1797691175E+04    0.2510351757E+02   -0.1084404562E+01    0.1903491767E+01    0.7717310793E+00    0.8945376599E+00    0.4060223759E+00    0.1913551546E+01
    0.1804270665E+04    0.2511672826E+02   -0.1083025082E+01    0.1894562425E+01    0.7696931163E+00    0.8914222665E+00    0.4038487389E+00    0.1903544910E+01
    0.1810856108E+04    0.2512989758E+02   -0.1081647850E+01    0.1885647108E+01    0.7676591061E+00    0.8883108468E+00    0.4016756684E+00    0.1893560768E+01
    0.1817447495E+04    0.2514302243E+02   -0.1080274876E+01    0.1876733535E+01    0.7656310846E+00    0.8852027148E+00    0.3995046476E+00    0.1883606384E+01
    0.1824044814E+04    0.2515610058E+02   -0.1078907568E+01    0.1867814684E+01    0.7636104685E+00    0.8820914591E+00    0.3973353844E+00    0.1873686466E+01
    0.1830648056E+04    0.2516912966E+02   -0.1077545476E+01    0.1858902610E+01    0.7615969241E+00    0.8789753731E+00    0.3951673153E+00    0.1863797635E+01
    0.1837257208E+04    0.2518210832E+02   -0.1076186597E+01    0.1850015411E+01    0.7595885448E+00    0.8758610121E+00    0.3929999131E+00    0.1853926568E+01
    0.1843872262E+04    0.2519503842E+02   -0.1074828667E+01    0.1841161489E+01    0.7575831195E+00    0.8727488398E+00    0.3908320232E+00    0.1844055439E+01
    0.1850493205E+04    0.2520792152E+02   -0.1073470399E+01    0.1832334577E+01    0.7555794227E+00    0.8696339392E+00    0.3886609215E+00    0.1834171386E+01
    0.1857120030E+04    0.2522075674E+02   -0.1072112253E+01    0.1823518660E+01    0.7535779542E+00    0.8665114921E+00    0.3864831190E+00    0.1824275163E+01
    0.1863752723E+04    0.2523354165E+02   -0.1070755714E+01    0.1814701362E+01    0.7515802458E+00    0.8633765190E+00    0.3842982349E+00    0.1814379307E+01
    0.1870391276E+04    0.2524627431E+02   -0.1069401420E+01    0.1805884617E+01    0.7495871177E+00    0.8602356757E+00    0.3821106688E+00    0.1804495817E+01
    0.1877035679E+04    0.2525895510E+02   -0.1068048986E+01    0.1797081100E+01    0.7475983506E+00    0.8571007343E+00    0.3799256502E+00    0.1794631769E+01
    0.1883685920E+04    0.2527158671E+02   -0.1066698079E+01    0.1788288090E+01    0.7456136257E+00    0.8539757482E+00    0.3777452888E+00    0.1784795841E+01
    0.1890341991E+04    0.2528417162E+02   -0.1065348378E+01    0.1779491737E+01    0.7436326041E+00    0.8508554039E+00    0.3755693572E+00    0.1774994399E+01
    0.1897003880E+04    0.2529670991E+02   -0.1063998962E+01    0.1770693604E+01    0.7416543877E+00    0.8477323559E+00    0.3733970573E+00    0.1765221864E+01
    0.1903671577E+04    0.2530920184E+02   -0.1062648307E+01    0.1761895698E+01    0.7396775415E+00    0.8445967306E+00    0.3712263499E+00    0.1755467760E+01
    0.1910345074E+04    0.2532164912E+02   -0.1061294830E+01    0.1753090673E+01    0.7377006218E+00    0.8414433676E+00    0.3690532246E+00    0.1745725779E+01
    0.1917024359E+04    0.2533405447E+02   -0.1059937618E+01    0.1744269917E+01    0.7357228244E+00    0.8382834545E+00    0.3668726039E+00    0.1735989737E+01
    0.1923709423E+04    0.2534642108E+02   -0.1058577079E+01    0.1735436223E+01    0.7337445725E+00    0.8351338059E+00    0.3646802169E+00    0.1726249890E+01
    0.1930400255E+04    0.2535875109E+02   -0.1057214795E+01    0.1726598238E+01    0.7317673517E+00    0.8320006760E+00    0.3624747620E+00    0.1716502167E+01
    0.1937096847E+04    0.2537104643E+02   -0.1055851887E+01    0.1717762722E+01    0.7297922283E+00    0.8288870865E+00    0.3602589211E+00    0.1706755973E+01
    0.1943799187E+04    0.2538330909E+02   -0.1054488187E+01    0.1708937099E+01    0.7278190226E+00    0.8258063328E+00    0.3580378592E+00    0.1697022249E+01
    0.1950507267E+04    0.2539553841E+02   -0.1053123356E+01    0.1700129327E+01    0.7258472880E+00    0.8227677064E+00    0.3558159535E+00    0.1687308283E+01
    0.1957221077E+04    0.2540773132E+02   -0.1051757658E+01    0.1691342185E+01    0.7238771331E+00    0.8197593839E+00    0.3535944055E+00    0.1677623618E+01
    0.1963940607E+04    0.2541988412E+02   -0.1050391950E+01    0.1682573770E+01    0.7219092585E+00    0.8167627208E+00    0.3513724748E+00    0.1667979401E+01
    0.1970665846E+04    0.2543199322E+02   -0.1049027087E+01    0.1673826496E+01    0.7199444245E+00    0.8137665143E+00    0.3491506782E+00    0.1658378626E+01
    0.1977396787E+04    0.2544405695E+02   -0.1047663477E+01    0.1665101857E+01    0.7179831074E+00    0.8107658213E+00    0.3469304115E+00    0.1648811987E+01
    0.1984133419E+04    0.2545607679E+02   -0.1046301604E+01    0.1656394552E+01    0.7160258980E+00    0.8077633793E+00    0.3447109146E+00    0.1639276419E+01
    0.1990875732E+04    0.2546805515E+02   -0.1044941949E+01    0.1647696410E+01    0.7140733918E+00    0.8047634455E+00    0.3424895008E+00    0.1629782571E+01
    0.1997623718E+04    0.2547999368E+02   -0.1043584747E+01    0.1639004145E+01    0.7121259064E+00    0.8017677623E+00    0.3402646857E+00    0.1620345582E+01
    0.2004377365E+04    0.2549189262E+02   -0.1042230251E+01    0.1630323896E+01    0.7101837084E+00    0.7987800857E+00    0.3380377155E+00    0.1610978878E+01
    0.2011136667E+04    0.2550374847E+02   -0.1040878806E+01    0.1621669649E+01    0.7082471164E+00    0.7958044774E+00    0.3358102779E+00    0.1601690057E+01
    0.2017901612E+04    0.2551555661E+02   -0.1039530550E+01    0.1613047287E+01    0.7063162479E+00    0.7928485411E+00    0.3335816809E+00    0.1592477510E+01
    0.2024672192E+04    0.2552731707E+02   -0.1038185522E+01    0.1604448493E+01    0.7043911057E+00    0.7899249128E+00    0.3313506364E+00    0.1583334030E+01
    0.2031448396E+04    0.2553903156E+02   -0.1036844263E+01    0.1595869113E+01    0.7024720572E+00    0.7870434842E+00    0.3291178984E+00    0.1574252359E+01
    0.2038230217E+04    0.2555069985E+02   -0.1035507527E+01    0.1587314233E+01    0.7005596462E+00    0.7842013843E+00    0.3268849379E+00    0.1565225803E+01
    0.2045017645E+04    0.2556232177E+02   -0.1034176244E+01    0.1578781766E+01    0.6986546575E+00    0.7813910792E+00    0.3246529740E+00    0.1556254192E+01
    0.2051810669E+04    0.2557389646E+02   -0.1032851890E+01    0.1570263970E+01    0.6967584149E+00    0.7786036245E+00    0.3224227791E+00    0.1547348653E+01
    0.2058609283E+04    0.2558542110E+02   -0.1031535444E+01    0.1561756633E+01    0.6948718548E+00    0.7758325727E+00    0.3201924461E+00    0.1538518249E+01
    0.2065413476E+04    0.2559689296E+02   -0.1030226599E+01    0.1553246159E+01    0.6929946858E+00    0.7730745693E+00    0.3179580371E+00    0.1529760669E+01
    0.2072223239E+04    0.2560830886E+02   -0.1028924149E+01    0.1544719596E+01    0.6911257271E+00    0.7703247077E+00    0.3157174314E+00    0.1521065953E+01
    0.2079038563E+04    0.2561966639E+02   -0.1027626678E+01    0.1536168669E+01    0.6892636333E+00    0.7675748980E+00    0.3134712378E+00    0.1512420746E+01
    0.2085859439E+04    0.2563096587E+02   -0.1026333122E+01    0.1527589957E+01    0.6874074580E+00    0.7648188007E+00    0.3112209816E+00    0.1503813907E+01
    0.2092685858E+04    0.2564220741E+02   -0.1025043435E+01    0.1518994257E+01    0.6855572633E+00    0.7620532603E+00    0.3089678645E+00    0.1495242436E+01
    0.2099517812E+04    0.2565338923E+02   -0.1023758851E+01    0.1510400574E+01    0.6837144457E+00    0.7592718309E+00    0.3067128141E+00    0.1486710212E+01
    0.2106355291E+04    0.2566451009E+02   -0.1022481064E+01    0.1501823105E+01    0.6818809257E+00    0.7564765498E+00    0.3044555343E+00    0.1478222753E+01
    0.2113198287E+04    0.2567557266E+02   -0.1021211030E+01    0.1493261084E+01    0.6800578458E+00    0.7536836169E+00    0.3021930675E+00    0.1469778513E+01
    0.2120046790E+04    0.2568658156E+02   -0.1019948653E+01    0.1484715081E+01    0.6782452099E+00    0.7509091772E+00    0.2999224747E+00    0.1461369828E+01
    0.2126900793E+04    0.2569753614E+02   -0.1018693669E+01    0.1476196607E+01    0.6764427176E+00    0.7481599800E+00    0.2976455085E+00    0.1452991923E+01
    0.2133760285E+04    0.2570842964E+02   -0.1017446152E+01    0.1467719577E+01    0.6746503324E+00    0.7454327607E+00    0.2953682828E+00    0.1444643461E+01
    0.2140625259E+04    0.2571925727E+02   -0.1016205828E+01    0.1459292992E+01    0.6728677532E+00    0.7427240274E+00    0.2930961757E+00    0.1436321938E+01
    0.2147495706E+04    0.2573002203E+02   -0.1014971934E+01    0.1450915303E+01    0.6710942185E+00    0.7400318611E+00    0.2908308815E+00    0.1428026774E+01
    0.2154371616E+04    0.2574072935E+02   -0.1013743727E+01    0.1442581316E+01    0.6693289545E+00    0.7373526140E+00    0.2885713375E+00    0.1419759871E+01
    0.2161252983E+04    0.2575138158E+02   -0.1012520521E+01    0.1434291760E+01    0.6675712906E+00    0.7346826001E+00    0.2863147340E+00    0.1411523202E+01
    0.2168139796E+04    0.2576197800E+02   -0.1011301749E+01    0.1426046348E+01    0.6658207471E+00    0.7320204492E+00    0.2840566476E+00    0.1403317870E+01
    0.2175032047E+04    0.2577251768E+02   -0.1010087607E+01    0.1417841047E+01    0.6640776102E+00    0.7293692014E+00    0.2817922509E+00    0.1395144339E+01
    0.2181929729E+04    0.2578300110E+02   -0.1008879393E+01    0.1409677336E+01    0.6623431503E+00    0.7267367862E+00    0.2795194405E+00    0.1387006631E+01
    0.2188832831E+04    0.2579343031E+02   -0.1007678565E+01    0.1401547890E+01    0.6606186750E+00    0.7241327121E+00    0.2772405285E+00    0.1378906779E+01
    0.2195741347E+04    0.2580380718E+02   -0.1006485300E+01    0.1393437644E+01    0.6589042185E+00    0.7215611839E+00    0.2749595910E+00    0.1370836276E+01
    0.2202655267E+04    0.2581413057E+02   -0.1005298653E+01    0.1385347783E+01    0.6571987574E+00    0.7190198513E+00    0.2726784863E+00    0.1362780965E+01
    0.2209574583E+04    0.2582439773E+02   -0.1004117926E+01    0.1377288988E+01    0.6555014680E+00    0.7165026593E+00    0.2703962907E+00    0.1354734219E+01
    0.2216499288E+04    0.2583460725E+02   -0.1002942731E+01    0.1369272415E+01    0.6538118931E+00    0.7140055356E+00    0.2681111812E+00    0.1346699833E+01
    0.2223429371E+04    0.2584475933E+02   -0.1001772938E+01    0.1361308718E+01    0.6521298615E+00    0.7115279321E+00    0.2658211205E+00    0.1338693411E+01
    0.2230364826E+04    0.2585485402E+02   -0.1000608921E+01    0.1353400724E+01    0.6504556896E+00    0.7090641282E+00    0.2635250511E+00    0.1330737480E+01
    0.2237305643E+04    0.2586488818E+02   -0.9994514205E+00    0.1345554624E+01    0.6487901901E+00    0.7066032704E+00    0.2612253542E+00    0.1322848217E+01
    0.2244251815E+04    0.2587485382E+02   -0.9983012185E+00    0.1337780303E+01    0.6471342889E+00    0.7041385148E+00    0.2589267150E+00    0.1315028658E+01
    0.2251203334E+04    0.2588474281E+02   -0.9971585067E+00    0.1330076501E+01    0.6454883654E+00    0.7016697339E+00    0.2566310524E+00    0.1307269371E+01
    0.2258160191E+04    0.2589455234E+02   -0.9960230977E+00    0.1322432891E+01    0.6438523837E+00    0.6992007628E+00    0.2543356371E+00    0.1299559840E+01
    0.2265122378E+04    0.2590428465E+02   -0.9948950317E+00    0.1314837669E+01    0.6422265121E+00    0.6967363982E+00    0.2520368363E+00    0.1291895539E+01
    0.2272089887E+04    0.2591394323E+02   -0.9937744207E+00    0.1307277056E+01    0.6406109133E+00    0.6942782689E+00    0.2497331347E+00    0.1284275721E+01
    0.2279062710E+04    0.2592353189E+02   -0.9926604950E+00    0.1299737758E+01    0.6390048329E+00    0.6918312664E+00    0.2474251434E+00    0.1276701179E+01
    0.2286040840E+04    0.2593305311E+02   -0.9915515385E+00    0.1292222560E+01    0.6374065661E+00    0.6894028680E+00    0.2451146972E+00    0.1269172962E+01
    0.2293024267E+04    0.2594250644E+02   -0.9904458365E+00    0.1284746368E+01    0.6358143721E+00    0.6869984943E+00    0.2428031309E+00    0.1261692468E+01
    0.2300012984E+04    0.2595189174E+02   -0.9893423921E+00    0.1277322877E+01    0.6342271939E+00    0.6846175224E+00    0.2404904354E+00    0.1254260378E+01
    0.2307006983E+04    0.2596121162E+02   -0.9882413862E+00    0.1269954398E+01    0.6326451614E+00    0.6822502515E+00    0.2381766539E+00    0.1246873139E+01
    0.2314006256E+04    0.2597047117E+02   -0.9871439408E+00    0.1262636835E+01    0.6310693751E+00    0.6798871338E+00    0.2358633819E+00    0.1239521352E+01
    0.2321010796E+04    0.2597967708E+02   -0.9860510563E+00    0.1255373532E+01    0.6295009464E+00    0.6775301133E+00    0.2335525987E+00    0.1232191630E+01
    0.2328020593E+04    0.2598883417E+02   -0.9849640905E+00    0.1248172568E+01    0.6279413498E+00    0.6751810551E+00    0.2312436740E+00    0.1224882343E+01
    0.2335035642E+04    0.2599794318E+02   -0.9838854556E+00    0.1241025953E+01    0.6263930056E+00    0.6728331397E+00    0.2289328638E+00    0.1217611134E+01
    0.2342055933E+04    0.2600700270E+02   -0.9828170668E+00    0.1233914737E+01    0.6248579900E+00    0.6704857265E+00    0.2266165077E+00    0.1210392401E+01
    0.2349081459E+04    0.2601601059E+02   -0.9817594616E+00    0.1226818835E+01    0.6233370256E+00    0.6681444798E+00    0.2242935732E+00    0.1203224667E+01
    0.2356112212E+04    0.2602496426E+02   -0.9807121383E+00    0.1219726119E+01    0.6218297555E+00    0.6658174819E+00    0.2219647687E+00    0.1196100662E+01
    0.2363148185E+04    0.2603386160E+02   -0.9796740393E+00    0.1212638686E+01    0.6203352000E+00    0.6635170134E+00    0.2196310483E+00    0.1189019938E+01
    0.2370189369E+04    0.2604269976E+02   -0.9786439308E+00    0.1205558189E+01    0.6188519677E+00    0.6612586817E+00    0.2172942638E+00    0.1181988012E+01
    0.2377235758E+04    0.2605147425E+02   -0.9776202691E+00    0.1198477554E+01    0.6173782072E+00    0.6590601207E+00    0.2149570192E+00    0.1175002781E+01
    0.2384287342E+04    0.2606018119E+02   -0.9766015929E+00    0.1191385649E+01    0.6159120027E+00    0.6569197943E+00    0.2126201561E+00    0.1168053762E+01
    0.2391344116E+04    0.2606881803E+02   -0.9755868122E+00    0.1184277734E+01    0.6144518086E+00    0.6548136576E+00    0.2102818666E+00    0.1161129851E+01
    0.2398406071E+04    0.2607738110E+02   -0.9745749724E+00    0.1177166613E+01    0.6129963744E+00    0.6527274790E+00    0.2079398441E+00    0.1154218413E+01
    0.2405473200E+04    0.2608586452E+02   -0.9735650108E+00    0.1170071885E+01    0.6115444691E+00    0.6506614948E+00    0.2055936233E+00    0.1147307009E+01
    0.2412545496E+04    0.2609426266E+02   -0.9725557182E+00    0.1163011576E+01    0.6100947797E+00    0.6486136376E+00    0.2032440189E+00    0.1140387411E+01
    0.2419622949E+04    0.2610257384E+02   -0.9715464560E+00    0.1155999616E+01    0.6086465872E+00    0.6465758191E+00    0.2008910886E+00    0.1133460007E+01
    0.2426705555E+04    0.2611080033E+02   -0.9705376351E+00    0.1149031185E+01    0.6072002815E+00    0.6445427422E+00    0.1985351553E+00    0.1126533411E+01
    0.2433793304E+04    0.2611894269E+02   -0.9695304739E+00    0.1142091267E+01    0.6057571490E+00    0.6425056451E+00    0.1961793960E+00    0.1119622062E+01
    0.2440886189E+04    0.2612699687E+02   -0.9685266895E+00    0.1135176195E+01    0.6043191366E+00    0.6404545700E+00    0.1938284431E+00    0.1112746700E+01
    0.2447984203E+04    0.2613495998E+02   -0.9675284331E+00    0.1128300456E+01    0.6028887962E+00    0.6383845889E+00    0.1914838301E+00    0.1105930895E+01
    0.2455087339E+04    0.2614283360E+02   -0.9665383699E+00    0.1121482998E+01    0.6014692225E+00    0.6362935490E+00    0.1891427175E+00    0.1099193725E+01
    0.2462195590E+04    0.2615062067E+02   -0.9655588881E+00    0.1114734426E+01    0.6000632579E+00    0.6341789237E+00    0.1868016761E+00    0.1092542431E+01
    0.2469308947E+04    0.2615832259E+02   -0.9645908881E+00    0.1108070148E+01    0.5986723887E+00    0.6320391206E+00    0.1844590869E+00    0.1085969823E+01
    0.2476427404E+04    0.2616594224E+02   -0.9636339839E+00    0.1101493808E+01    0.5972968269E+00    0.6298834404E+00    0.1821128583E+00    0.1079460511E+01
    0.2483550954E+04    0.2617348431E+02   -0.9626873533E+00    0.1094989285E+01    0.5959361845E+00    0.6277236523E+00    0.1797596141E+00    0.1073000132E+01
    0.2490679588E+04    0.2618094906E+02   -0.9617502761E+00    0.1088550290E+01    0.5945900413E+00    0.6255655625E+00    0.1773978673E+00    0.1066582324E+01
    0.2497813301E+04    0.2618833080E+02   -0.9608225452E+00    0.1082193040E+01    0.5932584204E+00    0.6234155413E+00    0.1750299452E+00    0.1060212256E+01
    0.2504952085E+04    0.2619562413E+02   -0.9599045074E+00    0.1075930572E+01    0.5919418715E+00    0.6212798103E+00    0.1726601628E+00    0.1053902605E+01
    0.2512095932E+04    0.2620282660E+02   -0.9589970165E+00    0.1069746936E+01    0.5906414146E+00    0.6191613719E+00    0.1702917769E+00    0.1047665547E+01
    0.2519244836E+04    0.2620993739E+02   -0.9581009523E+00    0.1063621236E+01    0.5893580663E+00    0.6170635845E+00    0.1679259545E+00    0.1041508662E+01
    0.2526398789E+04    0.2621695850E+02   -0.9572164837E+00    0.1057555188E+01    0.5880920903E+00    0.6149955319E+00    0.1655624104E+00    0.1035434213E+01
    0.2533557785E+04    0.2622389681E+02   -0.9563435043E+00    0.1051557937E+01    0.5868433410E+00    0.6129686285E+00    0.1631998664E+00    0.1029441810E+01
    0.2540721816E+04    0.2623075993E+02   -0.9554827703E+00    0.1045629722E+01    0.5856123942E+00    0.6109881409E+00    0.1608366234E+00    0.1023526237E+01
    0.2547890875E+04    0.2623755002E+02   -0.9546356099E+00    0.1039766964E+01    0.5844003051E+00    0.6090531198E+00    0.1584710427E+00    0.1017677919E+01
    0.2555064955E+04    0.2624426412E+02   -0.9538021104E+00    0.1033962052E+01    0.5832068776E+00    0.6071680026E+00    0.1561015793E+00    0.1011882386E+01
    0.2562244050E+04    0.2625089940E+02   -0.9529808031E+00    0.1028202895E+01    0.5820302626E+00    0.6053423218E+00    0.1537263463E+00    0.1006129073E+01
    0.2569428152E+04    0.2625745709E+02   -0.9521702797E+00    0.1022480180E+01    0.5808685201E+00    0.6035688873E+00    0.1513434450E+00    0.1000420700E+01
    0.2576617254E+04    0.2626393938E+02   -0.9513700143E+00    0.1016793138E+01    0.5797208302E+00    0.6018228625E+00    0.1489535003E+00    0.9947707681E+00
    0.2583811350E+04    0.2627034322E+02   -0.9505799293E+00    0.1011152359E+01    0.5785871785E+00    0.6000917370E+00    0.1465605371E+00    0.9891899842E+00
    0.2591010432E+04    0.2627666264E+02   -0.9497999093E+00    0.1005569949E+01    0.5774675286E+00    0.5983876262E+00    0.1441692121E+00    0.9836800077E+00
    0.2598214494E+04    0.2628289441E+02   -0.9490297114E+00    0.1000055576E+01    0.5763614477E+00    0.5967222012E+00    0.1417826076E+00    0.9782436710E+00
    0.2605423529E+04    0.2628903889E+02   -0.9482681741E+00    0.9946148919E+00    0.5752675378E+00    0.5950868489E+00    0.1394021692E+00    0.9728851729E+00
    0.2612637530E+04    0.2629509627E+02   -0.9475131246E+00    0.9892498564E+00    0.5741836702E+00    0.5934613966E+00    0.1370274721E+00    0.9676019671E+00
    0.2619856490E+04    0.2630106642E+02   -0.9467633084E+00    0.9839681615E+00    0.5731088557E+00    0.5918334631E+00    0.1346548814E+00    0.9623910129E+00
    0.2627080403E+04    0.2630695128E+02   -0.9460196013E+00    0.9787818919E+00    0.5720443402E+00    0.5901950698E+00    0.1322782445E+00    0.9572602846E+00
    0.2634309261E+04    0.2631275197E+02   -0.9452843008E+00    0.9736999631E+00    0.5709929326E+00    0.5885420770E+00    0.1298928686E+00    0.9522249623E+00
    0.2641543059E+04    0.2631846859E+02   -0.9445600972E+00    0.9687132972E+00    0.5699579258E+00    0.5868821790E+00    0.1274985871E+00    0.9472916311E+00
    0.2648781788E+04    0.2632410335E+02   -0.9438489857E+00    0.9637987438E+00    0.5689418306E+00    0.5852364477E+00    0.1250991922E+00    0.9424556339E+00
    0.2656025444E+04    0.2632965887E+02   -0.9431522690E+00    0.9589442502E+00    0.5679462191E+00    0.5836219800E+00    0.1226988012E+00    0.9377115146E+00
    0.2663274018E+04    0.2633513607E+02   -0.9424720101E+00    0.9541475891E+00    0.5669733139E+00    0.5820330555E+00    0.1202989195E+00    0.9330610419E+00
    0.2670527505E+04    0.2634053132E+02   -0.9418110242E+00    0.9493991403E+00    0.5660262268E+00    0.5804590906E+00    0.1178998217E+00    0.9285128130E+00
    0.2677785897E+04    0.2634583557E+02   -0.9411708607E+00    0.9447005143E+00    0.5651070418E+00    0.5788974736E+00    0.1155026895E+00    0.9240723648E+00
    0.2685049188E+04    0.2635104352E+02   -0.9405508495E+00    0.9400738542E+00    0.5642156768E+00    0.5773573193E+00    0.1131086847E+00    0.9197356872E+00
    0.2692317372E+04    0.2635615704E+02   -0.9399492784E+00    0.9355307186E+00    0.5633508009E+00    0.5758455159E+00    0.1107168857E+00    0.9154931284E+00
    0.2699590442E+04    0.2636117797E+02   -0.9393644600E+00    0.9310701740E+00    0.5625110685E+00    0.5743532565E+00    0.1083234981E+00    0.9113310053E+00
    0.2706868392E+04    0.2636610619E+02   -0.9387945520E+00    0.9266870151E+00    0.5616952045E+00    0.5728790161E+00    0.1059240983E+00    0.9072365113E+00
    0.2714151214E+04    0.2637094039E+02   -0.9382378275E+00    0.9223779429E+00    0.5609019468E+00    0.5714386260E+00    0.1035174413E+00    0.9032043595E+00
    0.2721438903E+04    0.2637567731E+02   -0.9376932603E+00    0.9181432799E+00    0.5601301632E+00    0.5700475972E+00    0.1011051799E+00    0.8992339200E+00
    0.2728731452E+04    0.2638031563E+02   -0.9371596666E+00    0.9139790262E+00    0.5593782863E+00    0.5687167348E+00    0.9868899370E-01    0.8953148851E+00
    0.2736028854E+04    0.2638485558E+02   -0.9366356660E+00    0.9098821717E+00    0.5586443861E+00    0.5674514358E+00    0.9627065233E-01    0.8914346089E+00
    0.2743331104E+04    0.2638929324E+02   -0.9361205314E+00    0.9058511196E+00    0.5579270031E+00    0.5662423837E+00    0.9385298338E-01    0.8875942452E+00
    0.2750638194E+04    0.2639362198E+02   -0.9356142758E+00    0.9018877599E+00    0.5572256168E+00    0.5650766539E+00    0.9143874386E-01    0.8838026117E+00
    0.2757950119E+04    0.2639783599E+02   -0.9351177316E+00    0.8979974611E+00    0.5565408667E+00    0.5639465611E+00    0.8902870561E-01    0.8800706307E+00
    0.2765266872E+04    0.2640192966E+02   -0.9346323269E+00    0.8941709526E+00    0.5558740632E+00    0.5628557039E+00    0.8662152017E-01    0.8764102000E+00
    0.2772588446E+04    0.2640589779E+02   -0.9341593881E+00    0.8903904865E+00    0.5552262403E+00    0.5618078865E+00    0.8421618962E-01    0.8728365384E+00
    0.2779914836E+04    0.2640973786E+02   -0.9336994559E+00    0.8866563776E+00    0.5545976701E+00    0.5607960744E+00    0.8181305925E-01    0.8693649221E+00
    0.2787246035E+04    0.2641345232E+02   -0.9332519685E+00    0.8829749143E+00    0.5539877408E+00    0.5598103029E+00    0.7941076403E-01    0.8660032218E+00
    0.2794582036E+04    0.2641704702E+02   -0.9328148684E+00    0.8793424363E+00    0.5533945608E+00    0.5588516938E+00    0.7700478930E-01    0.8627436120E+00
    0.2801922835E+04    0.2642052962E+02   -0.9323851750E+00    0.8757561993E+00    0.5528151969E+00    0.5579304487E+00    0.7459192081E-01    0.8595692983E+00
    0.2809268423E+04    0.2642390484E+02   -0.9319612602E+00    0.8722280327E+00    0.5522476058E+00    0.5570539065E+00    0.7217379301E-01    0.8564782960E+00
    0.2816618796E+04    0.2642716972E+02   -0.9315437572E+00    0.8687776395E+00    0.5516915868E+00    0.5562257375E+00    0.6975337822E-01    0.8534885506E+00
    0.2823973947E+04    0.2643031742E+02   -0.9311340430E+00    0.8654165401E+00    0.5511475278E+00    0.5554484608E+00    0.6733051477E-01    0.8506134689E+00
    0.2831333869E+04    0.2643334676E+02   -0.9307333176E+00    0.8621415341E+00    0.5506156015E+00    0.5547186786E+00    0.6490333147E-01    0.8478546127E+00
    0.2838698557E+04    0.2643626566E+02   -0.9303428828E+00    0.8589342996E+00    0.5500961105E+00    0.5540286492E+00    0.6247161110E-01    0.8452152194E+00
    0.2846068004E+04    0.2643908257E+02   -0.9299637744E+00    0.8557882677E+00    0.5495893141E+00    0.5533713338E+00    0.6003584700E-01    0.8427002047E+00
    0.2853442205E+04    0.2644180075E+02   -0.9295966954E+00    0.8527200452E+00    0.5490951835E+00    0.5527488585E+00    0.5759699644E-01    0.8403124706E+00
    0.2860821153E+04    0.2644441609E+02   -0.9292429598E+00    0.8497501424E+00    0.5486140498E+00    0.5521663685E+00    0.5515955531E-01    0.8380542372E+00
    0.2868204842E+04    0.2644691989E+02   -0.9289043027E+00    0.8468826006E+00    0.5481466187E+00    0.5516147412E+00    0.5273005510E-01    0.8359257406E+00
    0.2875593266E+04    0.2644930601E+02   -0.9285819036E+00    0.8441126155E+00    0.5476936031E+00    0.5510780063E+00    0.5031049051E-01    0.8339261415E+00
    0.2882986420E+04    0.2645156812E+02   -0.9282771142E+00    0.8414548115E+00    0.5472566414E+00    0.5505439876E+00    0.4789487508E-01    0.8320526556E+00
    0.2890384296E+04    0.2645369897E+02   -0.9279921279E+00    0.8389308079E+00    0.5468390931E+00    0.5499930783E+00    0.4547352052E-01    0.8302984591E+00
    0.2897786890E+04    0.2645569117E+02   -0.9277285031E+00    0.8365365764E+00    0.5464452230E+00    0.5493989862E+00    0.4303922179E-01    0.8286526363E+00
    0.2905194194E+04    0.2645754462E+02   -0.9274850473E+00    0.8342515894E+00    0.5460781283E+00    0.5487580482E+00    0.4059022505E-01    0.8270953690E+00
    0.2912606204E+04    0.2645927023E+02   -0.9272568715E+00    0.8320776838E+00    0.5457372583E+00    0.5481063914E+00    0.3812973846E-01    0.8255968427E+00
    0.2920022913E+04    0.2646088679E+02   -0.9270371323E+00    0.8300248675E+00    0.5454181641E+00    0.5474873412E+00    0.3566409859E-01    0.8241398313E+00
    0.2927444315E+04    0.2646240188E+02   -0.9268188936E+00    0.8280935436E+00    0.5451148351E+00    0.5469011448E+00    0.3320197722E-01    0.8227337675E+00
    0.2934870404E+04    0.2646382210E+02   -0.9265938477E+00    0.8262667391E+00    0.5448205684E+00    0.5463268159E+00    0.3075200834E-01    0.8213987229E+00
    0.2942301175E+04    0.2646514617E+02   -0.9263509773E+00    0.8245512436E+00    0.5445272973E+00    0.5457467319E+00    0.2831469357E-01    0.8201469518E+00
    0.2949736622E+04    0.2646638638E+02   -0.9260773148E+00    0.8229649391E+00    0.5442263568E+00    0.5451474739E+00    0.2588479729E-01    0.8189698330E+00
    0.2957176738E+04    0.2646752858E+02   -0.9257594117E+00    0.8215599646E+00    0.5439111919E+00    0.5445044168E+00    0.2345436095E-01    0.8178428771E+00
    0.2964621518E+04    0.2646858342E+02   -0.9253821280E+00    0.8203337116E+00    0.5435752762E+00    0.5438392354E+00    0.2101216150E-01    0.8167427754E+00
    0.2972070957E+04    0.2646951384E+02   -0.9249258881E+00    0.8193277764E+00    0.5432098522E+00    0.5431400641E+00    0.1854205036E-01    0.8156510019E+00
    0.2979525047E+04    0.2647037443E+02   -0.9243638437E+00    0.8184543676E+00    0.5427999033E+00    0.5424425806E+00    0.1605019153E-01    0.8145445321E+00
    0.2986983784E+04    0.2647105926E+02   -0.9236629094E+00    0.8177146694E+00    0.5423369460E+00    0.5416163765E+00    0.1354713779E-01    0.8134104109E+00
    0.2994447162E+04    0.2647172831E+02   -0.9227687373E+00    0.8168727533E+00    0.5417984141E+00    0.5408125705E+00    0.1106732121E-01    0.8122375178E+00
    0.3001915175E+04    0.2647204731E+02   -0.9215939975E+00    0.8161423952E+00    0.5411792481E+00    0.5397071882E+00    0.8582918496E-02    0.8110019133E+00
    0.3009387817E+04    0.2647274648E+02   -0.9199566146E+00    0.8152013262E+00    0.5403620986E+00    0.5389534082E+00    0.6174079896E-02    0.8096217844E+00
    0.3016865083E+04    0.2647242830E+02   -0.9175157531E+00    0.8147494935E+00    0.5394240879E+00    0.5372588724E+00    0.3520841646E-02    0.8079428352E+00
    0.3024346967E+04    0.2647750170E+02   -0.9134982637E+00    0.8157847472E+00    0.5385328403E+00    0.5363965986E+00                 NaN    0.8059585343E+00
